date,time,lower,upper
2009-07-14,1,0.111,0.252
2009-07-14,2,0.141,0.285
2009-07-14,3,0.128,0.154
2009-07-14,4,0.104,0.197
2009-07-14,5,0.162,0.269
2009-07-14,6,0.109,0.294
2009-07-14,7,0.212,0.241
2009-07-14,8,0.266,0.604
2009-07-14,9,0.65,0.652
2009-07-14,10,0.29,0.371
2009-07-14,11,0.213,0.225
2009-07-14,12,1.385,2.248
2009-07-14,13,1.479,1.842
2009-07-14,14,0.689,2.423
2009-07-14,15,0.208,0.672
2009-07-14,16,0.303,0.372
2009-07-14,17,0.111,0.171
2009-07-14,18,0.474,0.669
2009-07-14,19,0.394,0.601
2009-07-14,20,0.326,0.355
2009-07-14,21,0.257,0.302
2009-07-14,22,0.34,0.379
2009-07-14,23,0.482,0.582
2009-07-14,24,0.229,0.352
2009-07-15,1,0.091,0.183
2009-07-15,2,0.152,0.157
2009-07-15,3,0.191,0.218
2009-07-15,4,0.092,0.146
2009-07-15,5,0.092,0.248
2009-07-15,6,0.29,0.346
2009-07-15,7,0.108,0.167
2009-07-15,8,0.218,0.551
2009-07-15,9,0.315,0.733
2009-07-15,10,0.198,0.334
2009-07-15,11,0.284,0.304
2009-07-15,12,0.305,0.514
2009-07-15,13,1.275,2.068
2009-07-15,14,0.594,0.637
2009-07-15,15,0.574,1.644
2009-07-15,16,0.784,1.348
2009-07-15,17,0.329,0.52
2009-07-15,18,0.857,0.861
2009-07-15,19,0.35,0.599
2009-07-15,20,0.279,0.468
2009-07-15,21,0.468,0.484
2009-07-15,22,0.211,0.418
2009-07-15,23,0.33,0.673
2009-07-15,24,0.326,0.414
2009-07-16,1,0.091,0.092
2009-07-16,2,0.134,0.191
2009-07-16,3,0.206,0.259
2009-07-16,4,0.094,0.113
2009-07-16,5,0.177,0.187
2009-07-16,6,0.172,0.337
2009-07-16,7,0.09,0.235
2009-07-16,8,0.334,2.943
2009-07-16,9,0.249,0.895
2009-07-16,10,0.189,0.218
2009-07-16,11,0.122,0.232
2009-07-16,12,0.09,0.142
2009-07-16,13,0.093,0.185
2009-07-16,14,0.18,0.183
2009-07-16,15,0.314,0.403
2009-07-16,16,0.123,0.239
2009-07-16,17,0.178,0.277
2009-07-16,18,0.217,0.435
2009-07-16,19,0.34,0.542
2009-07-16,20,0.195,0.24
2009-07-16,21,0.295,0.456
2009-07-16,22,0.446,0.516
2009-07-16,23,0.105,0.236
2009-07-16,24,0.262,0.282
2009-07-17,1,0.104,0.166
2009-07-17,2,0.106,0.174
2009-07-17,3,0.14,0.263
2009-07-17,4,0.11,0.16
2009-07-17,5,0.132,0.293
2009-07-17,6,0.24,0.3
2009-07-17,7,0.103,0.232
2009-07-17,8,0.18,0.212
2009-07-17,9,0.327,2.654
2009-07-17,10,0.229,0.311
2009-07-17,11,0.201,0.369
2009-07-17,12,0.099,0.121
2009-07-17,13,0.172,0.192
2009-07-17,14,0.295,0.389
2009-07-17,15,0.315,0.374
2009-07-17,16,0.224,0.237
2009-07-17,17,0.168,0.84
2009-07-17,18,0.438,1.278
2009-07-17,19,0.324,0.572
2009-07-17,20,0.209,0.236
2009-07-17,21,0.268,0.358
2009-07-17,22,0.344,0.456
2009-07-17,23,0.177,0.208
2009-07-17,24,0.133,0.188
2009-07-18,1,0.215,0.215
2009-07-18,2,0.207,0.207
2009-07-18,3,0.138,0.234
2009-07-18,4,0.151,0.263
2009-07-18,5,0.183,0.231
2009-07-18,6,0.221,0.355
2009-07-18,7,0.193,0.266
2009-07-18,8,0.11,0.18
2009-07-18,9,0.168,0.18
2009-07-18,10,0.31,1.302
2009-07-18,11,0.301,1.702
2009-07-18,12,0.306,1.61
2009-07-18,13,0.399,0.492
2009-07-18,14,0.225,0.63
2009-07-18,15,0.657,0.917
2009-07-18,16,0.242,0.382
2009-07-18,17,0.173,0.175
2009-07-18,18,0.222,0.371
2009-07-18,19,0.453,0.892
2009-07-18,20,0.123,0.187
2009-07-18,21,0.221,0.559
2009-07-18,22,0.441,0.878
2009-07-18,23,0.26,0.379
2009-07-18,24,0.473,0.48
2009-07-19,1,0.21,0.211
2009-07-19,2,0.132,0.179
2009-07-19,3,0.137,0.277
2009-07-19,4,0.114,0.119
2009-07-19,5,0.21,0.233
2009-07-19,6,0.185,0.36
2009-07-19,7,0.183,0.2
2009-07-19,8,0.25,0.27
2009-07-19,9,0.58,0.653
2009-07-19,10,0.476,0.961
2009-07-19,11,0.178,1.752
2009-07-19,12,0.189,0.196
2009-07-19,13,0.144,0.251
2009-07-19,14,0.106,0.162
2009-07-19,15,0.108,0.173
2009-07-19,16,0.195,0.239
2009-07-19,17,0.16,0.204
2009-07-19,18,0.123,0.138
2009-07-19,19,0.242,0.441
2009-07-19,20,0.103,0.168
2009-07-19,21,0.147,0.175
2009-07-19,22,0.196,0.222
2009-07-19,23,0.235,0.3
2009-07-19,24,0.298,0.329
2009-07-20,1,0.225,0.238
2009-07-20,2,0.236,0.308
2009-07-20,3,0.274,0.336
2009-07-20,4,0.199,0.257
2009-07-20,5,0.198,0.302
2009-07-20,6,0.357,0.435
2009-07-20,7,0.183,0.248
2009-07-20,8,0.267,0.358
2009-07-20,9,0.174,0.277
2009-07-20,10,0.19,0.256
2009-07-20,11,0.346,0.775
2009-07-20,12,0.104,0.198
2009-07-20,13,0.104,0.199
2009-07-20,14,0.175,0.28
2009-07-20,15,0.104,0.171
2009-07-20,16,0.183,0.204
2009-07-20,17,0.248,0.3
2009-07-20,18,0.105,0.194
2009-07-20,19,0.27,0.33
2009-07-20,20,0.152,0.19
2009-07-20,21,0.149,0.157
2009-07-20,22,0.206,0.29
2009-07-20,23,0.274,0.342
2009-07-20,24,0.237,0.256
2009-07-21,1,0.227,0.283
2009-07-21,2,0.194,0.243
2009-07-21,3,0.115,0.172
2009-07-21,4,0.181,0.297
2009-07-21,5,0.101,0.116
2009-07-21,6,0.17,0.373
2009-07-21,7,0.249,0.298
2009-07-21,8,0.098,0.133
2009-07-21,9,0.127,0.295
2009-07-21,10,0.099,0.216
2009-07-21,11,0.099,0.159
2009-07-21,12,0.142,0.256
2009-07-21,13,0.136,0.177
2009-07-21,14,0.099,0.122
2009-07-21,15,0.245,0.256
2009-07-21,16,0.121,0.135
2009-07-21,17,0.099,0.132
2009-07-21,18,0.194,0.258
2009-07-21,19,0.229,0.323
2009-07-21,20,0.119,0.2
2009-07-21,21,0.18,0.223
2009-07-21,22,0.13,0.233
2009-07-21,23,0.143,0.31
2009-07-21,24,0.316,0.496
2009-07-22,1,0.212,0.242
2009-07-22,2,0.186,0.21
2009-07-22,3,0.329,0.341
2009-07-22,4,0.183,0.205
2009-07-22,5,0.169,0.289
2009-07-22,6,0.226,0.311
2009-07-22,7,0.1,0.219
2009-07-22,8,0.15,1.31
2009-07-22,9,0.099,0.229
2009-07-22,10,0.123,0.201
2009-07-22,11,0.187,0.246
2009-07-22,12,0.139,0.14
2009-07-22,13,0.098,0.177
2009-07-22,14,0.175,0.283
2009-07-22,15,0.099,0.156
2009-07-22,16,0.214,0.225
2009-07-22,17,0.151,0.184
2009-07-22,18,0.111,0.142
2009-07-22,19,0.776,3.164
2009-07-22,20,0.185,0.342
2009-07-22,21,0.177,0.246
2009-07-22,22,0.276,1.298
2009-07-22,23,0.377,0.466
2009-07-22,24,0.17,0.26
2009-07-23,1,0.333,0.354
2009-07-23,2,0.173,0.176
2009-07-23,3,0.238,0.255
2009-07-23,4,0.261,0.313
2009-07-23,5,0.283,0.309
2009-07-23,6,0.279,0.529
2009-07-23,7,0.16,0.249
2009-07-23,8,0.103,0.136
2009-07-23,9,0.185,0.292
2009-07-23,10,0.101,0.253
2009-07-23,11,0.117,0.151
2009-07-23,12,0.189,0.201
2009-07-23,13,0.197,0.22
2009-07-23,14,0.116,0.156
2009-07-23,15,0.198,0.242
2009-07-23,16,0.096,0.112
2009-07-23,17,0.188,0.193
2009-07-23,18,0.187,0.22
2009-07-23,19,0.333,0.363
2009-07-23,20,0.182,0.292
2009-07-23,21,0.195,0.301
2009-07-23,22,0.199,0.264
2009-07-23,23,0.321,0.336
2009-07-23,24,0.202,0.246
2009-07-24,1,0.256,0.81
2009-07-24,2,0.321,0.334
2009-07-24,3,0.182,0.207
2009-07-24,4,0.223,0.319
2009-07-24,5,0.21,0.36
2009-07-24,6,0.178,0.415
2009-07-24,7,0.26,0.292
2009-07-24,8,0.252,0.27
2009-07-24,9,0.18,0.188
2009-07-24,10,0.309,0.359
2009-07-24,11,0.241,3.416
2009-07-24,12,0.138,0.22
2009-07-24,13,0.459,0.659
2009-07-24,14,0.267,0.268
2009-07-24,15,0.201,0.313
2009-07-24,16,0.195,0.278
2009-07-24,17,0.125,0.226
2009-07-24,18,0.194,0.242
2009-07-24,19,0.263,0.358
2009-07-24,20,0.126,0.159
2009-07-24,21,0.143,0.234
2009-07-24,22,0.096,0.142
2009-07-24,23,0.24,0.264
2009-07-24,24,0.148,0.166
2009-07-25,1,0.103,0.144
2009-07-25,2,0.218,0.222
2009-07-25,3,0.101,0.145
2009-07-25,4,0.263,0.392
2009-07-25,5,0.215,0.312
2009-07-25,6,0.258,0.393
2009-07-25,7,0.276,0.376
2009-07-25,8,0.182,0.293
2009-07-25,9,0.197,0.28
2009-07-25,10,0.161,0.274
2009-07-25,11,0.1,0.148
2009-07-25,12,0.172,0.205
2009-07-25,13,0.227,0.26
2009-07-25,14,0.191,0.196
2009-07-25,15,0.266,0.311
2009-07-25,16,0.373,0.568
2009-07-25,17,0.285,0.322
2009-07-25,18,0.42,0.722
2009-07-25,19,0.55,1.083
2009-07-25,20,0.458,0.653
2009-07-25,21,0.374,3.13
2009-07-25,22,0.362,0.955
2009-07-25,23,0.519,1.033
2009-07-25,24,0.421,0.751
2009-07-26,1,0.173,0.292
2009-07-26,2,0.177,0.292
2009-07-26,3,0.214,0.215
2009-07-26,4,0.279,0.302
2009-07-26,5,0.195,0.332
2009-07-26,6,0.153,0.361
2009-07-26,7,0.293,0.365
2009-07-26,8,0.129,0.199
2009-07-26,9,0.096,0.205
2009-07-26,10,0.223,0.233
2009-07-26,11,2.04,3.483
2009-07-26,12,0.189,0.567
2009-07-26,13,0.134,0.517
2009-07-26,14,0.101,0.295
2009-07-26,15,0.198,0.286
2009-07-26,16,0.095,0.1
2009-07-26,17,0.187,0.227
2009-07-26,18,0.19,0.27
2009-07-26,19,0.349,0.467
2009-07-26,20,0.813,1.487
2009-07-26,21,0.55,1.684
2009-07-26,22,0.315,0.371
2009-07-26,23,0.379,0.422
2009-07-26,24,0.262,1.102
2009-07-27,1,0.329,0.707
2009-07-27,2,0.227,0.262
2009-07-27,3,0.205,0.286
2009-07-27,4,0.283,0.296
2009-07-27,5,0.192,0.211
2009-07-27,6,0.305,0.547
2009-07-27,7,0.221,0.413
2009-07-27,8,0.133,0.136
2009-07-27,9,0.824,1.175
2009-07-27,10,0.862,2.264
2009-07-27,11,0.166,0.446
2009-07-27,12,1.134,1.197
2009-07-27,13,0.794,1.592
2009-07-27,14,0.28,1.137
2009-07-27,15,0.198,0.552
2009-07-27,16,0.202,0.224
2009-07-27,17,0.155,0.236
2009-07-27,18,0.155,0.253
2009-07-27,19,0.338,0.346
2009-07-27,20,0.16,0.217
2009-07-27,21,0.187,0.212
2009-07-27,22,0.13,0.387
2009-07-27,23,0.146,0.22
2009-07-27,24,0.135,0.227
2009-07-28,1,0.106,0.157
2009-07-28,2,0.162,0.297
2009-07-28,3,0.098,0.265
2009-07-28,4,0.101,0.166
2009-07-28,5,0.178,0.192
2009-07-28,6,0.265,0.399
2009-07-28,7,0.204,0.228
2009-07-28,8,0.265,0.294
2009-07-28,9,0.139,0.879
2009-07-28,10,0.134,0.192
2009-07-28,11,0.229,0.55
2009-07-28,12,0.248,0.396
2009-07-28,13,0.349,0.369
2009-07-28,14,0.283,0.979
2009-07-28,15,0.213,0.242
2009-07-28,16,0.234,0.327
2009-07-28,17,0.39,0.593
2009-07-28,18,1.14,1.36
2009-07-28,19,0.792,1.877
2009-07-28,20,0.833,1.385
2009-07-28,21,0.256,0.276
2009-07-28,22,0.242,0.438
2009-07-28,23,0.405,0.494
2009-07-28,24,0.182,0.45
2009-07-29,1,0.091,0.146
2009-07-29,2,0.22,0.284
2009-07-29,3,0.091,0.168
2009-07-29,4,0.096,0.151
2009-07-29,5,0.171,0.185
2009-07-29,6,0.191,0.302
2009-07-29,7,0.155,0.16
2009-07-29,8,0.223,0.237
2009-07-29,9,0.555,0.989
2009-07-29,10,0.313,0.728
2009-07-29,11,1.091,1.522
2009-07-29,12,0.996,1.278
2009-07-29,13,1.742,2.571
2009-07-29,14,0.199,1.454
2009-07-29,15,0.382,0.516
2009-07-29,16,0.224,0.334
2009-07-29,17,0.198,0.633
2009-07-29,18,0.465,0.505
2009-07-29,19,0.431,0.561
2009-07-29,20,0.27,0.304
2009-07-29,21,0.218,0.335
2009-07-29,22,0.281,0.607
2009-07-29,23,0.414,0.428
2009-07-29,24,0.459,2.441
2009-07-30,1,0.116,0.124
2009-07-30,2,0.218,0.244
2009-07-30,3,0.095,0.098
2009-07-30,4,0.138,0.233
2009-07-30,5,0.142,0.29
2009-07-30,6,0.113,0.304
2009-07-30,7,0.189,0.221
2009-07-30,8,0.169,0.197
2009-07-30,9,0.565,0.999
2009-07-30,10,0.287,0.323
2009-07-30,11,0.284,1.263
2009-07-30,12,0.284,1.018
2009-07-30,13,0.809,1.19
2009-07-30,14,0.182,0.256
2009-07-30,15,0.322,0.415
2009-07-30,16,0.27,0.52
2009-07-30,17,0.191,0.272
2009-07-30,18,0.898,1.374
2009-07-30,19,0.368,0.425
2009-07-30,20,0.27,0.275
2009-07-30,21,0.306,0.404
2009-07-30,22,0.208,0.6
2009-07-30,23,0.647,0.662
2009-07-30,24,0.523,0.65
2009-07-31,1,0.097,0.316
2009-07-31,2,0.192,0.275
2009-07-31,3,0.12,0.193
2009-07-31,4,0.093,0.203
2009-07-31,5,0.129,0.188
2009-07-31,6,0.133,0.388
2009-07-31,7,0.165,0.178
2009-07-31,8,0.175,0.211
2009-07-31,9,0.478,0.532
2009-07-31,10,0.245,0.584
2009-07-31,11,0.428,1.69
2009-07-31,12,0.381,1.448
2009-07-31,13,0.197,0.237
2009-07-31,14,0.31,0.502
2009-07-31,15,0.212,0.244
2009-07-31,16,0.159,0.616
2009-07-31,17,0.098,1.969
2009-07-31,18,0.919,1.352
2009-07-31,19,0.425,0.515
2009-07-31,20,0.174,0.179
2009-07-31,21,0.294,0.326
2009-07-31,22,0.201,0.552
2009-07-31,23,0.288,0.564
2009-07-31,24,0.443,0.479
2009-08-01,1,0.162,0.204
2009-08-01,2,0.187,0.204
2009-08-01,3,0.132,0.188
2009-08-01,4,0.093,0.156
2009-08-01,5,0.2,0.202
2009-08-01,6,0.15,0.339
2009-08-01,7,0.093,0.19
2009-08-01,8,0.143,0.266
2009-08-01,9,0.092,0.126
2009-08-01,10,0.885,1.533
2009-08-01,11,0.86,1.768
2009-08-01,12,0.251,0.527
2009-08-01,13,0.18,0.535
2009-08-01,14,0.233,0.482
2009-08-01,15,0.178,0.448
2009-08-01,16,0.262,0.375
2009-08-01,17,0.192,2.283
2009-08-01,18,1.408,2.725
2009-08-01,19,0.687,0.965
2009-08-01,20,0.494,1.856
2009-08-01,21,0.571,3.468
2009-08-01,22,0.596,0.892
2009-08-01,23,0.295,0.502
2009-08-01,24,0.332,0.471
2009-08-02,1,0.247,0.258
2009-08-02,2,0.18,0.198
2009-08-02,3,0.296,1.746
2009-08-02,4,0.836,1.149
2009-08-02,5,0.258,0.367
2009-08-02,6,0.271,0.518
2009-08-02,7,0.216,0.355
2009-08-02,8,0.241,0.253
2009-08-02,9,0.246,0.266
2009-08-02,10,0.758,0.809
2009-08-02,11,1.516,1.704
2009-08-02,12,1.359,2.584
2009-08-02,13,1.229,2.63
2009-08-02,14,0.732,1.125
2009-08-02,15,0.131,0.494
2009-08-02,16,0.092,0.124
2009-08-02,17,0.242,0.295
2009-08-02,18,0.217,0.712
2009-08-02,19,0.56,0.842
2009-08-02,20,0.381,0.714
2009-08-02,21,0.345,0.399
2009-08-02,22,0.458,0.741
2009-08-02,23,0.693,0.76
2009-08-02,24,0.378,0.497
2009-08-03,1,0.402,0.542
2009-08-03,2,0.759,0.848
2009-08-03,3,0.31,0.594
2009-08-03,4,0.288,0.374
2009-08-03,5,0.4,0.578
2009-08-03,6,0.309,0.495
2009-08-03,7,0.093,0.286
2009-08-03,8,0.103,0.153
2009-08-03,9,0.166,0.184
2009-08-03,10,0.569,1.568
2009-08-03,11,0.158,0.213
2009-08-03,12,0.551,2.385
2009-08-03,13,0.67,1.902
2009-08-03,14,0.491,1.436
2009-08-03,15,0.175,0.376
2009-08-03,16,0.405,1.159
2009-08-03,17,0.734,1.612
2009-08-03,18,0.546,2.123
2009-08-03,19,0.353,1.06
2009-08-03,20,0.414,4.376
2009-08-03,21,0.447,0.575
2009-08-03,22,0.382,0.442
2009-08-03,23,0.179,0.277
2009-08-03,24,0.114,0.162
2009-08-04,1,0.116,0.208
2009-08-04,2,0.117,0.211
2009-08-04,3,0.171,0.198
2009-08-04,4,0.153,0.194
2009-08-04,5,0.095,0.181
2009-08-04,6,0.111,0.374
2009-08-04,7,0.172,0.299
2009-08-04,8,0.106,1.324
2009-08-04,9,0.586,1.753
2009-08-04,10,0.645,2.451
2009-08-04,11,0.141,0.244
2009-08-04,12,0.432,2.043
2009-08-04,13,1.799,1.974
2009-08-04,14,1.208,2.163
2009-08-04,15,0.269,0.773
2009-08-04,16,0.181,0.429
2009-08-04,17,0.197,0.506
2009-08-04,18,0.809,1.481
2009-08-04,19,0.522,1.228
2009-08-04,20,0.3,0.356
2009-08-04,21,0.193,0.304
2009-08-04,22,0.226,0.528
2009-08-04,23,0.425,0.853
2009-08-04,24,0.406,0.412
2009-08-05,1,0.19,0.263
2009-08-05,2,0.275,0.297
2009-08-05,3,0.167,0.17
2009-08-05,4,0.24,0.282
2009-08-05,5,0.26,0.269
2009-08-05,6,0.285,0.364
2009-08-05,7,0.235,0.31
2009-08-05,8,0.257,0.293
2009-08-05,9,0.27,1.809
2009-08-05,10,0.219,0.307
2009-08-05,11,1.564,2.932
2009-08-05,12,2.526,2.628
2009-08-05,13,1.417,2.158
2009-08-05,14,0.785,2.378
2009-08-05,15,0.262,0.551
2009-08-05,16,0.273,0.276
2009-08-05,17,0.206,0.439
2009-08-05,18,0.307,0.641
2009-08-05,19,0.624,1.878
2009-08-05,20,0.192,0.364
2009-08-05,21,0.164,0.422
2009-08-05,22,0.394,0.898
2009-08-05,23,0.529,0.576
2009-08-05,24,0.358,0.464
2009-08-06,1,0.206,0.242
2009-08-06,2,0.206,0.324
2009-08-06,3,0.172,0.276
2009-08-06,4,0.265,0.274
2009-08-06,5,0.236,0.255
2009-08-06,6,0.186,0.368
2009-08-06,7,0.353,0.37
2009-08-06,8,0.249,0.564
2009-08-06,9,0.933,1.237
2009-08-06,10,0.305,0.329
2009-08-06,11,0.328,1.393
2009-08-06,12,0.362,0.406
2009-08-06,13,0.627,1.471
2009-08-06,14,1.916,3.566
2009-08-06,15,0.452,0.453
2009-08-06,16,0.271,0.304
2009-08-06,17,0.362,2.954
2009-08-06,18,0.634,1.191
2009-08-06,19,0.49,1.206
2009-08-06,20,1.584,2.29
2009-08-06,21,0.569,0.672
2009-08-06,22,0.629,0.694
2009-08-06,23,0.697,0.835
2009-08-06,24,0.167,0.433
2009-08-07,1,0.27,0.336
2009-08-07,2,0.17,0.243
2009-08-07,3,0.255,0.27
2009-08-07,4,0.287,0.419
2009-08-07,5,0.199,0.275
2009-08-07,6,0.178,0.583
2009-08-07,7,0.161,0.511
2009-08-07,8,0.528,0.719
2009-08-07,9,3.011,3.445
2009-08-07,10,0.262,1.164
2009-08-07,11,0.11,0.201
2009-08-07,12,0.194,0.3
2009-08-07,13,0.11,0.526
2009-08-07,14,0.301,0.31
2009-08-07,15,0.154,0.216
2009-08-07,16,0.13,0.154
2009-08-07,17,0.277,0.31
2009-08-07,18,0.108,0.41
2009-08-07,19,0.421,0.503
2009-08-07,20,0.235,0.374
2009-08-07,21,0.208,0.642
2009-08-07,22,0.355,0.393
2009-08-07,23,0.581,0.622
2009-08-07,24,0.47,0.575
2009-08-08,1,0.435,0.49
2009-08-08,2,0.27,0.522
2009-08-08,3,0.201,0.247
2009-08-08,4,0.092,0.099
2009-08-08,5,0.201,0.249
2009-08-08,6,0.193,0.325
2009-08-08,7,0.094,0.237
2009-08-08,8,0.126,0.288
2009-08-08,9,0.193,2.878
2009-08-08,10,1.237,3.965
2009-08-08,11,0.586,1.83
2009-08-08,12,0.507,2.182
2009-08-08,13,0.304,0.6
2009-08-08,14,1.169,3.046
2009-08-08,15,1.097,2.237
2009-08-08,16,0.629,2.108
2009-08-08,17,0.833,1.993
2009-08-08,18,0.333,1.247
2009-08-08,19,0.919,2.674
2009-08-08,20,0.319,2.084
2009-08-08,21,0.237,0.451
2009-08-08,22,0.221,0.409
2009-08-08,23,0.826,0.854
2009-08-08,24,0.429,0.626
2009-08-09,1,0.344,0.471
2009-08-09,2,0.263,0.375
2009-08-09,3,0.188,0.216
2009-08-09,4,0.096,0.11
2009-08-09,5,0.171,0.291
2009-08-09,6,0.216,0.304
2009-08-09,7,0.093,0.225
2009-08-09,8,0.145,0.286
2009-08-09,9,0.108,0.19
2009-08-09,10,0.239,0.625
2009-08-09,11,1.087,2.033
2009-08-09,12,1.015,1.328
2009-08-09,13,1.589,1.861
2009-08-09,14,0.257,1.006
2009-08-09,15,0.207,0.598
2009-08-09,16,0.401,0.464
2009-08-09,17,0.263,0.7
2009-08-09,18,0.3,0.371
2009-08-09,19,0.3,0.481
2009-08-09,20,0.186,0.469
2009-08-09,21,0.35,0.742
2009-08-09,22,0.282,0.429
2009-08-09,23,0.301,0.398
2009-08-09,24,0.288,0.344
2009-08-10,1,0.095,0.194
2009-08-10,2,0.143,0.22
2009-08-10,3,0.135,0.267
2009-08-10,4,0.095,0.158
2009-08-10,5,0.157,0.189
2009-08-10,6,0.214,0.356
2009-08-10,7,0.09,0.222
2009-08-10,8,0.202,0.553
2009-08-10,9,0.496,0.547
2009-08-10,10,0.386,1.684
2009-08-10,11,0.283,1.638
2009-08-10,12,0.137,0.189
2009-08-10,13,0.516,1.329
2009-08-10,14,0.476,0.891
2009-08-10,15,0.153,0.189
2009-08-10,16,0.128,0.134
2009-08-10,17,0.296,0.854
2009-08-10,18,1.161,1.199
2009-08-10,19,0.438,0.688
2009-08-10,20,0.448,0.466
2009-08-10,21,0.201,0.333
2009-08-10,22,0.16,0.901
2009-08-10,23,0.668,2.062
2009-08-10,24,0.289,0.374
2009-08-11,1,0.172,0.223
2009-08-11,2,0.268,0.285
2009-08-11,3,0.229,0.242
2009-08-11,4,0.184,0.238
2009-08-11,5,0.261,0.289
2009-08-11,6,0.225,0.33
2009-08-11,7,0.232,0.237
2009-08-11,8,0.251,1.074
2009-08-11,9,0.55,0.555
2009-08-11,10,0.265,0.893
2009-08-11,11,0.131,1.425
2009-08-11,12,0.089,0.123
2009-08-11,13,0.233,1.783
2009-08-11,14,0.394,2.022
2009-08-11,15,0.318,1.266
2009-08-11,16,0.299,0.401
2009-08-11,17,0.336,0.383
2009-08-11,18,1.098,1.848
2009-08-11,19,0.377,0.99
2009-08-11,20,0.379,0.573
2009-08-11,21,0.293,0.329
2009-08-11,22,0.421,0.714
2009-08-11,23,0.464,0.499
2009-08-11,24,0.305,0.786
2009-08-12,1,0.171,0.236
2009-08-12,2,0.203,0.333
2009-08-12,3,0.171,0.249
2009-08-12,4,0.291,0.364
2009-08-12,5,0.274,0.326
2009-08-12,6,0.276,0.411
2009-08-12,7,0.307,0.309
2009-08-12,8,0.19,0.904
2009-08-12,9,0.594,1.931
2009-08-12,10,1.623,1.835
2009-08-12,11,0.219,0.428
2009-08-12,12,0.239,0.248
2009-08-12,13,0.705,2.851
2009-08-12,14,1.271,1.687
2009-08-12,15,0.207,0.272
2009-08-12,16,0.208,0.274
2009-08-12,17,0.275,0.427
2009-08-12,18,0.651,1.578
2009-08-12,19,0.504,0.845
2009-08-12,20,0.303,0.471
2009-08-12,21,0.26,0.323
2009-08-12,22,0.305,0.518
2009-08-12,23,0.305,0.328
2009-08-12,24,0.666,1.674
2009-08-13,1,0.186,0.232
2009-08-13,2,0.193,0.195
2009-08-13,3,0.105,0.171
2009-08-13,4,0.112,0.214
2009-08-13,5,0.098,0.13
2009-08-13,6,0.271,0.487
2009-08-13,7,0.136,0.295
2009-08-13,8,0.192,0.937
2009-08-13,9,1.029,1.23
2009-08-13,10,0.348,0.864
2009-08-13,11,0.79,2.151
2009-08-13,12,1.051,1.131
2009-08-13,13,1.458,2.391
2009-08-13,14,1.155,1.959
2009-08-13,15,0.329,0.582
2009-08-13,16,0.279,0.299
2009-08-13,17,0.307,0.33
2009-08-13,18,0.748,2.287
2009-08-13,19,0.463,0.784
2009-08-13,20,0.283,0.622
2009-08-13,21,0.25,0.358
2009-08-13,22,0.337,0.536
2009-08-13,23,0.581,0.783
2009-08-13,24,0.167,0.349
2009-08-14,1,0.162,0.275
2009-08-14,2,0.091,0.166
2009-08-14,3,0.169,0.19
2009-08-14,4,0.19,0.194
2009-08-14,5,0.091,0.144
2009-08-14,6,0.206,0.444
2009-08-14,7,0.089,0.168
2009-08-14,8,0.152,0.182
2009-08-14,9,0.836,0.852
2009-08-14,10,0.088,0.568
2009-08-14,11,0.089,0.214
2009-08-14,12,0.18,0.401
2009-08-14,13,0.633,1.84
2009-08-14,14,0.283,1.418
2009-08-14,15,0.129,0.185
2009-08-14,16,0.229,0.372
2009-08-14,17,0.168,0.187
2009-08-14,18,0.284,0.718
2009-08-14,19,0.348,0.419
2009-08-14,20,0.373,1.264
2009-08-14,21,0.641,1.378
2009-08-14,22,0.546,0.705
2009-08-14,23,0.46,0.613
2009-08-14,24,0.633,0.745
2009-08-15,1,0.292,0.563
2009-08-15,2,0.17,0.17
2009-08-15,3,0.276,0.296
2009-08-15,4,0.186,0.2
2009-08-15,5,0.269,0.273
2009-08-15,6,0.348,0.459
2009-08-15,7,0.219,0.265
2009-08-15,8,0.167,0.211
2009-08-15,9,0.351,1.599
2009-08-15,10,0.281,0.971
2009-08-15,11,0.789,0.996
2009-08-15,12,0.551,2.761
2009-08-15,13,0.326,0.398
2009-08-15,14,1.112,3.457
2009-08-15,15,0.522,1.446
2009-08-15,16,0.278,0.713
2009-08-15,17,0.482,0.514
2009-08-15,18,0.403,0.454
2009-08-15,19,0.242,0.467
2009-08-15,20,0.264,0.745
2009-08-15,21,0.333,0.539
2009-08-15,22,0.356,0.553
2009-08-15,23,0.177,0.21
2009-08-15,24,0.106,0.205
2009-08-16,1,0.236,0.248
2009-08-16,2,0.127,0.202
2009-08-16,3,0.121,0.137
2009-08-16,4,0.177,0.27
2009-08-16,5,0.128,0.169
2009-08-16,6,0.124,0.334
2009-08-16,7,0.557,1.371
2009-08-16,8,0.151,0.29
2009-08-16,9,0.098,0.206
2009-08-16,10,0.21,0.217
2009-08-16,11,0.107,0.168
2009-08-16,12,0.385,3.973
2009-08-16,13,0.158,0.323
2009-08-16,14,0.177,0.195
2009-08-16,15,0.119,0.22
2009-08-16,16,0.781,1.675
2009-08-16,17,0.234,0.239
2009-08-16,18,0.439,0.469
2009-08-16,19,0.243,0.495
2009-08-16,20,0.239,0.285
2009-08-16,21,0.459,0.578
2009-08-16,22,0.232,0.431
2009-08-16,23,0.21,0.239
2009-08-16,24,0.231,0.287
2009-08-17,1,0.093,0.151
2009-08-17,2,0.121,0.123
2009-08-17,3,0.188,0.266
2009-08-17,4,0.139,0.194
2009-08-17,5,0.092,0.152
2009-08-17,6,0.222,0.35
2009-08-17,7,0.15,0.185
2009-08-17,8,0.11,0.821
2009-08-17,9,0.667,2.422
2009-08-17,10,1.359,1.467
2009-08-17,11,0.313,0.35
2009-08-17,12,0.294,0.521
2009-08-17,13,0.209,0.231
2009-08-17,14,0.293,1.483
2009-08-17,15,0.275,0.409
2009-08-17,16,0.238,0.348
2009-08-17,17,0.263,0.401
2009-08-17,18,0.369,0.94
2009-08-17,19,0.483,1.428
2009-08-17,20,0.301,0.326
2009-08-17,21,0.295,0.423
2009-08-17,22,0.275,0.333
2009-08-17,23,0.269,0.406
2009-08-17,24,0.165,0.279
2009-08-18,1,0.164,0.197
2009-08-18,2,0.208,0.292
2009-08-18,3,0.108,0.126
2009-08-18,4,0.098,0.174
2009-08-18,5,0.186,0.233
2009-08-18,6,0.111,0.283
2009-08-18,7,0.151,0.204
2009-08-18,8,0.12,0.225
2009-08-18,9,0.217,1.142
2009-08-18,10,0.329,0.357
2009-08-18,11,0.338,0.358
2009-08-18,12,0.24,0.541
2009-08-18,13,0.345,0.346
2009-08-18,14,0.25,0.347
2009-08-18,15,0.332,0.414
2009-08-18,16,0.267,0.296
2009-08-18,17,0.251,0.283
2009-08-18,18,0.235,2.386
2009-08-18,19,3.658,3.804
2009-08-18,20,0.31,0.673
2009-08-18,21,0.221,0.222
2009-08-18,22,0.343,0.873
2009-08-18,23,0.149,0.9
2009-08-18,24,0.149,0.264
2009-08-19,1,0.113,0.12
2009-08-19,2,0.108,0.205
2009-08-19,3,0.18,0.188
2009-08-19,4,0.09,0.14
2009-08-19,5,0.127,0.285
2009-08-19,6,0.283,0.493
2009-08-19,7,0.246,0.25
2009-08-19,8,0.254,0.477
2009-08-19,9,0.309,1.072
2009-08-19,10,0.285,0.307
2009-08-19,11,0.308,0.343
2009-08-19,12,0.281,0.323
2009-08-19,13,0.333,0.486
2009-08-19,14,0.364,0.367
2009-08-19,15,0.31,0.468
2009-08-19,16,0.309,0.337
2009-08-19,17,0.283,0.336
2009-08-19,18,0.255,0.304
2009-08-19,19,0.43,1.019
2009-08-19,20,0.306,0.811
2009-08-19,21,0.232,0.32
2009-08-19,22,0.438,0.545
2009-08-19,23,0.397,0.417
2009-08-19,24,0.268,0.316
2009-08-20,1,0.214,0.384
2009-08-20,2,0.134,0.264
2009-08-20,3,0.113,0.118
2009-08-20,4,0.106,0.289
2009-08-20,5,0.136,0.285
2009-08-20,6,0.113,0.329
2009-08-20,7,0.151,0.226
2009-08-20,8,0.18,0.24
2009-08-20,9,1.163,1.72
2009-08-20,10,0.613,1.501
2009-08-20,11,0.345,0.369
2009-08-20,12,0.334,0.341
2009-08-20,13,0.381,0.757
2009-08-20,14,0.256,0.309
2009-08-20,15,0.302,0.356
2009-08-20,16,0.351,0.381
2009-08-20,17,0.311,2.411
2009-08-20,18,2.028,2.558
2009-08-20,19,0.336,0.617
2009-08-20,20,0.24,0.307
2009-08-20,21,0.266,0.286
2009-08-20,22,0.419,0.895
2009-08-20,23,0.276,0.493
2009-08-20,24,0.168,0.197
2009-08-21,1,0.162,0.252
2009-08-21,2,0.13,0.22
2009-08-21,3,0.097,0.14
2009-08-21,4,0.187,0.218
2009-08-21,5,0.092,0.162
2009-08-21,6,0.125,0.319
2009-08-21,7,0.25,0.314
2009-08-21,8,0.089,0.145
2009-08-21,9,0.322,1.103
2009-08-21,10,0.208,0.323
2009-08-21,11,0.097,0.114
2009-08-21,12,0.388,0.389
2009-08-21,13,0.306,0.441
2009-08-21,14,0.233,0.461
2009-08-21,15,2.053,2.235
2009-08-21,16,0.34,0.478
2009-08-21,17,0.329,0.345
2009-08-21,18,0.327,0.458
2009-08-21,19,0.44,0.509
2009-08-21,20,0.378,0.382
2009-08-21,21,0.379,0.383
2009-08-21,22,0.421,0.847
2009-08-21,23,0.661,0.85
2009-08-21,24,0.425,0.891
2009-08-22,1,0.326,0.442
2009-08-22,2,0.233,1.504
2009-08-22,3,0.197,0.245
2009-08-22,4,0.092,0.131
2009-08-22,5,0.165,0.221
2009-08-22,6,0.148,0.34
2009-08-22,7,0.092,0.232
2009-08-22,8,0.186,0.212
2009-08-22,9,0.091,0.139
2009-08-22,10,0.505,1.142
2009-08-22,11,1.365,3.593
2009-08-22,12,0.225,2.402
2009-08-22,13,0.177,0.507
2009-08-22,14,0.33,1.066
2009-08-22,15,0.267,0.475
2009-08-22,16,0.241,1.697
2009-08-22,17,0.713,0.896
2009-08-22,18,0.382,0.408
2009-08-22,19,0.281,0.572
2009-08-22,20,0.28,0.387
2009-08-22,21,0.136,0.678
2009-08-22,22,0.725,1.443
2009-08-22,23,0.543,0.665
2009-08-22,24,0.486,1.075
2009-08-23,1,0.44,0.445
2009-08-23,2,0.243,0.369
2009-08-23,3,0.138,0.204
2009-08-23,4,0.132,0.196
2009-08-23,5,0.116,0.151
2009-08-23,6,0.146,0.421
2009-08-23,7,0.133,0.223
2009-08-23,8,0.091,0.136
2009-08-23,9,0.184,0.195
2009-08-23,10,0.629,0.948
2009-08-23,11,0.273,0.275
2009-08-23,12,1.875,2.794
2009-08-23,13,1.713,1.732
2009-08-23,14,0.406,1.055
2009-08-23,15,0.228,0.369
2009-08-23,16,0.178,0.425
2009-08-23,17,0.256,0.41
2009-08-23,18,0.3,0.335
2009-08-23,19,0.144,0.371
2009-08-23,20,0.153,0.195
2009-08-23,21,0.725,2.321
2009-08-23,22,0.328,0.996
2009-08-23,23,0.524,0.661
2009-08-23,24,0.372,1.271
2009-08-24,1,0.232,0.254
2009-08-24,2,0.11,0.263
2009-08-24,3,0.112,0.197
2009-08-24,4,0.198,0.21
2009-08-24,5,0.138,0.202
2009-08-24,6,0.108,0.283
2009-08-24,7,0.233,0.272
2009-08-24,8,0.107,0.154
2009-08-24,9,0.276,1.995
2009-08-24,10,1.435,2.317
2009-08-24,11,0.409,1.438
2009-08-24,12,0.195,0.209
2009-08-24,13,0.607,1.566
2009-08-24,14,0.558,1.123
2009-08-24,15,0.238,0.239
2009-08-24,16,0.426,0.552
2009-08-24,17,0.43,0.465
2009-08-24,18,1.02,1.328
2009-08-24,19,0.418,0.947
2009-08-24,20,0.371,0.459
2009-08-24,21,0.184,0.255
2009-08-24,22,0.396,0.695
2009-08-24,23,0.735,2.805
2009-08-24,24,0.164,0.892
2009-08-25,1,0.091,0.091
2009-08-25,2,0.222,0.258
2009-08-25,3,0.102,0.118
2009-08-25,4,0.09,0.149
2009-08-25,5,0.268,0.278
2009-08-25,6,0.135,0.325
2009-08-25,7,0.207,0.221
2009-08-25,8,0.208,0.964
2009-08-25,9,0.136,0.418
2009-08-25,10,0.152,0.192
2009-08-25,11,0.219,0.286
2009-08-25,12,0.127,0.197
2009-08-25,13,1.295,1.544
2009-08-25,14,0.347,0.621
2009-08-25,15,0.124,0.125
2009-08-25,16,0.145,0.187
2009-08-25,17,0.478,0.934
2009-08-25,18,0.677,1.142
2009-08-25,19,0.529,0.61
2009-08-25,20,0.228,0.375
2009-08-25,21,0.189,0.292
2009-08-25,22,0.62,1.0
2009-08-25,23,0.467,0.556
2009-08-25,24,0.453,1.815
2009-08-26,1,0.168,0.181
2009-08-26,2,0.177,0.184
2009-08-26,3,0.118,0.187
2009-08-26,4,0.155,0.205
2009-08-26,5,0.091,0.182
2009-08-26,6,0.104,0.371
2009-08-26,7,0.181,0.214
2009-08-26,8,0.154,0.214
2009-08-26,9,0.858,0.963
2009-08-26,10,0.563,0.647
2009-08-26,11,0.236,0.327
2009-08-26,12,0.172,0.455
2009-08-26,13,0.355,0.552
2009-08-26,14,0.98,1.651
2009-08-26,15,1.302,1.354
2009-08-26,16,0.897,1.18
2009-08-26,17,0.173,0.611
2009-08-26,18,0.688,0.701
2009-08-26,19,0.201,0.799
2009-08-26,20,0.208,0.214
2009-08-26,21,0.213,0.555
2009-08-26,22,0.491,0.69
2009-08-26,23,0.415,0.457
2009-08-26,24,0.333,1.626
2009-08-27,1,0.131,0.137
2009-08-27,2,0.107,0.216
2009-08-27,3,0.095,0.173
2009-08-27,4,0.131,0.173
2009-08-27,5,0.194,0.207
2009-08-27,6,0.194,0.302
2009-08-27,7,0.119,0.17
2009-08-27,8,0.108,0.79
2009-08-27,9,0.272,0.642
2009-08-27,10,0.172,0.173
2009-08-27,11,0.231,0.496
2009-08-27,12,0.631,0.707
2009-08-27,13,0.464,1.263
2009-08-27,14,0.542,1.102
2009-08-27,15,0.365,0.761
2009-08-27,16,0.255,0.423
2009-08-27,17,0.204,0.415
2009-08-27,18,1.168,2.616
2009-08-27,19,0.712,0.981
2009-08-27,20,0.427,0.473
2009-08-27,21,0.399,1.867
2009-08-27,22,0.303,0.486
2009-08-27,23,0.388,0.508
2009-08-27,24,0.13,0.211
2009-08-28,1,0.122,0.18
2009-08-28,2,0.155,0.264
2009-08-28,3,0.103,0.181
2009-08-28,4,0.154,0.192
2009-08-28,5,0.138,0.243
2009-08-28,6,0.145,0.325
2009-08-28,7,0.191,0.196
2009-08-28,8,0.204,0.205
2009-08-28,9,0.688,1.182
2009-08-28,10,0.207,0.223
2009-08-28,11,0.102,0.196
2009-08-28,12,0.171,0.372
2009-08-28,13,0.269,0.388
2009-08-28,14,0.298,0.465
2009-08-28,15,0.351,0.373
2009-08-28,16,0.362,0.431
2009-08-28,17,0.171,0.225
2009-08-28,18,0.215,0.361
2009-08-28,19,0.766,0.792
2009-08-28,20,0.879,1.808
2009-08-28,21,1.262,4.54
2009-08-28,22,1.518,2.342
2009-08-28,23,0.847,0.984
2009-08-28,24,0.7,0.835
2009-08-29,1,0.293,0.551
2009-08-29,2,0.267,0.37
2009-08-29,3,0.18,0.346
2009-08-29,4,0.208,0.226
2009-08-29,5,0.198,0.315
2009-08-29,6,0.312,0.424
2009-08-29,7,0.181,0.245
2009-08-29,8,0.269,0.271
2009-08-29,9,1.734,4.576
2009-08-29,10,0.306,0.396
2009-08-29,11,2.413,4.179
2009-08-29,12,1.898,3.187
2009-08-29,13,1.157,1.407
2009-08-29,14,0.242,0.31
2009-08-29,15,0.286,0.618
2009-08-29,16,0.219,0.312
2009-08-29,17,0.212,0.224
2009-08-29,18,0.182,0.322
2009-08-29,19,0.319,0.591
2009-08-29,20,0.246,0.275
2009-08-29,21,0.44,0.989
2009-08-29,22,0.356,0.554
2009-08-29,23,0.167,0.278
2009-08-29,24,0.168,0.266
2009-08-30,1,0.238,0.261
2009-08-30,2,0.218,0.61
2009-08-30,3,0.225,0.493
2009-08-30,4,0.094,0.195
2009-08-30,5,0.139,0.176
2009-08-30,6,0.215,0.554
2009-08-30,7,0.181,0.278
2009-08-30,8,0.092,0.118
2009-08-30,9,0.112,0.182
2009-08-30,10,0.268,0.989
2009-08-30,11,1.511,3.046
2009-08-30,12,0.891,1.135
2009-08-30,13,1.284,1.691
2009-08-30,14,0.323,0.942
2009-08-30,15,0.528,2.199
2009-08-30,16,0.212,1.738
2009-08-30,17,0.2,0.232
2009-08-30,18,0.22,0.412
2009-08-30,19,0.524,0.667
2009-08-30,20,0.335,0.554
2009-08-30,21,0.284,0.328
2009-08-30,22,0.469,0.697
2009-08-30,23,0.451,0.517
2009-08-30,24,0.546,0.562
2009-08-31,1,0.233,0.416
2009-08-31,2,0.129,0.182
2009-08-31,3,0.1,0.254
2009-08-31,4,0.091,0.12
2009-08-31,5,0.192,0.21
2009-08-31,6,0.178,0.285
2009-08-31,7,0.114,0.218
2009-08-31,8,0.192,0.249
2009-08-31,9,0.62,0.65
2009-08-31,10,0.157,0.176
2009-08-31,11,0.347,0.394
2009-08-31,12,0.253,0.289
2009-08-31,13,0.822,1.387
2009-08-31,14,0.47,1.306
2009-08-31,15,0.214,0.537
2009-08-31,16,0.175,0.218
2009-08-31,17,0.165,0.289
2009-08-31,18,0.792,1.798
2009-08-31,19,0.366,0.566
2009-08-31,20,0.448,0.661
2009-08-31,21,0.256,0.268
2009-08-31,22,0.999,2.127
2009-08-31,23,0.195,0.585
2009-08-31,24,0.149,0.191
2009-09-01,1,0.126,0.241
2009-09-01,2,0.09,0.147
2009-09-01,3,0.136,0.158
2009-09-01,4,0.181,0.184
2009-09-01,5,0.115,0.185
2009-09-01,6,0.182,0.315
2009-09-01,7,0.179,0.297
2009-09-01,8,0.113,0.286
2009-09-01,9,1.022,1.842
2009-09-01,10,0.384,1.668
2009-09-01,11,0.541,1.125
2009-09-01,12,0.293,0.365
2009-09-01,13,1.001,1.843
2009-09-01,14,0.555,1.025
2009-09-01,15,0.184,0.265
2009-09-01,16,0.231,0.326
2009-09-01,17,0.207,0.577
2009-09-01,18,1.131,1.236
2009-09-01,19,0.371,0.659
2009-09-01,20,0.394,0.452
2009-09-01,21,0.383,0.708
2009-09-01,22,0.516,0.573
2009-09-01,23,0.411,0.448
2009-09-01,24,0.119,0.263
2009-09-02,1,0.097,0.193
2009-09-02,2,0.174,0.188
2009-09-02,3,0.114,0.214
2009-09-02,4,0.091,0.091
2009-09-02,5,0.197,0.228
2009-09-02,6,0.154,0.284
2009-09-02,7,0.185,0.232
2009-09-02,8,0.152,0.673
2009-09-02,9,0.1,0.599
2009-09-02,10,0.174,0.348
2009-09-02,11,0.278,0.326
2009-09-02,12,0.531,0.731
2009-09-02,13,0.612,3.031
2009-09-02,14,0.573,1.175
2009-09-02,15,0.313,0.485
2009-09-02,16,0.248,0.378
2009-09-02,17,0.235,0.237
2009-09-02,18,1.174,1.406
2009-09-02,19,0.352,0.889
2009-09-02,20,0.391,0.433
2009-09-02,21,0.418,0.948
2009-09-02,22,0.744,3.306
2009-09-02,23,0.443,0.792
2009-09-02,24,0.358,0.744
2009-09-03,1,0.109,0.231
2009-09-03,2,0.194,0.196
2009-09-03,3,0.153,0.275
2009-09-03,4,0.117,0.138
2009-09-03,5,0.09,0.159
2009-09-03,6,0.245,0.385
2009-09-03,7,0.087,0.153
2009-09-03,8,0.158,0.389
2009-09-03,9,0.741,0.999
2009-09-03,10,0.957,1.633
2009-09-03,11,0.47,1.502
2009-09-03,12,0.26,0.274
2009-09-03,13,0.449,0.89
2009-09-03,14,0.566,1.277
2009-09-03,15,0.45,3.149
2009-09-03,16,0.096,0.473
2009-09-03,17,0.21,0.219
2009-09-03,18,0.252,0.322
2009-09-03,19,0.215,0.402
2009-09-03,20,0.226,0.248
2009-09-03,21,0.118,0.141
2009-09-03,22,0.126,0.584
2009-09-03,23,0.456,0.463
2009-09-03,24,0.199,0.395
2009-09-04,1,0.1,0.232
2009-09-04,2,0.188,0.209
2009-09-04,3,0.102,0.165
2009-09-04,4,0.11,0.265
2009-09-04,5,0.102,0.177
2009-09-04,6,0.199,0.332
2009-09-04,7,0.161,0.28
2009-09-04,8,0.325,0.85
2009-09-04,9,0.22,1.134
2009-09-04,10,0.299,0.364
2009-09-04,11,0.206,0.269
2009-09-04,12,0.209,0.289
2009-09-04,13,0.203,0.403
2009-09-04,14,0.386,0.595
2009-09-04,15,0.194,0.287
2009-09-04,16,0.162,0.327
2009-09-04,17,0.129,0.212
2009-09-04,18,0.163,0.577
2009-09-04,19,0.104,0.525
2009-09-04,20,0.224,0.327
2009-09-04,21,0.638,0.665
2009-09-04,22,0.557,0.679
2009-09-04,23,0.643,0.647
2009-09-04,24,0.572,0.702
2009-09-05,1,0.409,0.425
2009-09-05,2,0.329,0.332
2009-09-05,3,0.253,0.375
2009-09-05,4,0.099,0.099
2009-09-05,5,0.118,0.19
2009-09-05,6,0.313,0.56
2009-09-05,7,0.168,0.273
2009-09-05,8,0.199,0.206
2009-09-05,9,0.197,1.206
2009-09-05,10,1.16,2.093
2009-09-05,11,0.288,0.456
2009-09-05,12,0.253,0.261
2009-09-05,13,0.213,0.337
2009-09-05,14,0.702,0.824
2009-09-05,15,0.333,0.476
2009-09-05,16,0.172,0.211
2009-09-05,17,0.184,0.241
2009-09-05,18,0.306,0.524
2009-09-05,19,0.583,2.312
2009-09-05,20,0.31,0.387
2009-09-05,21,0.549,1.373
2009-09-05,22,0.45,0.899
2009-09-05,23,0.516,0.626
2009-09-05,24,0.444,0.466
2009-09-06,1,0.209,0.321
2009-09-06,2,0.101,0.201
2009-09-06,3,0.137,0.203
2009-09-06,4,0.122,0.163
2009-09-06,5,0.105,0.2
2009-09-06,6,0.215,0.443
2009-09-06,7,0.107,0.226
2009-09-06,8,0.126,0.157
2009-09-06,9,0.196,0.227
2009-09-06,10,0.836,2.163
2009-09-06,11,1.577,2.409
2009-09-06,12,1.154,1.256
2009-09-06,13,1.425,1.928
2009-09-06,14,0.374,0.938
2009-09-06,15,0.807,1.589
2009-09-06,16,0.173,1.174
2009-09-06,17,0.604,0.905
2009-09-06,18,0.245,0.325
2009-09-06,19,0.216,0.568
2009-09-06,20,0.356,0.366
2009-09-06,21,0.224,1.29
2009-09-06,22,0.56,1.499
2009-09-06,23,0.518,0.564
2009-09-06,24,0.419,0.495
2009-09-07,1,0.216,0.357
2009-09-07,2,0.127,0.213
2009-09-07,3,0.121,0.133
2009-09-07,4,0.097,0.155
2009-09-07,5,0.134,0.279
2009-09-07,6,0.106,0.329
2009-09-07,7,0.151,0.195
2009-09-07,8,0.279,0.402
2009-09-07,9,0.704,1.021
2009-09-07,10,0.516,0.769
2009-09-07,11,0.362,0.524
2009-09-07,12,0.283,0.292
2009-09-07,13,0.477,1.481
2009-09-07,14,0.559,0.878
2009-09-07,15,0.182,0.189
2009-09-07,16,0.097,0.949
2009-09-07,17,0.096,0.383
2009-09-07,18,1.154,1.38
2009-09-07,19,0.262,0.908
2009-09-07,20,0.283,0.4
2009-09-07,21,0.308,0.349
2009-09-07,22,0.384,2.711
2009-09-07,23,0.576,0.588
2009-09-07,24,0.412,0.498
2009-09-08,1,0.2,0.25
2009-09-08,2,0.183,0.248
2009-09-08,3,0.115,0.236
2009-09-08,4,0.09,0.204
2009-09-08,5,0.179,0.235
2009-09-08,6,0.139,0.339
2009-09-08,7,0.177,0.285
2009-09-08,8,0.306,0.491
2009-09-08,9,0.312,0.781
2009-09-08,10,0.308,0.354
2009-09-08,11,0.381,0.447
2009-09-08,12,0.258,0.576
2009-09-08,13,0.302,1.697
2009-09-08,14,0.268,1.35
2009-09-08,15,0.198,0.524
2009-09-08,16,0.322,0.439
2009-09-08,17,0.221,0.748
2009-09-08,18,0.888,1.612
2009-09-08,19,0.324,0.594
2009-09-08,20,0.33,0.851
2009-09-08,21,0.392,0.443
2009-09-08,22,0.527,0.595
2009-09-08,23,0.385,0.477
2009-09-08,24,0.209,0.354
2009-09-09,1,0.09,0.149
2009-09-09,2,0.131,0.163
2009-09-09,3,0.206,0.223
2009-09-09,4,0.154,0.158
2009-09-09,5,0.093,0.101
2009-09-09,6,0.253,0.473
2009-09-09,7,0.125,0.278
2009-09-09,8,0.169,0.188
2009-09-09,9,0.919,1.547
2009-09-09,10,1.146,1.818
2009-09-09,11,0.236,0.894
2009-09-09,12,0.16,0.199
2009-09-09,13,0.724,2.498
2009-09-09,14,0.518,1.634
2009-09-09,15,0.423,0.551
2009-09-09,16,0.234,0.257
2009-09-09,17,0.141,0.259
2009-09-09,18,0.589,1.702
2009-09-09,19,0.353,0.586
2009-09-09,20,0.319,0.695
2009-09-09,21,0.401,2.677
2009-09-09,22,0.629,0.757
2009-09-09,23,0.538,0.56
2009-09-09,24,0.283,0.45
2009-09-10,1,0.092,0.121
2009-09-10,2,0.199,0.25
2009-09-10,3,0.095,0.096
2009-09-10,4,0.091,0.161
2009-09-10,5,0.185,0.25
2009-09-10,6,0.11,0.304
2009-09-10,7,0.173,0.206
2009-09-10,8,0.308,0.745
2009-09-10,9,0.581,1.566
2009-09-10,10,0.359,0.511
2009-09-10,11,0.168,0.224
2009-09-10,12,0.297,0.349
2009-09-10,13,0.343,0.382
2009-09-10,14,0.255,0.371
2009-09-10,15,0.194,2.787
2009-09-10,16,0.176,0.218
2009-09-10,17,0.168,0.221
2009-09-10,18,0.266,0.66
2009-09-10,19,0.182,0.799
2009-09-10,20,0.296,0.31
2009-09-10,21,0.355,0.418
2009-09-10,22,0.282,0.336
2009-09-10,23,0.436,0.773
2009-09-10,24,0.398,0.602
2009-09-11,1,0.192,0.257
2009-09-11,2,0.195,0.197
2009-09-11,3,0.153,0.167
2009-09-11,4,0.1,0.117
2009-09-11,5,0.17,0.27
2009-09-11,6,0.167,0.298
2009-09-11,7,0.107,0.221
2009-09-11,8,0.201,0.989
2009-09-11,9,0.693,1.272
2009-09-11,10,0.18,0.565
2009-09-11,11,0.292,0.348
2009-09-11,12,0.116,0.167
2009-09-11,13,0.188,0.237
2009-09-11,14,0.324,0.375
2009-09-11,15,0.286,0.537
2009-09-11,16,0.206,0.424
2009-09-11,17,0.1,0.38
2009-09-11,18,0.166,0.291
2009-09-11,19,0.385,0.39
2009-09-11,20,0.55,1.603
2009-09-11,21,0.502,1.777
2009-09-11,22,1.006,2.027
2009-09-11,23,0.581,0.909
2009-09-11,24,0.504,0.62
2009-09-12,1,0.091,0.668
2009-09-12,2,0.112,0.141
2009-09-12,3,0.187,0.192
2009-09-12,4,0.154,0.504
2009-09-12,5,0.155,0.217
2009-09-12,6,0.261,0.46
2009-09-12,7,0.12,0.198
2009-09-12,8,0.145,0.181
2009-09-12,9,0.239,0.271
2009-09-12,10,0.412,1.436
2009-09-12,11,0.348,0.606
2009-09-12,12,0.428,0.878
2009-09-12,13,0.195,0.24
2009-09-12,14,0.204,0.434
2009-09-12,15,0.123,0.26
2009-09-12,16,0.123,0.158
2009-09-12,17,0.474,0.673
2009-09-12,18,0.247,0.668
2009-09-12,19,0.346,0.511
2009-09-12,20,0.322,0.328
2009-09-12,21,0.282,0.302
2009-09-12,22,0.468,0.671
2009-09-12,23,0.499,0.635
2009-09-12,24,0.547,0.555
2009-09-13,1,0.652,0.677
2009-09-13,2,0.144,0.93
2009-09-13,3,0.135,0.167
2009-09-13,4,0.231,0.259
2009-09-13,5,0.119,0.163
2009-09-13,6,0.167,0.4
2009-09-13,7,0.15,0.291
2009-09-13,8,0.141,0.199
2009-09-13,9,0.118,0.225
2009-09-13,10,0.279,0.91
2009-09-13,11,0.259,0.368
2009-09-13,12,0.202,0.23
2009-09-13,13,0.698,2.556
2009-09-13,14,0.402,1.959
2009-09-13,15,0.198,0.279
2009-09-13,16,0.204,0.252
2009-09-13,17,0.129,0.301
2009-09-13,18,0.239,0.273
2009-09-13,19,0.329,0.834
2009-09-13,20,0.304,0.348
2009-09-13,21,0.179,0.197
2009-09-13,22,0.65,1.853
2009-09-13,23,0.357,0.387
2009-09-13,24,0.249,0.302
2009-09-14,1,0.098,0.233
2009-09-14,2,0.192,0.218
2009-09-14,3,0.187,0.189
2009-09-14,4,0.099,0.15
2009-09-14,5,0.208,0.313
2009-09-14,6,0.167,0.376
2009-09-14,7,0.156,0.165
2009-09-14,8,0.251,0.444
2009-09-14,9,0.493,0.774
2009-09-14,10,1.454,2.082
2009-09-14,11,0.357,1.118
2009-09-14,12,0.37,0.388
2009-09-14,13,0.406,0.439
2009-09-14,14,0.274,0.347
2009-09-14,15,0.432,0.455
2009-09-14,16,0.232,0.381
2009-09-14,17,0.239,0.254
2009-09-14,18,0.239,0.796
2009-09-14,19,0.263,0.46
2009-09-14,20,0.208,0.631
2009-09-14,21,0.796,1.665
2009-09-14,22,0.449,1.278
2009-09-14,23,0.485,0.563
2009-09-14,24,0.269,0.436
2009-09-15,1,0.094,0.16
2009-09-15,2,0.162,0.242
2009-09-15,3,0.111,0.126
2009-09-15,4,0.135,0.168
2009-09-15,5,0.173,0.186
2009-09-15,6,0.11,0.332
2009-09-15,7,0.16,0.225
2009-09-15,8,0.14,0.277
2009-09-15,9,0.264,0.784
2009-09-15,10,0.294,0.882
2009-09-15,11,0.352,0.446
2009-09-15,12,0.254,0.398
2009-09-15,13,0.232,0.313
2009-09-15,14,0.184,0.482
2009-09-15,15,0.263,0.291
2009-09-15,16,0.306,0.367
2009-09-15,17,0.276,0.313
2009-09-15,18,0.217,2.046
2009-09-15,19,0.413,0.833
2009-09-15,20,0.315,0.321
2009-09-15,21,0.345,0.869
2009-09-15,22,0.325,0.555
2009-09-15,23,0.379,0.665
2009-09-15,24,0.36,2.2
2009-09-16,1,0.093,0.282
2009-09-16,2,0.164,0.244
2009-09-16,3,0.126,0.224
2009-09-16,4,0.093,0.131
2009-09-16,5,0.151,0.217
2009-09-16,6,0.135,0.35
2009-09-16,7,0.092,0.173
2009-09-16,8,0.183,0.304
2009-09-16,9,0.307,0.918
2009-09-16,10,0.246,0.484
2009-09-16,11,0.447,1.448
2009-09-16,12,0.368,0.416
2009-09-16,13,0.341,0.346
2009-09-16,14,0.315,0.363
2009-09-16,15,0.294,0.479
2009-09-16,16,0.315,0.434
2009-09-16,17,0.333,0.364
2009-09-16,18,0.708,1.869
2009-09-16,19,0.342,0.751
2009-09-16,20,0.221,0.312
2009-09-16,21,0.365,0.509
2009-09-16,22,0.477,0.558
2009-09-16,23,0.271,0.404
2009-09-16,24,0.155,0.238
2009-09-17,1,0.123,0.146
2009-09-17,2,0.105,0.12
2009-09-17,3,0.233,0.236
2009-09-17,4,0.114,0.139
2009-09-17,5,0.091,0.135
2009-09-17,6,0.162,0.443
2009-09-17,7,0.112,0.201
2009-09-17,8,0.131,0.469
2009-09-17,9,0.531,0.758
2009-09-17,10,0.702,1.606
2009-09-17,11,0.413,2.619
2009-09-17,12,0.415,0.524
2009-09-17,13,0.272,0.344
2009-09-17,14,0.239,0.509
2009-09-17,15,0.265,0.323
2009-09-17,16,0.121,0.183
2009-09-17,17,0.105,0.164
2009-09-17,18,1.409,3.896
2009-09-17,19,0.089,1.462
2009-09-17,20,0.243,0.344
2009-09-17,21,0.472,0.574
2009-09-17,22,0.303,0.598
2009-09-17,23,0.284,0.382
2009-09-17,24,0.122,0.289
2009-09-18,1,0.091,0.19
2009-09-18,2,0.187,0.195
2009-09-18,3,0.138,0.141
2009-09-18,4,0.1,0.127
2009-09-18,5,0.175,0.207
2009-09-18,6,0.228,0.374
2009-09-18,7,0.152,0.161
2009-09-18,8,0.155,0.225
2009-09-18,9,0.663,1.223
2009-09-18,10,0.205,2.501
2009-09-18,11,0.162,0.212
2009-09-18,12,0.183,0.207
2009-09-18,13,0.21,0.274
2009-09-18,14,0.265,1.325
2009-09-18,15,0.646,2.072
2009-09-18,16,0.236,0.269
2009-09-18,17,0.164,0.275
2009-09-18,18,0.131,0.188
2009-09-18,19,0.223,0.328
2009-09-18,20,0.3,0.489
2009-09-18,21,0.377,1.182
2009-09-18,22,0.358,0.973
2009-09-18,23,0.511,0.512
2009-09-18,24,0.381,0.441
2009-09-19,1,0.204,0.462
2009-09-19,2,0.119,0.125
2009-09-19,3,0.092,0.15
2009-09-19,4,0.187,0.285
2009-09-19,5,0.203,0.227
2009-09-19,6,0.28,0.328
2009-09-19,7,0.154,0.233
2009-09-19,8,0.099,0.14
2009-09-19,9,0.537,0.538
2009-09-19,10,1.429,2.369
2009-09-19,11,0.535,0.773
2009-09-19,12,0.22,0.27
2009-09-19,13,0.335,0.629
2009-09-19,14,0.173,0.408
2009-09-19,15,0.134,0.143
2009-09-19,16,0.224,0.227
2009-09-19,17,0.203,0.357
2009-09-19,18,0.094,2.047
2009-09-19,19,0.44,2.239
2009-09-19,20,0.193,0.556
2009-09-19,21,0.407,0.7
2009-09-19,22,0.611,1.437
2009-09-19,23,0.457,0.741
2009-09-19,24,0.275,0.357
2009-09-20,1,0.27,0.363
2009-09-20,2,0.292,0.614
2009-09-20,3,0.268,0.332
2009-09-20,4,0.124,0.175
2009-09-20,5,0.103,0.137
2009-09-20,6,0.247,0.43
2009-09-20,7,0.136,0.159
2009-09-20,8,0.092,0.098
2009-09-20,9,0.152,0.187
2009-09-20,10,0.71,1.699
2009-09-20,11,1.437,1.559
2009-09-20,12,0.88,1.062
2009-09-20,13,1.404,1.999
2009-09-20,14,0.356,0.682
2009-09-20,15,0.415,2.564
2009-09-20,16,0.263,1.73
2009-09-20,17,0.292,0.364
2009-09-20,18,0.387,0.541
2009-09-20,19,0.418,0.853
2009-09-20,20,0.237,0.287
2009-09-20,21,0.792,1.218
2009-09-20,22,0.578,2.063
2009-09-20,23,0.677,0.853
2009-09-20,24,0.473,0.528
2009-09-21,1,0.326,0.435
2009-09-21,2,0.233,0.285
2009-09-21,3,0.093,0.121
2009-09-21,4,0.147,0.185
2009-09-21,5,0.142,0.186
2009-09-21,6,0.261,0.285
2009-09-21,7,0.093,0.244
2009-09-21,8,0.219,0.777
2009-09-21,9,0.336,1.053
2009-09-21,10,0.438,0.47
2009-09-21,11,1.793,2.21
2009-09-21,12,0.462,0.921
2009-09-21,13,1.029,2.248
2009-09-21,14,0.705,0.876
2009-09-21,15,0.252,0.356
2009-09-21,16,0.362,0.548
2009-09-21,17,0.18,0.567
2009-09-21,18,0.696,2.269
2009-09-21,19,0.289,0.361
2009-09-21,20,0.113,0.136
2009-09-21,21,0.22,0.731
2009-09-21,22,0.612,0.922
2009-09-21,23,0.501,0.55
2009-09-21,24,0.391,0.437
2009-09-22,1,0.128,0.353
2009-09-22,2,0.121,0.214
2009-09-22,3,0.196,0.198
2009-09-22,4,0.266,0.298
2009-09-22,5,0.163,0.171
2009-09-22,6,0.38,0.441
2009-09-22,7,0.241,0.321
2009-09-22,8,0.266,0.532
2009-09-22,9,0.267,0.583
2009-09-22,10,0.319,0.498
2009-09-22,11,0.089,0.089
2009-09-22,12,0.159,1.278
2009-09-22,13,0.268,2.473
2009-09-22,14,0.742,1.95
2009-09-22,15,0.368,0.403
2009-09-22,16,0.102,0.132
2009-09-22,17,0.121,0.233
2009-09-22,18,0.294,0.496
2009-09-22,19,0.35,0.817
2009-09-22,20,0.504,2.077
2009-09-22,21,1.074,2.507
2009-09-22,22,0.692,0.849
2009-09-22,23,0.436,0.702
2009-09-22,24,0.235,0.309
2009-09-23,1,0.212,0.29
2009-09-23,2,0.129,0.254
2009-09-23,3,0.092,0.163
2009-09-23,4,0.124,0.187
2009-09-23,5,0.153,0.165
2009-09-23,6,0.205,0.254
2009-09-23,7,0.181,0.2
2009-09-23,8,0.186,3.76
2009-09-23,9,0.205,1.443
2009-09-23,10,0.306,1.987
2009-09-23,11,0.171,0.24
2009-09-23,12,0.134,0.184
2009-09-23,13,0.17,0.189
2009-09-23,14,0.162,0.169
2009-09-23,15,0.099,0.112
2009-09-23,16,0.45,0.573
2009-09-23,17,0.259,0.318
2009-09-23,18,0.331,2.049
2009-09-23,19,0.64,3.045
2009-09-23,20,0.132,0.332
2009-09-23,21,0.504,0.821
2009-09-23,22,0.647,0.794
2009-09-23,23,0.325,0.328
2009-09-23,24,0.274,0.305
2009-09-24,1,0.315,0.364
2009-09-24,2,0.167,0.188
2009-09-24,3,0.138,0.147
2009-09-24,4,0.148,0.267
2009-09-24,5,0.157,0.162
2009-09-24,6,0.212,0.334
2009-09-24,7,0.188,0.207
2009-09-24,8,0.178,0.194
2009-09-24,9,0.379,0.646
2009-09-24,10,0.296,1.267
2009-09-24,11,0.364,0.509
2009-09-24,12,0.401,0.533
2009-09-24,13,0.335,0.419
2009-09-24,14,0.259,0.425
2009-09-24,15,0.376,0.592
2009-09-24,16,0.31,0.327
2009-09-24,17,0.278,0.876
2009-09-24,18,0.665,1.062
2009-09-24,19,0.337,1.754
2009-09-24,20,0.21,0.233
2009-09-24,21,0.351,0.531
2009-09-24,22,0.211,0.253
2009-09-24,23,0.363,0.89
2009-09-24,24,0.453,0.476
2009-09-25,1,0.166,0.275
2009-09-25,2,0.156,0.257
2009-09-25,3,0.284,0.336
2009-09-25,4,0.218,0.336
2009-09-25,5,0.213,0.231
2009-09-25,6,0.356,0.392
2009-09-25,7,0.149,0.232
2009-09-25,8,0.182,0.204
2009-09-25,9,0.801,0.926
2009-09-25,10,1.216,1.528
2009-09-25,11,0.345,1.009
2009-09-25,12,0.246,0.382
2009-09-25,13,0.239,0.26
2009-09-25,14,0.218,0.468
2009-09-25,15,0.1,0.303
2009-09-25,16,0.165,0.44
2009-09-25,17,0.18,0.277
2009-09-25,18,0.538,0.544
2009-09-25,19,1.288,4.008
2009-09-25,20,0.291,0.378
2009-09-25,21,0.245,0.743
2009-09-25,22,0.485,1.156
2009-09-25,23,0.297,0.35
2009-09-25,24,0.199,0.565
2009-09-26,1,0.297,0.405
2009-09-26,2,0.382,0.439
2009-09-26,3,0.187,0.445
2009-09-26,4,0.255,0.271
2009-09-26,5,0.123,0.192
2009-09-26,6,0.26,0.277
2009-09-26,7,0.176,0.225
2009-09-26,8,0.131,0.156
2009-09-26,9,0.139,0.146
2009-09-26,10,0.305,1.165
2009-09-26,11,1.708,2.202
2009-09-26,12,0.834,1.482
2009-09-26,13,0.248,0.484
2009-09-26,14,1.479,1.603
2009-09-26,15,0.579,1.84
2009-09-26,16,0.197,0.262
2009-09-26,17,0.177,0.232
2009-09-26,18,0.509,0.667
2009-09-26,19,0.28,0.457
2009-09-26,20,0.269,0.273
2009-09-26,21,0.53,0.648
2009-09-26,22,0.505,1.429
2009-09-26,23,0.379,0.902
2009-09-26,24,0.413,0.604
2009-09-27,1,0.319,0.442
2009-09-27,2,0.122,0.167
2009-09-27,3,0.118,0.244
2009-09-27,4,0.111,0.145
2009-09-27,5,0.175,0.188
2009-09-27,6,0.293,0.309
2009-09-27,7,0.099,0.103
2009-09-27,8,0.158,0.284
2009-09-27,9,0.09,0.233
2009-09-27,10,0.939,1.675
2009-09-27,11,0.973,3.203
2009-09-27,12,0.142,0.304
2009-09-27,13,0.092,0.092
2009-09-27,14,0.185,0.239
2009-09-27,15,0.142,0.195
2009-09-27,16,0.165,0.222
2009-09-27,17,0.325,0.545
2009-09-27,18,0.207,0.444
2009-09-27,19,0.357,0.489
2009-09-27,20,1.356,1.61
2009-09-27,21,0.803,1.024
2009-09-27,22,0.81,1.234
2009-09-27,23,0.687,0.704
2009-09-27,24,0.453,0.612
2009-09-28,1,0.405,0.494
2009-09-28,2,0.152,0.249
2009-09-28,3,0.093,0.157
2009-09-28,4,0.096,0.134
2009-09-28,5,0.225,0.287
2009-09-28,6,0.212,0.3
2009-09-28,7,0.105,0.106
2009-09-28,8,0.269,0.294
2009-09-28,9,0.388,0.853
2009-09-28,10,0.284,1.37
2009-09-28,11,0.349,0.498
2009-09-28,12,0.256,0.417
2009-09-28,13,2.158,2.294
2009-09-28,14,0.676,0.973
2009-09-28,15,0.242,0.296
2009-09-28,16,0.351,0.622
2009-09-28,17,0.374,0.627
2009-09-28,18,0.998,1.535
2009-09-28,19,0.373,0.583
2009-09-28,20,0.31,0.324
2009-09-28,21,0.375,0.556
2009-09-28,22,0.583,0.617
2009-09-28,23,0.599,1.048
2009-09-28,24,0.372,0.532
2009-09-29,1,0.117,0.168
2009-09-29,2,0.093,0.144
2009-09-29,3,0.161,0.233
2009-09-29,4,0.091,0.169
2009-09-29,5,0.107,0.141
2009-09-29,6,0.355,0.423
2009-09-29,7,0.096,0.136
2009-09-29,8,0.152,0.175
2009-09-29,9,0.615,0.923
2009-09-29,10,0.1,0.229
2009-09-29,11,0.104,0.19
2009-09-29,12,0.445,0.61
2009-09-29,13,1.437,1.604
2009-09-29,14,0.792,1.379
2009-09-29,15,1.238,1.792
2009-09-29,16,0.211,0.245
2009-09-29,17,0.228,1.498
2009-09-29,18,2.048,3.466
2009-09-29,19,0.4,0.687
2009-09-29,20,0.98,1.028
2009-09-29,21,0.764,1.095
2009-09-29,22,0.502,0.615
2009-09-29,23,0.444,0.521
2009-09-29,24,0.19,2.418
2009-09-30,1,0.122,0.145
2009-09-30,2,0.153,0.188
2009-09-30,3,0.168,0.189
2009-09-30,4,0.091,0.092
2009-09-30,5,0.28,0.309
2009-09-30,6,0.257,0.356
2009-09-30,7,0.145,0.191
2009-09-30,8,0.184,0.3
2009-09-30,9,0.498,0.76
2009-09-30,10,0.252,0.341
2009-09-30,11,0.405,1.843
2009-09-30,12,0.741,2.384
2009-09-30,13,1.521,2.352
2009-09-30,14,0.44,0.745
2009-09-30,15,0.309,0.313
2009-09-30,16,0.204,0.266
2009-09-30,17,0.205,0.262
2009-09-30,18,1.468,2.215
2009-09-30,19,0.457,0.838
2009-09-30,20,0.318,0.373
2009-09-30,21,0.623,1.029
2009-09-30,22,0.803,1.139
2009-09-30,23,0.237,0.465
2009-09-30,24,0.24,0.257
2009-10-01,1,0.111,0.183
2009-10-01,2,0.094,0.162
2009-10-01,3,0.17,0.264
2009-10-01,4,0.101,0.191
2009-10-01,5,0.092,0.16
2009-10-01,6,0.21,0.413
2009-10-01,7,0.19,0.302
2009-10-01,8,0.166,0.267
2009-10-01,9,0.561,1.472
2009-10-01,10,0.28,0.337
2009-10-01,11,0.352,0.526
2009-10-01,12,0.361,1.443
2009-10-01,13,0.313,0.37
2009-10-01,14,0.221,0.35
2009-10-01,15,0.344,0.615
2009-10-01,16,0.259,0.26
2009-10-01,17,0.226,0.239
2009-10-01,18,0.874,1.485
2009-10-01,19,0.357,0.831
2009-10-01,20,0.299,0.522
2009-10-01,21,0.63,0.892
2009-10-01,22,0.646,0.671
2009-10-01,23,0.55,0.965
2009-10-01,24,0.185,0.303
2009-10-02,1,0.09,0.174
2009-10-02,2,0.195,0.224
2009-10-02,3,0.156,0.188
2009-10-02,4,0.098,0.127
2009-10-02,5,0.155,0.231
2009-10-02,6,0.244,0.279
2009-10-02,7,0.089,0.168
2009-10-02,8,0.214,0.276
2009-10-02,9,0.832,1.006
2009-10-02,10,0.267,0.35
2009-10-02,11,0.243,0.274
2009-10-02,12,0.218,0.26
2009-10-02,13,1.154,2.252
2009-10-02,14,0.307,0.536
2009-10-02,15,0.149,0.48
2009-10-02,16,0.401,0.434
2009-10-02,17,0.145,0.264
2009-10-02,18,0.509,3.32
2009-10-02,19,0.841,1.57
2009-10-02,20,0.589,1.491
2009-10-02,21,0.43,1.3
2009-10-02,22,0.362,0.902
2009-10-02,23,0.428,0.941
2009-10-02,24,0.508,0.563
2009-10-03,1,0.176,0.212
2009-10-03,2,0.092,0.093
2009-10-03,3,0.198,0.258
2009-10-03,4,0.092,0.128
2009-10-03,5,0.114,0.138
2009-10-03,6,0.224,0.391
2009-10-03,7,0.092,0.215
2009-10-03,8,0.092,0.151
2009-10-03,9,0.408,1.302
2009-10-03,10,0.26,5.009
2009-10-03,11,0.196,2.444
2009-10-03,12,0.4,1.483
2009-10-03,13,0.094,0.298
2009-10-03,14,0.099,0.151
2009-10-03,15,0.11,0.249
2009-10-03,16,0.147,0.182
2009-10-03,17,0.157,0.237
2009-10-03,18,0.187,0.37
2009-10-03,19,0.201,0.374
2009-10-03,20,0.385,0.435
2009-10-03,21,0.441,0.615
2009-10-03,22,0.984,1.453
2009-10-03,23,0.52,0.624
2009-10-03,24,0.733,0.85
2009-10-04,1,0.386,0.509
2009-10-04,2,0.449,0.471
2009-10-04,3,0.1,0.18
2009-10-04,4,0.093,0.232
2009-10-04,5,0.126,0.139
2009-10-04,6,0.277,0.306
2009-10-04,7,0.141,0.183
2009-10-04,8,0.137,0.187
2009-10-04,9,0.129,0.365
2009-10-04,10,0.992,1.785
2009-10-04,11,0.944,1.491
2009-10-04,12,0.92,1.262
2009-10-04,13,1.125,1.858
2009-10-04,14,0.553,1.711
2009-10-04,15,0.235,0.592
2009-10-04,16,0.195,0.69
2009-10-04,17,0.168,0.234
2009-10-04,18,0.25,0.44
2009-10-04,19,0.457,0.545
2009-10-04,20,0.251,3.219
2009-10-04,21,0.55,2.062
2009-10-04,22,2.24,2.248
2009-10-04,23,0.508,0.759
2009-10-04,24,0.429,0.689
2009-10-05,1,0.2,0.394
2009-10-05,2,0.092,0.147
2009-10-05,3,0.177,0.181
2009-10-05,4,0.105,0.154
2009-10-05,5,0.091,0.159
2009-10-05,6,0.322,0.358
2009-10-05,7,0.089,0.132
2009-10-05,8,0.153,0.156
2009-10-05,9,0.95,1.773
2009-10-05,10,0.293,0.454
2009-10-05,11,0.208,0.378
2009-10-05,12,0.26,1.202
2009-10-05,13,0.257,0.314
2009-10-05,14,0.168,0.535
2009-10-05,15,0.292,0.3
2009-10-05,16,0.331,2.163
2009-10-05,17,1.411,3.638
2009-10-05,18,1.656,3.324
2009-10-05,19,0.429,1.082
2009-10-05,20,0.281,0.559
2009-10-05,21,0.337,0.421
2009-10-05,22,0.361,0.578
2009-10-05,23,0.539,0.591
2009-10-05,24,0.475,2.474
2009-10-06,1,0.091,0.149
2009-10-06,2,0.19,0.195
2009-10-06,3,0.155,0.181
2009-10-06,4,0.09,0.095
2009-10-06,5,0.154,0.314
2009-10-06,6,0.343,0.346
2009-10-06,7,0.147,0.186
2009-10-06,8,0.626,0.711
2009-10-06,9,0.516,2.094
2009-10-06,10,0.278,0.354
2009-10-06,11,0.096,0.497
2009-10-06,12,0.227,0.232
2009-10-06,13,0.21,1.742
2009-10-06,14,0.451,1.374
2009-10-06,15,0.298,0.586
2009-10-06,16,0.201,0.254
2009-10-06,17,0.315,0.345
2009-10-06,18,1.263,1.327
2009-10-06,19,0.362,0.602
2009-10-06,20,0.479,0.569
2009-10-06,21,0.378,1.147
2009-10-06,22,0.439,1.078
2009-10-06,23,0.955,1.47
2009-10-06,24,0.443,2.476
2009-10-07,1,0.159,0.185
2009-10-07,2,0.169,0.184
2009-10-07,3,0.096,0.126
2009-10-07,4,0.11,0.187
2009-10-07,5,0.146,0.202
2009-10-07,6,0.214,0.368
2009-10-07,7,0.194,0.208
2009-10-07,8,0.502,0.934
2009-10-07,9,0.979,1.041
2009-10-07,10,1.083,1.209
2009-10-07,11,0.326,1.12
2009-10-07,12,0.088,0.093
2009-10-07,13,1.196,1.927
2009-10-07,14,0.503,1.195
2009-10-07,15,0.091,0.165
2009-10-07,16,0.088,0.14
2009-10-07,17,0.197,0.866
2009-10-07,18,0.689,1.489
2009-10-07,19,0.346,0.538
2009-10-07,20,0.488,0.984
2009-10-07,21,0.474,0.638
2009-10-07,22,0.791,2.604
2009-10-07,23,0.596,0.712
2009-10-07,24,0.139,0.521
2009-10-08,1,0.097,0.166
2009-10-08,2,0.152,0.182
2009-10-08,3,0.09,0.164
2009-10-08,4,0.095,0.157
2009-10-08,5,0.17,0.184
2009-10-08,6,0.257,0.285
2009-10-08,7,0.184,0.659
2009-10-08,8,0.33,0.344
2009-10-08,9,0.424,1.073
2009-10-08,10,0.115,0.269
2009-10-08,11,0.23,0.312
2009-10-08,12,0.12,0.17
2009-10-08,13,0.101,0.264
2009-10-08,14,0.164,0.238
2009-10-08,15,0.11,0.272
2009-10-08,16,0.156,0.255
2009-10-08,17,0.089,0.527
2009-10-08,18,0.918,1.093
2009-10-08,19,0.406,0.573
2009-10-08,20,0.425,0.603
2009-10-08,21,0.679,2.281
2009-10-08,22,0.688,1.288
2009-10-08,23,0.931,0.95
2009-10-08,24,0.149,0.588
2009-10-09,1,0.092,0.136
2009-10-09,2,0.158,0.24
2009-10-09,3,0.148,0.155
2009-10-09,4,0.089,0.102
2009-10-09,5,0.181,0.21
2009-10-09,6,0.22,0.302
2009-10-09,7,0.127,0.557
2009-10-09,8,0.419,0.518
2009-10-09,9,0.159,1.171
2009-10-09,10,0.089,0.145
2009-10-09,11,0.107,0.188
2009-10-09,12,0.161,0.18
2009-10-09,13,0.108,0.108
2009-10-09,14,0.284,0.369
2009-10-09,15,0.189,0.216
2009-10-09,16,0.093,0.114
2009-10-09,17,0.153,0.2
2009-10-09,18,0.424,0.435
2009-10-09,19,0.44,2.314
2009-10-09,20,0.234,0.54
2009-10-09,21,0.578,1.934
2009-10-09,22,0.543,0.635
2009-10-09,23,0.474,0.674
2009-10-09,24,0.461,0.48
2009-10-10,1,0.098,0.315
2009-10-10,2,0.098,0.254
2009-10-10,3,0.099,0.178
2009-10-10,4,0.135,0.178
2009-10-10,5,0.151,0.26
2009-10-10,6,0.248,0.353
2009-10-10,7,0.099,0.169
2009-10-10,8,0.106,0.182
2009-10-10,9,0.971,1.106
2009-10-10,10,1.438,2.359
2009-10-10,11,1.166,1.204
2009-10-10,12,0.206,0.397
2009-10-10,13,0.312,0.748
2009-10-10,14,0.307,0.44
2009-10-10,15,1.409,2.058
2009-10-10,16,1.015,2.094
2009-10-10,17,0.179,0.343
2009-10-10,18,0.435,0.565
2009-10-10,19,0.246,0.408
2009-10-10,20,0.233,0.744
2009-10-10,21,0.771,2.193
2009-10-10,22,1.309,1.82
2009-10-10,23,1.235,1.341
2009-10-10,24,0.627,1.047
2009-10-11,1,0.291,0.293
2009-10-11,2,0.265,0.596
2009-10-11,3,0.18,0.259
2009-10-11,4,0.115,0.141
2009-10-11,5,0.115,0.173
2009-10-11,6,0.261,0.386
2009-10-11,7,0.09,0.166
2009-10-11,8,0.134,0.181
2009-10-11,9,0.158,0.181
2009-10-11,10,0.685,0.863
2009-10-11,11,0.367,0.556
2009-10-11,12,0.225,0.33
2009-10-11,13,0.303,0.549
2009-10-11,14,0.22,0.519
2009-10-11,15,2.009,2.211
2009-10-11,16,0.298,0.322
2009-10-11,17,0.298,0.319
2009-10-11,18,0.347,0.452
2009-10-11,19,0.282,0.297
2009-10-11,20,0.716,0.837
2009-10-11,21,0.777,0.901
2009-10-11,22,0.484,0.741
2009-10-11,23,0.424,0.426
2009-10-11,24,0.368,0.392
2009-10-12,1,0.222,2.896
2009-10-12,2,0.164,0.198
2009-10-12,3,0.092,0.136
2009-10-12,4,0.132,0.143
2009-10-12,5,0.139,0.284
2009-10-12,6,0.237,0.283
2009-10-12,7,0.088,0.125
2009-10-12,8,0.481,1.309
2009-10-12,9,0.165,0.702
2009-10-12,10,0.098,0.218
2009-10-12,11,0.177,0.533
2009-10-12,12,0.152,0.156
2009-10-12,13,0.63,1.382
2009-10-12,14,0.42,0.614
2009-10-12,15,0.187,0.264
2009-10-12,16,0.099,0.182
2009-10-12,17,0.249,1.817
2009-10-12,18,1.502,4.036
2009-10-12,19,0.403,1.042
2009-10-12,20,0.314,0.565
2009-10-12,21,0.423,0.638
2009-10-12,22,0.77,1.343
2009-10-12,23,0.565,0.812
2009-10-12,24,0.284,1.982
2009-10-13,1,0.158,0.203
2009-10-13,2,0.094,0.167
2009-10-13,3,0.122,0.155
2009-10-13,4,0.099,0.245
2009-10-13,5,0.092,0.154
2009-10-13,6,0.306,0.678
2009-10-13,7,0.177,0.358
2009-10-13,8,0.135,0.153
2009-10-13,9,0.237,0.908
2009-10-13,10,0.132,0.233
2009-10-13,11,0.244,0.292
2009-10-13,12,0.088,1.366
2009-10-13,13,0.225,2.1
2009-10-13,14,0.268,0.528
2009-10-13,15,0.135,0.177
2009-10-13,16,0.133,0.281
2009-10-13,17,0.097,0.358
2009-10-13,18,1.267,1.65
2009-10-13,19,0.436,0.876
2009-10-13,20,0.332,2.574
2009-10-13,21,0.628,0.705
2009-10-13,22,0.621,0.662
2009-10-13,23,0.174,0.624
2009-10-13,24,0.171,0.172
2009-10-14,1,0.155,0.251
2009-10-14,2,0.107,0.139
2009-10-14,3,0.09,0.154
2009-10-14,4,0.215,0.235
2009-10-14,5,0.091,0.159
2009-10-14,6,0.223,0.237
2009-10-14,7,0.186,0.695
2009-10-14,8,0.478,0.652
2009-10-14,9,0.293,1.552
2009-10-14,10,0.304,0.312
2009-10-14,11,0.161,0.228
2009-10-14,12,0.198,0.54
2009-10-14,13,2.33,4.032
2009-10-14,14,0.311,1.526
2009-10-14,15,0.232,0.667
2009-10-14,16,0.184,0.283
2009-10-14,17,0.091,0.168
2009-10-14,18,1.541,2.552
2009-10-14,19,1.106,2.611
2009-10-14,20,1.111,1.826
2009-10-14,21,1.555,2.073
2009-10-14,22,0.959,1.246
2009-10-14,23,0.601,0.657
2009-10-14,24,0.217,0.23
2009-10-15,1,0.184,0.196
2009-10-15,2,0.091,0.105
2009-10-15,3,0.152,0.175
2009-10-15,4,0.171,0.208
2009-10-15,5,0.103,0.143
2009-10-15,6,0.232,0.281
2009-10-15,7,0.23,0.67
2009-10-15,8,0.396,0.494
2009-10-15,9,0.563,0.748
2009-10-15,10,2.097,2.154
2009-10-15,11,0.153,0.652
2009-10-15,12,0.155,0.218
2009-10-15,13,0.184,0.358
2009-10-15,14,0.089,0.135
2009-10-15,15,0.233,0.674
2009-10-15,16,0.119,0.212
2009-10-15,17,0.091,0.552
2009-10-15,18,0.857,1.228
2009-10-15,19,0.613,0.655
2009-10-15,20,0.64,0.669
2009-10-15,21,0.564,0.649
2009-10-15,22,0.597,0.602
2009-10-15,23,0.396,0.976
2009-10-15,24,0.133,0.186
2009-10-16,1,0.091,0.208
2009-10-16,2,0.166,0.182
2009-10-16,3,0.198,0.264
2009-10-16,4,0.119,0.222
2009-10-16,5,0.1,0.178
2009-10-16,6,0.276,0.28
2009-10-16,7,0.197,0.727
2009-10-16,8,0.39,0.705
2009-10-16,9,0.259,0.914
2009-10-16,10,0.09,0.13
2009-10-16,11,0.166,0.187
2009-10-16,12,0.115,0.212
2009-10-16,13,0.089,0.158
2009-10-16,14,0.158,0.37
2009-10-16,15,0.285,0.298
2009-10-16,16,0.189,0.199
2009-10-16,17,0.189,0.189
2009-10-16,18,0.252,0.398
2009-10-16,19,0.359,0.808
2009-10-16,20,1.238,1.538
2009-10-16,21,1.046,1.243
2009-10-16,22,0.621,0.967
2009-10-16,23,0.53,0.591
2009-10-16,24,0.616,0.887
2009-10-17,1,0.103,0.188
2009-10-17,2,0.116,0.14
2009-10-17,3,0.188,0.195
2009-10-17,4,0.119,0.161
2009-10-17,5,0.093,0.116
2009-10-17,6,0.791,0.807
2009-10-17,7,0.217,0.276
2009-10-17,8,0.151,0.199
2009-10-17,9,0.211,0.535
2009-10-17,10,0.938,1.995
2009-10-17,11,0.924,1.455
2009-10-17,12,0.217,0.491
2009-10-17,13,0.182,1.037
2009-10-17,14,1.244,1.511
2009-10-17,15,0.533,1.149
2009-10-17,16,0.42,2.08
2009-10-17,17,1.654,2.929
2009-10-17,18,0.256,0.357
2009-10-17,19,0.234,0.376
2009-10-17,20,0.456,0.549
2009-10-17,21,0.441,1.179
2009-10-17,22,0.689,1.015
2009-10-17,23,0.362,0.713
2009-10-17,24,0.178,0.241
2009-10-18,1,0.181,0.272
2009-10-18,2,0.186,0.514
2009-10-18,3,0.145,0.158
2009-10-18,4,0.104,0.139
2009-10-18,5,0.167,0.259
2009-10-18,6,0.252,0.338
2009-10-18,7,0.103,0.126
2009-10-18,8,0.201,0.227
2009-10-18,9,0.204,0.327
2009-10-18,10,0.83,1.786
2009-10-18,11,1.621,1.867
2009-10-18,12,0.819,0.855
2009-10-18,13,1.583,3.363
2009-10-18,14,0.614,1.695
2009-10-18,15,0.228,0.675
2009-10-18,16,0.131,0.255
2009-10-18,17,0.186,0.512
2009-10-18,18,0.586,0.599
2009-10-18,19,0.91,1.0
2009-10-18,20,1.016,2.353
2009-10-18,21,0.949,2.088
2009-10-18,22,0.558,0.741
2009-10-18,23,0.517,0.622
2009-10-18,24,0.131,0.245
2009-10-19,1,0.104,0.215
2009-10-19,2,0.092,0.154
2009-10-19,3,0.103,0.193
2009-10-19,4,0.117,0.259
2009-10-19,5,0.091,0.142
2009-10-19,6,0.245,0.348
2009-10-19,7,0.472,0.574
2009-10-19,8,0.222,0.278
2009-10-19,9,0.406,1.058
2009-10-19,10,0.162,0.274
2009-10-19,11,0.227,0.283
2009-10-19,12,0.09,0.101
2009-10-19,13,1.472,3.089
2009-10-19,14,0.387,0.741
2009-10-19,15,0.126,0.161
2009-10-19,16,0.188,0.207
2009-10-19,17,0.134,0.179
2009-10-19,18,1.272,1.542
2009-10-19,19,0.631,1.254
2009-10-19,20,0.559,0.669
2009-10-19,21,0.445,0.55
2009-10-19,22,0.484,0.61
2009-10-19,23,0.653,0.728
2009-10-19,24,1.025,1.855
2009-10-20,1,0.135,0.17
2009-10-20,2,0.114,0.126
2009-10-20,3,0.151,0.176
2009-10-20,4,0.131,0.216
2009-10-20,5,0.09,0.145
2009-10-20,6,0.273,0.316
2009-10-20,7,0.182,0.682
2009-10-20,8,0.457,0.538
2009-10-20,9,0.574,0.868
2009-10-20,10,0.36,0.529
2009-10-20,11,0.624,0.785
2009-10-20,12,1.224,1.972
2009-10-20,13,0.176,0.423
2009-10-20,14,0.162,0.206
2009-10-20,15,0.281,0.291
2009-10-20,16,0.286,0.366
2009-10-20,17,0.246,2.122
2009-10-20,18,2.267,2.438
2009-10-20,19,0.881,1.291
2009-10-20,20,0.506,0.565
2009-10-20,21,0.627,0.918
2009-10-20,22,0.505,0.882
2009-10-20,23,0.349,0.607
2009-10-20,24,0.307,2.326
2009-10-21,1,0.131,0.195
2009-10-21,2,0.09,0.152
2009-10-21,3,0.136,0.208
2009-10-21,4,0.144,0.207
2009-10-21,5,0.09,0.133
2009-10-21,6,0.255,0.322
2009-10-21,7,0.214,0.506
2009-10-21,8,0.427,0.493
2009-10-21,9,1.235,1.39
2009-10-21,10,0.919,1.548
2009-10-21,11,0.257,0.695
2009-10-21,12,0.166,0.186
2009-10-21,13,1.501,1.545
2009-10-21,14,0.111,0.715
2009-10-21,15,0.26,1.038
2009-10-21,16,0.114,0.274
2009-10-21,17,0.09,0.136
2009-10-21,18,1.118,1.523
2009-10-21,19,0.447,0.564
2009-10-21,20,0.476,0.546
2009-10-21,21,0.535,1.15
2009-10-21,22,1.008,1.11
2009-10-21,23,0.751,1.003
2009-10-21,24,0.162,3.252
2009-10-22,1,0.176,0.183
2009-10-22,2,0.09,0.094
2009-10-22,3,0.15,0.154
2009-10-22,4,0.172,0.18
2009-10-22,5,0.167,0.254
2009-10-22,6,0.326,0.333
2009-10-22,7,0.15,0.183
2009-10-22,8,0.922,1.166
2009-10-22,9,0.698,1.358
2009-10-22,10,1.288,2.484
2009-10-22,11,0.467,1.4
2009-10-22,12,0.281,0.354
2009-10-22,13,0.309,0.374
2009-10-22,14,0.212,0.372
2009-10-22,15,0.203,0.322
2009-10-22,16,0.443,0.497
2009-10-22,17,0.411,0.687
2009-10-22,18,1.05,1.426
2009-10-22,19,0.76,1.03
2009-10-22,20,0.514,0.537
2009-10-22,21,0.414,0.729
2009-10-22,22,0.47,0.534
2009-10-22,23,0.816,2.419
2009-10-22,24,0.257,0.53
2009-10-23,1,0.178,0.183
2009-10-23,2,0.091,0.113
2009-10-23,3,0.145,0.172
2009-10-23,4,0.14,0.19
2009-10-23,5,0.139,0.176
2009-10-23,6,0.235,0.286
2009-10-23,7,0.175,0.914
2009-10-23,8,0.254,0.39
2009-10-23,9,0.26,0.838
2009-10-23,10,0.275,0.279
2009-10-23,11,0.117,0.181
2009-10-23,12,0.103,0.123
2009-10-23,13,0.238,0.253
2009-10-23,14,0.092,0.094
2009-10-23,15,0.289,0.291
2009-10-23,16,0.198,0.289
2009-10-23,17,0.096,0.147
2009-10-23,18,0.803,1.813
2009-10-23,19,1.219,1.694
2009-10-23,20,0.472,2.292
2009-10-23,21,0.664,1.65
2009-10-23,22,0.802,1.135
2009-10-23,23,0.592,0.628
2009-10-23,24,0.509,0.556
2009-10-24,1,0.365,0.8
2009-10-24,2,0.093,0.21
2009-10-24,3,0.093,0.215
2009-10-24,4,0.19,0.241
2009-10-24,5,0.092,0.107
2009-10-24,6,0.253,0.287
2009-10-24,7,0.202,0.221
2009-10-24,8,0.09,0.151
2009-10-24,9,0.198,2.807
2009-10-24,10,1.019,3.27
2009-10-24,11,1.128,3.284
2009-10-24,12,0.158,1.873
2009-10-24,13,0.163,0.274
2009-10-24,14,0.091,0.158
2009-10-24,15,0.225,0.284
2009-10-24,16,0.18,0.351
2009-10-24,17,0.169,0.17
2009-10-24,18,0.204,1.993
2009-10-24,19,0.581,2.87
2009-10-24,20,0.303,0.558
2009-10-24,21,1.21,1.305
2009-10-24,22,0.857,2.461
2009-10-24,23,0.679,0.766
2009-10-24,24,0.437,0.886
2009-10-25,1,0.277,0.492
2009-10-25,2,0.119,0.164
2009-10-25,3,0.174,0.297
2009-10-25,4,0.103,0.236
2009-10-25,5,0.113,0.272
2009-10-25,6,0.192,0.258
2009-10-25,7,0.09,0.12
2009-10-25,8,0.158,0.645
2009-10-25,9,0.212,0.91
2009-10-25,10,0.272,0.469
2009-10-25,11,0.162,2.126
2009-10-25,12,0.16,0.252
2009-10-25,13,0.189,0.214
2009-10-25,14,0.162,0.554
2009-10-25,15,0.091,0.212
2009-10-25,16,0.103,0.19
2009-10-25,17,0.299,0.329
2009-10-25,18,0.15,0.471
2009-10-25,19,0.632,0.692
2009-10-25,20,0.905,1.424
2009-10-25,21,1.367,1.757
2009-10-25,22,1.454,1.682
2009-10-25,23,0.414,0.965
2009-10-25,24,0.256,0.27
2009-10-26,1,0.202,0.298
2009-10-26,2,0.178,0.551
2009-10-26,3,0.161,0.503
2009-10-26,4,0.127,0.2
2009-10-26,5,0.166,0.347
2009-10-26,6,0.168,0.258
2009-10-26,7,0.093,0.097
2009-10-26,8,0.127,0.149
2009-10-26,9,0.162,0.186
2009-10-26,10,0.435,0.721
2009-10-26,11,0.16,0.167
2009-10-26,12,0.317,0.589
2009-10-26,13,1.373,1.933
2009-10-26,14,1.15,1.806
2009-10-26,15,0.897,1.719
2009-10-26,16,0.269,0.827
2009-10-26,17,0.239,0.474
2009-10-26,18,0.413,0.419
2009-10-26,19,0.66,0.805
2009-10-26,20,0.893,0.987
2009-10-26,21,0.466,0.539
2009-10-26,22,0.809,1.612
2009-10-26,23,0.65,0.84
2009-10-26,24,0.555,1.844
2009-10-27,1,0.135,0.137
2009-10-27,2,0.136,0.146
2009-10-27,3,0.091,0.195
2009-10-27,4,0.306,0.359
2009-10-27,5,0.186,0.301
2009-10-27,6,0.106,0.154
2009-10-27,7,0.243,0.602
2009-10-27,8,0.478,0.512
2009-10-27,9,0.438,0.908
2009-10-27,10,0.301,0.453
2009-10-27,11,0.162,0.19
2009-10-27,12,0.13,0.555
2009-10-27,13,0.308,0.342
2009-10-27,14,0.422,0.462
2009-10-27,15,0.968,1.428
2009-10-27,16,0.418,0.508
2009-10-27,17,1.398,2.878
2009-10-27,18,3.182,3.295
2009-10-27,19,2.266,2.561
2009-10-27,20,0.63,0.769
2009-10-27,21,0.446,0.486
2009-10-27,22,0.564,0.942
2009-10-27,23,0.394,0.654
2009-10-27,24,0.133,0.153
2009-10-28,1,0.091,0.173
2009-10-28,2,0.185,0.274
2009-10-28,3,0.092,0.093
2009-10-28,4,0.158,0.282
2009-10-28,5,0.223,0.298
2009-10-28,6,0.09,0.134
2009-10-28,7,0.163,0.935
2009-10-28,8,0.185,0.271
2009-10-28,9,0.674,1.165
2009-10-28,10,0.819,1.666
2009-10-28,11,0.183,1.272
2009-10-28,12,0.165,0.459
2009-10-28,13,0.845,1.727
2009-10-28,14,1.356,1.716
2009-10-28,15,0.364,0.421
2009-10-28,16,0.208,0.25
2009-10-28,17,0.233,0.289
2009-10-28,18,0.248,1.349
2009-10-28,19,0.829,1.02
2009-10-28,20,0.859,1.106
2009-10-28,21,0.465,0.48
2009-10-28,22,0.694,0.716
2009-10-28,23,0.795,0.97
2009-10-28,24,0.343,0.477
2009-10-29,1,0.426,1.918
2009-10-29,2,0.099,0.177
2009-10-29,3,0.126,0.138
2009-10-29,4,0.174,0.395
2009-10-29,5,0.13,0.307
2009-10-29,6,0.099,0.156
2009-10-29,7,0.193,0.197
2009-10-29,8,0.165,0.19
2009-10-29,9,0.112,1.416
2009-10-29,10,0.594,1.067
2009-10-29,11,0.335,0.421
2009-10-29,12,0.215,0.519
2009-10-29,13,0.402,1.728
2009-10-29,14,0.193,0.667
2009-10-29,15,0.123,0.303
2009-10-29,16,0.305,0.581
2009-10-29,17,0.166,0.174
2009-10-29,18,0.093,0.228
2009-10-29,19,0.089,0.182
2009-10-29,20,0.143,0.185
2009-10-29,21,0.103,0.184
2009-10-29,22,0.09,0.251
2009-10-29,23,0.09,0.181
2009-10-29,24,0.128,0.148
2009-10-30,1,0.158,0.218
2009-10-30,2,0.294,0.483
2009-10-30,3,0.115,0.161
2009-10-30,4,0.246,0.307
2009-10-30,5,0.169,0.255
2009-10-30,6,0.103,0.183
2009-10-30,7,0.227,0.233
2009-10-30,8,0.117,0.117
2009-10-30,9,0.176,0.198
2009-10-30,10,0.323,0.873
2009-10-30,11,0.286,0.778
2009-10-30,12,0.246,0.283
2009-10-30,13,0.467,0.479
2009-10-30,14,0.365,0.375
2009-10-30,15,0.298,0.518
2009-10-30,16,0.402,0.536
2009-10-30,17,0.352,0.688
2009-10-30,18,1.515,2.303
2009-10-30,19,0.622,0.666
2009-10-30,20,0.699,0.852
2009-10-30,21,0.728,0.814
2009-10-30,22,0.758,0.952
2009-10-30,23,0.883,1.663
2009-10-30,24,0.175,0.246
2009-10-31,1,0.322,0.354
2009-10-31,2,0.219,0.23
2009-10-31,3,0.176,0.229
2009-10-31,4,0.345,0.639
2009-10-31,5,0.192,0.314
2009-10-31,6,0.093,0.239
2009-10-31,7,0.22,0.458
2009-10-31,8,0.091,0.254
2009-10-31,9,0.091,0.144
2009-10-31,10,0.435,1.273
2009-10-31,11,1.436,3.156
2009-10-31,12,0.2,2.346
2009-10-31,13,0.156,0.455
2009-10-31,14,0.325,0.814
2009-10-31,15,0.532,1.186
2009-10-31,16,0.335,0.686
2009-10-31,17,0.329,0.374
2009-10-31,18,0.288,0.386
2009-10-31,19,1.073,2.237
2009-10-31,20,0.787,1.093
2009-10-31,21,1.045,1.06
2009-10-31,22,0.869,0.969
2009-10-31,23,0.932,1.002
2009-10-31,24,0.651,0.955
2009-11-01,1,0.48,0.561
2009-11-01,2,0.111,0.241
2009-11-01,3,0.146,0.156
2009-11-01,4,0.192,0.247
2009-11-01,5,0.167,0.274
2009-11-01,6,0.11,0.188
2009-11-01,7,0.244,0.249
2009-11-01,8,0.17,0.249
2009-11-01,9,0.133,0.151
2009-11-01,10,0.338,1.301
2009-11-01,11,0.705,3.174
2009-11-01,12,0.651,1.137
2009-11-01,13,1.298,2.104
2009-11-01,14,0.619,1.1
2009-11-01,15,0.155,0.226
2009-11-01,16,0.156,0.315
2009-11-01,17,0.46,0.505
2009-11-01,18,0.242,0.373
2009-11-01,19,0.325,1.348
2009-11-01,20,0.811,2.415
2009-11-01,21,0.726,2.136
2009-11-01,22,0.577,0.818
2009-11-01,23,0.485,0.679
2009-11-01,24,0.364,0.399
2009-11-02,1,0.338,0.356
2009-11-02,2,0.328,0.747
2009-11-02,3,0.142,0.182
2009-11-02,4,0.107,0.257
2009-11-02,5,0.091,0.16
2009-11-02,6,0.091,0.133
2009-11-02,7,0.339,0.383
2009-11-02,8,0.125,0.147
2009-11-02,9,0.894,0.937
2009-11-02,10,0.352,1.727
2009-11-02,11,0.318,0.599
2009-11-02,12,0.105,0.298
2009-11-02,13,0.952,1.079
2009-11-02,14,0.383,0.539
2009-11-02,15,0.14,0.236
2009-11-02,16,0.315,0.379
2009-11-02,17,0.489,0.54
2009-11-02,18,1.228,1.591
2009-11-02,19,0.952,1.127
2009-11-02,20,0.652,0.756
2009-11-02,21,0.619,0.647
2009-11-02,22,0.566,0.605
2009-11-02,23,0.725,0.776
2009-11-02,24,0.232,1.902
2009-11-03,1,0.091,0.141
2009-11-03,2,0.129,0.18
2009-11-03,3,0.105,0.174
2009-11-03,4,0.152,0.181
2009-11-03,5,0.09,0.161
2009-11-03,6,0.103,0.185
2009-11-03,7,0.298,0.381
2009-11-03,8,0.108,0.108
2009-11-03,9,0.642,0.904
2009-11-03,10,0.996,1.259
2009-11-03,11,0.335,0.905
2009-11-03,12,0.327,0.35
2009-11-03,13,0.822,1.694
2009-11-03,14,0.553,1.101
2009-11-03,15,0.253,0.308
2009-11-03,16,0.595,1.737
2009-11-03,17,0.777,2.514
2009-11-03,18,1.588,1.786
2009-11-03,19,0.87,1.257
2009-11-03,20,0.82,0.924
2009-11-03,21,0.639,0.701
2009-11-03,22,0.739,1.47
2009-11-03,23,0.374,0.789
2009-11-03,24,0.091,0.187
2009-11-04,1,0.178,0.274
2009-11-04,2,0.117,0.137
2009-11-04,3,0.14,0.188
2009-11-04,4,0.097,0.241
2009-11-04,5,0.091,0.179
2009-11-04,6,0.13,0.16
2009-11-04,7,0.236,0.259
2009-11-04,8,0.225,0.253
2009-11-04,9,0.885,1.104
2009-11-04,10,1.066,1.154
2009-11-04,11,0.594,1.658
2009-11-04,12,0.575,0.628
2009-11-04,13,1.054,1.255
2009-11-04,14,0.725,1.504
2009-11-04,15,0.265,0.53
2009-11-04,16,0.28,0.627
2009-11-04,17,0.537,0.567
2009-11-04,18,1.099,1.257
2009-11-04,19,0.478,1.125
2009-11-04,20,0.705,0.895
2009-11-04,21,0.551,0.664
2009-11-04,22,0.466,0.499
2009-11-04,23,0.576,0.95
2009-11-04,24,0.144,0.24
2009-11-05,1,0.111,0.179
2009-11-05,2,0.092,0.194
2009-11-05,3,0.185,0.216
2009-11-05,4,0.095,0.096
2009-11-05,5,0.145,0.156
2009-11-05,6,0.187,0.187
2009-11-05,7,0.296,0.301
2009-11-05,8,0.097,0.114
2009-11-05,9,0.931,1.354
2009-11-05,10,0.489,0.755
2009-11-05,11,0.364,1.47
2009-11-05,12,0.26,0.362
2009-11-05,13,0.358,0.382
2009-11-05,14,0.211,0.229
2009-11-05,15,0.409,1.356
2009-11-05,16,0.314,0.388
2009-11-05,17,0.36,0.446
2009-11-05,18,1.324,1.703
2009-11-05,19,1.163,1.213
2009-11-05,20,0.72,1.066
2009-11-05,21,0.622,0.897
2009-11-05,22,0.64,0.641
2009-11-05,23,0.232,0.78
2009-11-05,24,0.17,0.219
2009-11-06,1,0.153,0.239
2009-11-06,2,0.22,0.307
2009-11-06,3,0.152,0.162
2009-11-06,4,0.215,0.218
2009-11-06,5,0.151,0.227
2009-11-06,6,0.285,0.366
2009-11-06,7,0.352,0.367
2009-11-06,8,0.153,0.217
2009-11-06,9,1.013,2.062
2009-11-06,10,0.675,1.66
2009-11-06,11,0.357,0.454
2009-11-06,12,0.324,0.329
2009-11-06,13,0.316,0.363
2009-11-06,14,0.318,0.37
2009-11-06,15,0.376,0.424
2009-11-06,16,0.216,0.29
2009-11-06,17,0.397,0.458
2009-11-06,18,0.408,0.579
2009-11-06,19,0.808,0.896
2009-11-06,20,0.835,1.411
2009-11-06,21,0.679,0.9
2009-11-06,22,0.656,1.028
2009-11-06,23,0.735,0.937
2009-11-06,24,0.379,0.985
2009-11-07,1,0.102,0.126
2009-11-07,2,0.096,0.157
2009-11-07,3,0.093,0.217
2009-11-07,4,0.12,0.251
2009-11-07,5,0.091,0.122
2009-11-07,6,0.099,0.128
2009-11-07,7,0.283,0.379
2009-11-07,8,0.169,0.181
2009-11-07,9,0.114,0.374
2009-11-07,10,1.115,3.022
2009-11-07,11,1.559,3.288
2009-11-07,12,0.409,1.99
2009-11-07,13,0.203,0.275
2009-11-07,14,0.217,0.448
2009-11-07,15,1.491,2.024
2009-11-07,16,1.28,1.889
2009-11-07,17,0.375,0.605
2009-11-07,18,0.506,0.533
2009-11-07,19,0.745,0.85
2009-11-07,20,0.687,1.28
2009-11-07,21,0.557,1.276
2009-11-07,22,0.81,0.996
2009-11-07,23,0.317,0.775
2009-11-07,24,0.296,0.586
2009-11-08,1,0.236,0.425
2009-11-08,2,0.115,0.285
2009-11-08,3,0.141,0.222
2009-11-08,4,0.13,0.273
2009-11-08,5,0.104,0.159
2009-11-08,6,0.093,0.098
2009-11-08,7,0.302,0.339
2009-11-08,8,0.161,0.183
2009-11-08,9,0.108,0.109
2009-11-08,10,0.137,0.766
2009-11-08,11,1.655,1.688
2009-11-08,12,0.944,0.946
2009-11-08,13,2.016,2.236
2009-11-08,14,0.375,0.445
2009-11-08,15,0.315,2.083
2009-11-08,16,0.528,1.896
2009-11-08,17,0.148,0.248
2009-11-08,18,0.276,0.837
2009-11-08,19,0.972,2.86
2009-11-08,20,0.465,0.556
2009-11-08,21,0.729,0.815
2009-11-08,22,0.814,0.918
2009-11-08,23,0.454,0.491
2009-11-08,24,0.248,0.402
2009-11-09,1,0.135,0.208
2009-11-09,2,0.122,0.159
2009-11-09,3,0.093,0.159
2009-11-09,4,0.091,0.16
2009-11-09,5,0.202,0.255
2009-11-09,6,0.09,0.093
2009-11-09,7,0.245,0.276
2009-11-09,8,0.095,0.248
2009-11-09,9,0.442,1.186
2009-11-09,10,0.308,0.33
2009-11-09,11,0.341,0.735
2009-11-09,12,0.199,0.401
2009-11-09,13,0.642,0.934
2009-11-09,14,0.404,0.569
2009-11-09,15,0.345,0.813
2009-11-09,16,0.333,2.664
2009-11-09,17,0.399,0.518
2009-11-09,18,1.27,1.448
2009-11-09,19,0.755,1.028
2009-11-09,20,0.645,0.994
2009-11-09,21,0.813,0.941
2009-11-09,22,0.505,0.769
2009-11-09,23,0.384,0.694
2009-11-09,24,0.09,0.216
2009-11-10,1,0.202,0.216
2009-11-10,2,0.091,0.126
2009-11-10,3,0.138,0.159
2009-11-10,4,0.09,0.137
2009-11-10,5,0.176,0.237
2009-11-10,6,0.089,0.145
2009-11-10,7,0.208,0.321
2009-11-10,8,0.105,0.234
2009-11-10,9,0.335,0.989
2009-11-10,10,0.381,0.471
2009-11-10,11,0.581,0.645
2009-11-10,12,2.152,2.983
2009-11-10,13,1.849,2.125
2009-11-10,14,0.841,1.929
2009-11-10,15,0.803,2.027
2009-11-10,16,0.655,1.682
2009-11-10,17,0.327,0.55
2009-11-10,18,0.632,0.953
2009-11-10,19,0.743,0.835
2009-11-10,20,0.681,0.887
2009-11-10,21,0.664,0.682
2009-11-10,22,0.641,0.778
2009-11-10,23,0.177,0.647
2009-11-10,24,0.18,0.273
2009-11-11,1,0.091,0.137
2009-11-11,2,0.152,0.157
2009-11-11,3,0.097,0.187
2009-11-11,4,0.195,0.277
2009-11-11,5,0.146,0.179
2009-11-11,6,0.111,0.184
2009-11-11,7,0.264,0.381
2009-11-11,8,0.122,0.134
2009-11-11,9,0.265,1.229
2009-11-11,10,0.653,0.669
2009-11-11,11,0.191,0.249
2009-11-11,12,0.683,0.74
2009-11-11,13,1.048,1.295
2009-11-11,14,0.331,1.249
2009-11-11,15,0.289,0.784
2009-11-11,16,0.154,0.243
2009-11-11,17,0.392,0.915
2009-11-11,18,0.921,1.625
2009-11-11,19,0.801,1.109
2009-11-11,20,0.743,0.806
2009-11-11,21,0.588,0.61
2009-11-11,22,0.467,0.582
2009-11-11,23,0.58,0.76
2009-11-11,24,0.146,1.772
2009-11-12,1,0.092,0.158
2009-11-12,2,0.124,0.145
2009-11-12,3,0.181,0.187
2009-11-12,4,0.133,0.155
2009-11-12,5,0.091,0.091
2009-11-12,6,0.154,0.171
2009-11-12,7,0.266,0.388
2009-11-12,8,0.113,0.216
2009-11-12,9,0.311,1.156
2009-11-12,10,0.438,0.55
2009-11-12,11,0.409,0.807
2009-11-12,12,0.205,0.361
2009-11-12,13,0.383,0.398
2009-11-12,14,0.214,0.258
2009-11-12,15,0.487,0.617
2009-11-12,16,0.135,0.183
2009-11-12,17,0.374,0.525
2009-11-12,18,0.932,1.767
2009-11-12,19,0.756,2.249
2009-11-12,20,1.239,1.884
2009-11-12,21,0.624,0.979
2009-11-12,22,0.584,0.608
2009-11-12,23,0.576,0.955
2009-11-12,24,0.441,0.443
2009-11-13,1,0.09,0.206
2009-11-13,2,0.111,0.198
2009-11-13,3,0.138,0.233
2009-11-13,4,0.125,0.134
2009-11-13,5,0.091,0.108
2009-11-13,6,0.177,0.203
2009-11-13,7,0.274,0.291
2009-11-13,8,0.162,0.184
2009-11-13,9,0.708,0.87
2009-11-13,10,0.484,2.752
2009-11-13,11,0.331,0.419
2009-11-13,12,0.243,0.282
2009-11-13,13,0.359,0.442
2009-11-13,14,0.224,1.249
2009-11-13,15,0.543,0.548
2009-11-13,16,0.382,0.392
2009-11-13,17,0.71,2.926
2009-11-13,18,0.727,1.52
2009-11-13,19,1.427,1.465
2009-11-13,20,0.716,0.741
2009-11-13,21,0.667,0.809
2009-11-13,22,0.793,0.899
2009-11-13,23,0.445,0.626
2009-11-13,24,0.395,0.468
2009-11-14,1,0.136,0.212
2009-11-14,2,0.136,0.201
2009-11-14,3,0.099,0.131
2009-11-14,4,0.182,0.221
2009-11-14,5,0.108,0.176
2009-11-14,6,0.098,0.105
2009-11-14,7,0.233,0.311
2009-11-14,8,0.269,1.275
2009-11-14,9,0.239,0.505
2009-11-14,10,1.053,2.48
2009-11-14,11,0.805,1.667
2009-11-14,12,0.109,0.136
2009-11-14,13,0.13,0.364
2009-11-14,14,0.614,1.265
2009-11-14,15,0.508,0.733
2009-11-14,16,0.306,0.749
2009-11-14,17,0.327,0.391
2009-11-14,18,0.49,0.508
2009-11-14,19,0.645,0.734
2009-11-14,20,0.512,0.672
2009-11-14,21,0.541,0.735
2009-11-14,22,0.677,1.282
2009-11-14,23,0.778,0.843
2009-11-14,24,0.635,0.8
2009-11-15,1,0.649,1.076
2009-11-15,2,0.092,0.201
2009-11-15,3,0.091,0.156
2009-11-15,4,0.136,0.157
2009-11-15,5,0.185,0.24
2009-11-15,6,0.092,0.114
2009-11-15,7,0.234,0.264
2009-11-15,8,0.143,0.283
2009-11-15,9,0.167,0.234
2009-11-15,10,0.359,0.523
2009-11-15,11,0.656,2.327
2009-11-15,12,1.017,1.448
2009-11-15,13,1.405,2.115
2009-11-15,14,0.394,1.035
2009-11-15,15,0.634,2.267
2009-11-15,16,0.24,1.945
2009-11-15,17,0.463,0.876
2009-11-15,18,0.361,0.51
2009-11-15,19,0.67,0.741
2009-11-15,20,0.837,3.001
2009-11-15,21,0.556,0.709
2009-11-15,22,0.706,0.875
2009-11-15,23,0.677,0.824
2009-11-15,24,0.484,0.623
2009-11-16,1,0.34,0.815
2009-11-16,2,0.163,0.324
2009-11-16,3,0.109,0.172
2009-11-16,4,0.179,0.243
2009-11-16,5,0.18,0.217
2009-11-16,6,0.114,0.186
2009-11-16,7,0.3,0.323
2009-11-16,8,0.175,0.221
2009-11-16,9,0.404,1.285
2009-11-16,10,0.424,0.452
2009-11-16,11,0.303,0.34
2009-11-16,12,0.143,0.198
2009-11-16,13,0.511,0.63
2009-11-16,14,0.458,0.806
2009-11-16,15,0.288,0.361
2009-11-16,16,0.36,0.533
2009-11-16,17,0.443,0.737
2009-11-16,18,1.2,2.043
2009-11-16,19,0.698,1.191
2009-11-16,20,0.527,0.572
2009-11-16,21,0.44,0.823
2009-11-16,22,0.678,0.689
2009-11-16,23,0.564,0.737
2009-11-16,24,0.213,0.272
2009-11-17,1,0.102,0.16
2009-11-17,2,0.179,0.183
2009-11-17,3,0.091,0.158
2009-11-17,4,0.091,0.126
2009-11-17,5,0.142,0.165
2009-11-17,6,0.187,0.236
2009-11-17,7,0.201,0.285
2009-11-17,8,0.091,0.224
2009-11-17,9,0.628,1.236
2009-11-17,10,0.202,0.363
2009-11-17,11,0.115,0.504
2009-11-17,12,1.096,1.208
2009-11-17,13,1.575,2.057
2009-11-17,14,0.804,1.133
2009-11-17,15,0.423,0.603
2009-11-17,16,0.206,0.47
2009-11-17,17,0.426,0.491
2009-11-17,18,0.728,1.627
2009-11-17,19,0.917,1.66
2009-11-17,20,0.7,1.122
2009-11-17,21,0.548,0.744
2009-11-17,22,0.592,1.008
2009-11-17,23,0.918,2.128
2009-11-17,24,0.216,0.246
2009-11-18,1,0.166,0.269
2009-11-18,2,0.134,0.146
2009-11-18,3,0.091,0.132
2009-11-18,4,0.16,0.17
2009-11-18,5,0.19,0.203
2009-11-18,6,0.091,0.131
2009-11-18,7,0.213,0.315
2009-11-18,8,0.585,0.596
2009-11-18,9,0.299,1.112
2009-11-18,10,0.234,0.399
2009-11-18,11,0.485,0.675
2009-11-18,12,0.565,0.998
2009-11-18,13,0.859,1.36
2009-11-18,14,0.715,1.33
2009-11-18,15,0.379,0.611
2009-11-18,16,0.653,0.808
2009-11-18,17,0.742,0.81
2009-11-18,18,1.47,1.837
2009-11-18,19,0.861,1.281
2009-11-18,20,0.539,1.52
2009-11-18,21,0.562,1.016
2009-11-18,22,0.474,0.753
2009-11-18,23,0.415,0.748
2009-11-18,24,0.554,2.21
2009-11-19,1,0.092,0.18
2009-11-19,2,0.093,0.135
2009-11-19,3,0.135,0.186
2009-11-19,4,0.167,0.185
2009-11-19,5,0.126,0.189
2009-11-19,6,0.098,0.118
2009-11-19,7,0.226,0.366
2009-11-19,8,0.174,0.251
2009-11-19,9,1.317,1.441
2009-11-19,10,2.888,4.118
2009-11-19,11,0.561,1.636
2009-11-19,12,0.271,0.32
2009-11-19,13,0.273,0.371
2009-11-19,14,0.332,0.607
2009-11-19,15,0.33,0.409
2009-11-19,16,0.24,0.329
2009-11-19,17,0.62,0.819
2009-11-19,18,0.498,0.551
2009-11-19,19,0.579,0.902
2009-11-19,20,0.798,1.512
2009-11-19,21,0.737,1.15
2009-11-19,22,0.575,0.593
2009-11-19,23,0.531,0.736
2009-11-19,24,0.469,0.498
2009-11-20,1,0.14,0.169
2009-11-20,2,0.092,0.178
2009-11-20,3,0.226,0.233
2009-11-20,4,0.135,0.149
2009-11-20,5,0.103,0.134
2009-11-20,6,0.126,0.225
2009-11-20,7,0.27,0.291
2009-11-20,8,0.116,0.202
2009-11-20,9,0.709,1.07
2009-11-20,10,0.439,0.92
2009-11-20,11,0.111,0.251
2009-11-20,12,0.119,0.521
2009-11-20,13,0.173,0.339
2009-11-20,14,0.172,0.208
2009-11-20,15,0.122,0.155
2009-11-20,16,0.371,1.47
2009-11-20,17,0.34,2.819
2009-11-20,18,0.441,1.796
2009-11-20,19,0.722,1.113
2009-11-20,20,0.51,0.604
2009-11-20,21,0.333,0.37
2009-11-20,22,0.452,0.583
2009-11-20,23,0.439,0.462
2009-11-20,24,0.403,0.466
2009-11-21,1,0.219,0.342
2009-11-21,2,0.107,0.174
2009-11-21,3,0.189,0.238
2009-11-21,4,0.112,0.198
2009-11-21,5,0.181,0.188
2009-11-21,6,0.108,0.187
2009-11-21,7,0.243,0.274
2009-11-21,8,0.162,0.231
2009-11-21,9,0.13,0.167
2009-11-21,10,0.115,1.505
2009-11-21,11,0.572,1.048
2009-11-21,12,0.201,0.365
2009-11-21,13,0.107,0.141
2009-11-21,14,0.152,0.244
2009-11-21,15,0.092,0.154
2009-11-21,16,0.146,0.525
2009-11-21,17,0.294,0.556
2009-11-21,18,1.186,1.389
2009-11-21,19,0.536,0.976
2009-11-21,20,0.308,0.347
2009-11-21,21,0.32,0.333
2009-11-21,22,0.291,0.349
2009-11-21,23,0.251,0.346
2009-11-21,24,0.273,0.352
2009-11-22,1,0.308,0.311
2009-11-22,2,0.263,0.281
2009-11-22,3,0.237,0.632
2009-11-22,4,0.139,0.155
2009-11-22,5,0.162,0.216
2009-11-22,6,0.163,0.204
2009-11-22,7,0.39,0.421
2009-11-22,8,0.231,0.262
2009-11-22,9,0.252,0.263
2009-11-22,10,0.269,0.64
2009-11-22,11,0.468,0.834
2009-11-22,12,0.633,2.88
2009-11-22,13,0.101,0.171
2009-11-22,14,2.313,3.089
2009-11-22,15,0.512,1.719
2009-11-22,16,0.292,1.919
2009-11-22,17,0.318,1.787
2009-11-22,18,1.317,1.909
2009-11-22,19,0.439,0.867
2009-11-22,20,0.444,0.76
2009-11-22,21,0.381,0.473
2009-11-22,22,1.182,1.931
2009-11-22,23,0.544,1.37
2009-11-22,24,0.159,0.487
2009-11-23,1,0.143,0.209
2009-11-23,2,0.117,0.141
2009-11-23,3,0.11,0.18
2009-11-23,4,0.092,0.1
2009-11-23,5,0.175,0.186
2009-11-23,6,0.097,0.151
2009-11-23,7,0.246,0.271
2009-11-23,8,0.13,0.23
2009-11-23,9,0.43,1.029
2009-11-23,10,0.476,1.912
2009-11-23,11,0.403,0.461
2009-11-23,12,1.872,2.656
2009-11-23,13,0.225,0.359
2009-11-23,14,0.17,0.426
2009-11-23,15,0.337,0.476
2009-11-23,16,0.304,0.392
2009-11-23,17,0.565,0.599
2009-11-23,18,1.084,2.071
2009-11-23,19,0.945,1.348
2009-11-23,20,0.683,0.775
2009-11-23,21,0.498,0.66
2009-11-23,22,0.467,1.184
2009-11-23,23,0.262,0.413
2009-11-23,24,0.131,0.192
2009-11-24,1,0.108,0.117
2009-11-24,2,0.158,0.185
2009-11-24,3,0.148,0.165
2009-11-24,4,0.09,0.226
2009-11-24,5,0.089,0.132
2009-11-24,6,0.127,0.163
2009-11-24,7,0.198,0.339
2009-11-24,8,0.184,0.26
2009-11-24,9,0.375,1.14
2009-11-24,10,0.488,0.81
2009-11-24,11,0.808,0.916
2009-11-24,12,0.311,0.578
2009-11-24,13,0.616,1.674
2009-11-24,14,0.475,1.4
2009-11-24,15,0.253,0.445
2009-11-24,16,0.25,0.29
2009-11-24,17,0.325,0.435
2009-11-24,18,1.698,2.043
2009-11-24,19,1.11,2.515
2009-11-24,20,1.44,2.091
2009-11-24,21,0.52,0.685
2009-11-24,22,0.764,0.856
2009-11-24,23,0.7,2.062
2009-11-24,24,0.089,0.159
2009-11-25,1,0.09,0.222
2009-11-25,2,0.09,0.242
2009-11-25,3,0.097,0.156
2009-11-25,4,0.09,0.154
2009-11-25,5,0.2,0.232
2009-11-25,6,0.091,0.822
2009-11-25,7,0.316,0.338
2009-11-25,8,0.226,0.259
2009-11-25,9,0.421,1.069
2009-11-25,10,0.383,0.392
2009-11-25,11,0.156,1.028
2009-11-25,12,2.137,2.273
2009-11-25,13,0.553,2.701
2009-11-25,14,0.269,0.314
2009-11-25,15,0.351,0.418
2009-11-25,16,0.282,0.652
2009-11-25,17,0.391,0.431
2009-11-25,18,0.326,1.166
2009-11-25,19,0.673,0.884
2009-11-25,20,0.677,0.683
2009-11-25,21,0.195,0.229
2009-11-25,22,1.27,2.081
2009-11-25,23,0.446,0.862
2009-11-25,24,0.151,0.37
2009-11-26,1,0.195,0.201
2009-11-26,2,0.11,0.114
2009-11-26,3,0.122,0.155
2009-11-26,4,0.115,0.224
2009-11-26,5,0.26,0.28
2009-11-26,6,0.09,0.116
2009-11-26,7,0.251,0.273
2009-11-26,8,0.098,0.254
2009-11-26,9,0.637,1.281
2009-11-26,10,0.365,0.679
2009-11-26,11,0.209,0.344
2009-11-26,12,0.681,1.356
2009-11-26,13,0.683,0.787
2009-11-26,14,1.078,1.828
2009-11-26,15,0.316,0.987
2009-11-26,16,0.212,0.458
2009-11-26,17,0.367,0.443
2009-11-26,18,0.301,0.916
2009-11-26,19,1.162,2.159
2009-11-26,20,0.954,1.169
2009-11-26,21,0.644,0.675
2009-11-26,22,0.644,0.694
2009-11-26,23,0.694,1.356
2009-11-26,24,0.274,0.794
2009-11-27,1,0.091,0.092
2009-11-27,2,0.09,0.158
2009-11-27,3,0.091,0.253
2009-11-27,4,0.092,0.166
2009-11-27,5,0.104,0.153
2009-11-27,6,0.092,0.122
2009-11-27,7,0.283,0.329
2009-11-27,8,0.194,0.215
2009-11-27,9,0.755,1.103
2009-11-27,10,0.452,0.488
2009-11-27,11,0.272,0.533
2009-11-27,12,0.137,0.501
2009-11-27,13,0.132,0.191
2009-11-27,14,0.126,0.664
2009-11-27,15,0.421,2.156
2009-11-27,16,0.571,1.831
2009-11-27,17,0.474,0.556
2009-11-27,18,0.534,0.771
2009-11-27,19,0.688,1.089
2009-11-27,20,0.683,0.857
2009-11-27,21,0.644,0.679
2009-11-27,22,0.468,1.081
2009-11-27,23,0.729,0.777
2009-11-27,24,0.388,0.427
2009-11-28,1,0.095,0.157
2009-11-28,2,0.122,0.143
2009-11-28,3,0.142,0.203
2009-11-28,4,0.128,0.21
2009-11-28,5,0.094,0.094
2009-11-28,6,0.096,0.164
2009-11-28,7,0.212,0.394
2009-11-28,8,0.094,0.194
2009-11-28,9,0.092,0.164
2009-11-28,10,0.741,1.895
2009-11-28,11,1.295,1.539
2009-11-28,12,0.595,1.342
2009-11-28,13,0.279,0.318
2009-11-28,14,0.261,0.332
2009-11-28,15,0.378,0.472
2009-11-28,16,0.273,0.291
2009-11-28,17,2.302,2.452
2009-11-28,18,1.123,1.163
2009-11-28,19,0.912,0.984
2009-11-28,20,0.911,1.086
2009-11-28,21,0.66,0.762
2009-11-28,22,1.064,1.446
2009-11-28,23,0.634,0.748
2009-11-28,24,0.608,0.716
2009-11-29,1,0.347,0.475
2009-11-29,2,0.359,0.822
2009-11-29,3,0.1,0.111
2009-11-29,4,0.206,0.223
2009-11-29,5,0.099,0.108
2009-11-29,6,0.109,0.191
2009-11-29,7,0.218,0.316
2009-11-29,8,0.174,0.22
2009-11-29,9,0.145,0.221
2009-11-29,10,0.418,0.712
2009-11-29,11,0.945,2.583
2009-11-29,12,0.832,1.022
2009-11-29,13,1.538,2.138
2009-11-29,14,0.631,1.187
2009-11-29,15,0.616,1.84
2009-11-29,16,1.053,1.472
2009-11-29,17,0.48,0.892
2009-11-29,18,0.498,0.513
2009-11-29,19,1.054,2.077
2009-11-29,20,0.846,0.884
2009-11-29,21,1.036,1.074
2009-11-29,22,0.773,1.055
2009-11-29,23,0.389,0.734
2009-11-29,24,0.16,0.401
2009-11-30,1,0.147,0.231
2009-11-30,2,0.106,0.219
2009-11-30,3,0.137,0.142
2009-11-30,4,0.103,0.141
2009-11-30,5,0.22,0.253
2009-11-30,6,0.102,0.102
2009-11-30,7,0.246,0.318
2009-11-30,8,0.418,0.845
2009-11-30,9,0.37,1.033
2009-11-30,10,1.635,1.747
2009-11-30,11,0.65,1.192
2009-11-30,12,0.333,1.515
2009-11-30,13,0.734,3.55
2009-11-30,14,0.563,1.532
2009-11-30,15,0.657,0.914
2009-11-30,16,0.34,0.406
2009-11-30,17,0.769,0.794
2009-11-30,18,1.195,1.953
2009-11-30,19,0.848,1.227
2009-11-30,20,0.608,0.707
2009-11-30,21,0.48,0.623
2009-11-30,22,0.433,0.466
2009-11-30,23,0.482,1.412
2009-11-30,24,0.416,0.437
2009-12-01,1,0.136,0.181
2009-12-01,2,0.107,0.178
2009-12-01,3,0.176,0.191
2009-12-01,4,0.092,0.149
2009-12-01,5,0.16,0.202
2009-12-01,6,0.147,0.182
2009-12-01,7,0.322,0.437
2009-12-01,8,0.218,0.226
2009-12-01,9,0.316,1.076
2009-12-01,10,0.338,0.857
2009-12-01,11,0.25,0.377
2009-12-01,12,0.192,0.203
2009-12-01,13,1.07,1.72
2009-12-01,14,0.297,0.5
2009-12-01,15,0.39,0.478
2009-12-01,16,0.36,0.374
2009-12-01,17,0.453,0.478
2009-12-01,18,1.505,2.016
2009-12-01,19,1.019,2.508
2009-12-01,20,0.903,2.436
2009-12-01,21,0.67,0.823
2009-12-01,22,0.768,1.556
2009-12-01,23,0.655,2.11
2009-12-01,24,0.093,0.159
2009-12-02,1,0.161,0.239
2009-12-02,2,0.092,0.112
2009-12-02,3,0.137,0.172
2009-12-02,4,0.092,0.092
2009-12-02,5,0.16,0.198
2009-12-02,6,0.142,0.152
2009-12-02,7,0.241,0.26
2009-12-02,8,0.143,0.187
2009-12-02,9,0.835,1.208
2009-12-02,10,0.465,0.66
2009-12-02,11,0.182,0.291
2009-12-02,12,0.402,1.177
2009-12-02,13,0.772,1.211
2009-12-02,14,1.389,1.57
2009-12-02,15,0.796,0.823
2009-12-02,16,0.717,1.558
2009-12-02,17,1.654,1.689
2009-12-02,18,1.306,2.466
2009-12-02,19,0.742,1.193
2009-12-02,20,0.8,0.88
2009-12-02,21,0.637,0.706
2009-12-02,22,0.554,0.711
2009-12-02,23,0.415,0.714
2009-12-02,24,0.295,0.463
2009-12-03,1,0.093,0.169
2009-12-03,2,0.092,0.17
2009-12-03,3,0.097,0.129
2009-12-03,4,0.125,0.26
2009-12-03,5,0.092,0.147
2009-12-03,6,0.091,0.161
2009-12-03,7,0.205,0.321
2009-12-03,8,0.267,0.355
2009-12-03,9,0.333,1.716
2009-12-03,10,0.362,0.905
2009-12-03,11,0.436,0.956
2009-12-03,12,0.472,0.972
2009-12-03,13,0.246,0.337
2009-12-03,14,0.545,0.894
2009-12-03,15,0.37,0.496
2009-12-03,16,0.263,0.327
2009-12-03,17,1.874,3.242
2009-12-03,18,0.88,0.902
2009-12-03,19,0.535,0.591
2009-12-03,20,0.481,0.671
2009-12-03,21,0.486,0.724
2009-12-03,22,0.728,0.771
2009-12-03,23,0.377,0.482
2009-12-03,24,0.108,0.114
2009-12-04,1,0.186,0.212
2009-12-04,2,0.098,0.17
2009-12-04,3,0.092,0.101
2009-12-04,4,0.091,0.151
2009-12-04,5,0.137,0.259
2009-12-04,6,0.09,0.188
2009-12-04,7,0.211,0.321
2009-12-04,8,0.109,0.211
2009-12-04,9,0.5,1.445
2009-12-04,10,0.566,0.838
2009-12-04,11,0.207,0.21
2009-12-04,12,0.284,0.415
2009-12-04,13,0.309,0.381
2009-12-04,14,0.364,0.41
2009-12-04,15,0.23,0.523
2009-12-04,16,1.084,1.349
2009-12-04,17,1.321,1.438
2009-12-04,18,0.768,0.821
2009-12-04,19,0.635,0.984
2009-12-04,20,1.266,1.522
2009-12-04,21,0.831,1.285
2009-12-04,22,0.689,1.016
2009-12-04,23,0.635,0.862
2009-12-04,24,0.47,0.556
2009-12-05,1,0.097,0.25
2009-12-05,2,0.156,0.183
2009-12-05,3,0.096,0.139
2009-12-05,4,0.122,0.176
2009-12-05,5,0.128,0.223
2009-12-05,6,0.095,0.159
2009-12-05,7,0.213,0.324
2009-12-05,8,0.096,0.13
2009-12-05,9,0.267,0.714
2009-12-05,10,0.543,1.267
2009-12-05,11,1.347,2.308
2009-12-05,12,0.385,0.543
2009-12-05,13,0.892,1.181
2009-12-05,14,0.335,0.893
2009-12-05,15,0.579,0.618
2009-12-05,16,0.441,0.635
2009-12-05,17,0.639,0.717
2009-12-05,18,0.549,0.55
2009-12-05,19,0.69,0.741
2009-12-05,20,0.759,2.017
2009-12-05,21,0.745,1.281
2009-12-05,22,0.793,1.248
2009-12-05,23,0.396,0.714
2009-12-05,24,0.186,0.495
2009-12-06,1,0.187,0.248
2009-12-06,2,0.2,0.281
2009-12-06,3,0.32,0.537
2009-12-06,4,0.113,0.267
2009-12-06,5,0.187,0.241
2009-12-06,6,0.238,0.268
2009-12-06,7,0.248,0.281
2009-12-06,8,0.165,0.231
2009-12-06,9,0.167,0.247
2009-12-06,10,0.684,0.722
2009-12-06,11,0.228,1.156
2009-12-06,12,1.085,1.544
2009-12-06,13,1.802,1.963
2009-12-06,14,0.367,0.563
2009-12-06,15,0.224,0.309
2009-12-06,16,0.143,0.169
2009-12-06,17,0.305,0.31
2009-12-06,18,0.237,0.574
2009-12-06,19,0.7,1.546
2009-12-06,20,0.79,0.887
2009-12-06,21,0.743,1.162
2009-12-06,22,0.663,0.98
2009-12-06,23,0.364,0.885
2009-12-06,24,0.212,0.625
2009-12-07,1,0.204,0.232
2009-12-07,2,0.105,0.16
2009-12-07,3,0.093,0.162
2009-12-07,4,0.092,0.131
2009-12-07,5,0.208,0.21
2009-12-07,6,0.093,0.187
2009-12-07,7,0.207,0.307
2009-12-07,8,0.117,0.182
2009-12-07,9,1.319,1.434
2009-12-07,10,1.536,1.538
2009-12-07,11,0.386,1.046
2009-12-07,12,0.353,0.461
2009-12-07,13,0.45,1.466
2009-12-07,14,0.294,0.934
2009-12-07,15,0.193,0.634
2009-12-07,16,0.181,0.397
2009-12-07,17,0.344,0.357
2009-12-07,18,1.301,1.908
2009-12-07,19,1.039,1.198
2009-12-07,20,0.827,0.864
2009-12-07,21,0.183,0.237
2009-12-07,22,0.327,0.488
2009-12-07,23,1.276,2.296
2009-12-07,24,0.157,0.162
2009-12-08,1,0.092,0.127
2009-12-08,2,0.146,0.187
2009-12-08,3,0.155,0.172
2009-12-08,4,0.091,0.132
2009-12-08,5,0.093,0.153
2009-12-08,6,0.145,0.198
2009-12-08,7,0.297,0.312
2009-12-08,8,0.114,0.29
2009-12-08,9,1.228,2.091
2009-12-08,10,0.846,1.306
2009-12-08,11,0.204,0.463
2009-12-08,12,0.191,0.654
2009-12-08,13,1.363,1.416
2009-12-08,14,1.14,1.462
2009-12-08,15,0.482,0.849
2009-12-08,16,0.209,0.315
2009-12-08,17,0.482,0.578
2009-12-08,18,1.226,1.89
2009-12-08,19,0.75,1.292
2009-12-08,20,0.819,0.839
2009-12-08,21,0.621,0.825
2009-12-08,22,0.698,0.85
2009-12-08,23,0.752,1.3
2009-12-08,24,0.089,0.403
2009-12-09,1,0.095,0.155
2009-12-09,2,0.09,0.245
2009-12-09,3,0.109,0.208
2009-12-09,4,0.109,0.123
2009-12-09,5,0.12,0.134
2009-12-09,6,0.182,0.215
2009-12-09,7,0.251,0.281
2009-12-09,8,0.105,0.209
2009-12-09,9,0.388,1.392
2009-12-09,10,0.425,0.744
2009-12-09,11,0.188,0.317
2009-12-09,12,0.247,0.506
2009-12-09,13,1.024,1.624
2009-12-09,14,0.555,1.064
2009-12-09,15,0.406,0.571
2009-12-09,16,0.424,2.089
2009-12-09,17,0.611,2.347
2009-12-09,18,1.32,1.772
2009-12-09,19,0.726,1.014
2009-12-09,20,0.78,0.791
2009-12-09,21,0.432,0.666
2009-12-09,22,0.719,1.282
2009-12-09,23,0.497,1.069
2009-12-09,24,0.09,0.423
2009-12-10,1,0.159,0.221
2009-12-10,2,0.175,0.224
2009-12-10,3,0.094,0.16
2009-12-10,4,0.101,0.104
2009-12-10,5,0.218,0.274
2009-12-10,6,0.09,0.105
2009-12-10,7,0.252,0.267
2009-12-10,8,0.156,0.813
2009-12-10,9,0.783,0.988
2009-12-10,10,0.492,0.613
2009-12-10,11,0.206,0.272
2009-12-10,12,0.387,0.487
2009-12-10,13,0.297,0.302
2009-12-10,14,0.486,0.767
2009-12-10,15,0.273,0.509
2009-12-10,16,0.27,0.387
2009-12-10,17,0.379,1.335
2009-12-10,18,1.064,1.252
2009-12-10,19,0.677,0.79
2009-12-10,20,0.669,1.12
2009-12-10,21,0.471,0.574
2009-12-10,22,0.425,0.997
2009-12-10,23,0.383,0.53
2009-12-10,24,0.185,1.917
2009-12-11,1,0.104,0.126
2009-12-11,2,0.109,0.165
2009-12-11,3,0.092,0.212
2009-12-11,4,0.165,0.18
2009-12-11,5,0.114,0.115
2009-12-11,6,0.132,0.247
2009-12-11,7,0.358,0.367
2009-12-11,8,0.201,0.211
2009-12-11,9,0.683,1.172
2009-12-11,10,0.822,0.952
2009-12-11,11,0.306,0.4
2009-12-11,12,0.207,0.316
2009-12-11,13,0.162,0.192
2009-12-11,14,0.342,0.564
2009-12-11,15,0.141,0.273
2009-12-11,16,0.175,0.409
2009-12-11,17,0.61,0.662
2009-12-11,18,0.507,1.04
2009-12-11,19,0.65,0.683
2009-12-11,20,0.722,0.746
2009-12-11,21,0.57,0.578
2009-12-11,22,0.563,1.646
2009-12-11,23,0.904,1.267
2009-12-11,24,0.129,0.32
2009-12-12,1,0.113,0.183
2009-12-12,2,0.102,0.139
2009-12-12,3,0.156,0.187
2009-12-12,4,0.16,0.166
2009-12-12,5,0.096,0.112
2009-12-12,6,0.105,0.16
2009-12-12,7,0.247,1.065
2009-12-12,8,0.637,1.816
2009-12-12,9,0.091,0.155
2009-12-12,10,0.209,0.592
2009-12-12,11,1.71,2.301
2009-12-12,12,0.337,1.115
2009-12-12,13,0.142,0.205
2009-12-12,14,0.092,0.135
2009-12-12,15,0.131,0.188
2009-12-12,16,0.105,0.212
2009-12-12,17,0.284,0.294
2009-12-12,18,0.211,0.318
2009-12-12,19,0.412,0.423
2009-12-12,20,0.532,2.484
2009-12-12,21,0.772,2.213
2009-12-12,22,0.525,3.055
2009-12-12,23,0.458,0.811
2009-12-12,24,0.25,0.283
2009-12-13,1,0.257,0.312
2009-12-13,2,0.196,0.241
2009-12-13,3,0.094,0.227
2009-12-13,4,0.093,0.112
2009-12-13,5,0.093,0.148
2009-12-13,6,0.112,0.236
2009-12-13,7,0.28,0.29
2009-12-13,8,0.092,0.174
2009-12-13,9,0.115,0.177
2009-12-13,10,0.321,0.95
2009-12-13,11,0.201,1.281
2009-12-13,12,0.092,0.184
2009-12-13,13,0.11,0.396
2009-12-13,14,0.091,0.449
2009-12-13,15,0.135,0.189
2009-12-13,16,0.153,0.173
2009-12-13,17,0.704,1.521
2009-12-13,18,0.83,0.902
2009-12-13,19,0.896,0.957
2009-12-13,20,0.882,1.245
2009-12-13,21,0.663,0.701
2009-12-13,22,1.146,1.168
2009-12-13,23,0.406,0.882
2009-12-13,24,0.093,0.16
2009-12-14,1,0.092,0.136
2009-12-14,2,0.112,0.174
2009-12-14,3,0.15,0.202
2009-12-14,4,0.091,0.091
2009-12-14,5,0.091,0.153
2009-12-14,6,0.09,0.168
2009-12-14,7,0.29,0.349
2009-12-14,8,0.119,0.204
2009-12-14,9,0.277,1.418
2009-12-14,10,0.604,0.657
2009-12-14,11,0.262,0.993
2009-12-14,12,0.565,2.104
2009-12-14,13,0.292,1.118
2009-12-14,14,0.35,0.78
2009-12-14,15,1.253,1.462
2009-12-14,16,0.359,0.462
2009-12-14,17,0.617,3.005
2009-12-14,18,2.912,3.212
2009-12-14,19,2.078,2.796
2009-12-14,20,1.287,2.253
2009-12-14,21,0.199,0.546
2009-12-14,22,0.249,0.55
2009-12-14,23,0.521,1.192
2009-12-14,24,0.19,1.67
2009-12-15,1,0.146,0.326
2009-12-15,2,0.094,0.174
2009-12-15,3,0.099,0.144
2009-12-15,4,0.106,0.164
2009-12-15,5,0.114,0.125
2009-12-15,6,0.121,0.243
2009-12-15,7,0.204,0.324
2009-12-15,8,0.189,0.842
2009-12-15,9,0.632,0.794
2009-12-15,10,0.972,1.556
2009-12-15,11,0.194,0.51
2009-12-15,12,1.486,1.968
2009-12-15,13,1.069,1.613
2009-12-15,14,0.763,2.141
2009-12-15,15,0.419,0.711
2009-12-15,16,0.188,0.237
2009-12-15,17,0.538,0.687
2009-12-15,18,0.662,0.743
2009-12-15,19,0.849,1.197
2009-12-15,20,0.779,1.132
2009-12-15,21,0.703,0.754
2009-12-15,22,0.711,1.338
2009-12-15,23,0.685,0.89
2009-12-15,24,0.415,0.45
2009-12-16,1,0.089,0.193
2009-12-16,2,0.089,0.13
2009-12-16,3,0.127,0.183
2009-12-16,4,0.158,0.171
2009-12-16,5,0.089,0.089
2009-12-16,6,0.089,0.151
2009-12-16,7,0.248,0.367
2009-12-16,8,0.239,0.317
2009-12-16,9,0.933,1.347
2009-12-16,10,0.356,0.495
2009-12-16,11,0.228,0.74
2009-12-16,12,0.672,1.033
2009-12-16,13,0.498,0.728
2009-12-16,14,0.424,0.706
2009-12-16,15,0.447,0.498
2009-12-16,16,0.275,0.499
2009-12-16,17,0.77,0.926
2009-12-16,18,1.298,1.75
2009-12-16,19,0.96,0.975
2009-12-16,20,0.695,0.845
2009-12-16,21,0.621,0.684
2009-12-16,22,0.708,1.005
2009-12-16,23,0.684,1.117
2009-12-16,24,0.357,0.651
2009-12-17,1,0.09,0.129
2009-12-17,2,0.092,0.136
2009-12-17,3,0.09,0.135
2009-12-17,4,0.151,0.224
2009-12-17,5,0.089,0.13
2009-12-17,6,0.114,0.142
2009-12-17,7,0.203,0.287
2009-12-17,8,0.105,0.352
2009-12-17,9,1.417,1.818
2009-12-17,10,1.028,1.77
2009-12-17,11,0.367,1.766
2009-12-17,12,1.018,1.21
2009-12-17,13,0.434,0.435
2009-12-17,14,0.396,3.049
2009-12-17,15,0.806,1.153
2009-12-17,16,0.286,0.401
2009-12-17,17,0.372,0.666
2009-12-17,18,1.572,3.779
2009-12-17,19,1.021,2.307
2009-12-17,20,0.791,0.798
2009-12-17,21,0.698,1.012
2009-12-17,22,0.746,1.703
2009-12-17,23,0.433,0.556
2009-12-17,24,0.144,2.252
2009-12-18,1,0.089,0.107
2009-12-18,2,0.189,0.237
2009-12-18,3,0.09,0.14
2009-12-18,4,0.09,0.148
2009-12-18,5,0.101,0.169
2009-12-18,6,0.14,0.151
2009-12-18,7,0.28,0.328
2009-12-18,8,0.13,0.22
2009-12-18,9,0.399,1.601
2009-12-18,10,0.372,0.733
2009-12-18,11,0.985,1.091
2009-12-18,12,0.261,1.916
2009-12-18,13,0.209,0.455
2009-12-18,14,0.212,0.291
2009-12-18,15,0.408,4.736
2009-12-18,16,0.255,0.326
2009-12-18,17,0.557,0.84
2009-12-18,18,0.689,0.713
2009-12-18,19,0.722,0.79
2009-12-18,20,0.844,0.873
2009-12-18,21,0.682,2.207
2009-12-18,22,0.91,1.154
2009-12-18,23,0.538,0.837
2009-12-18,24,0.238,0.254
2009-12-19,1,0.151,0.261
2009-12-19,2,0.092,0.135
2009-12-19,3,0.249,0.409
2009-12-19,4,0.091,0.133
2009-12-19,5,0.119,0.146
2009-12-19,6,0.091,0.144
2009-12-19,7,0.225,0.251
2009-12-19,8,0.206,0.264
2009-12-19,9,0.095,0.803
2009-12-19,10,1.243,2.728
2009-12-19,11,1.0,2.175
2009-12-19,12,0.52,1.846
2009-12-19,13,0.126,0.63
2009-12-19,14,0.091,0.094
2009-12-19,15,0.252,0.479
2009-12-19,16,0.989,1.117
2009-12-19,17,0.335,0.685
2009-12-19,18,0.243,0.377
2009-12-19,19,0.564,0.653
2009-12-19,20,0.849,1.206
2009-12-19,21,0.671,1.053
2009-12-19,22,0.928,1.313
2009-12-19,23,0.221,0.763
2009-12-19,24,0.178,0.243
2009-12-20,1,0.222,0.272
2009-12-20,2,0.367,0.732
2009-12-20,3,0.286,0.334
2009-12-20,4,0.092,0.1
2009-12-20,5,0.124,0.176
2009-12-20,6,0.156,0.195
2009-12-20,7,0.294,0.336
2009-12-20,8,0.101,0.103
2009-12-20,9,0.147,0.285
2009-12-20,10,0.663,1.332
2009-12-20,11,0.797,1.234
2009-12-20,12,1.3,1.962
2009-12-20,13,2.013,2.162
2009-12-20,14,0.35,0.597
2009-12-20,15,0.38,0.439
2009-12-20,16,0.173,0.186
2009-12-20,17,0.268,0.427
2009-12-20,18,0.479,0.907
2009-12-20,19,1.185,1.528
2009-12-20,20,1.018,1.021
2009-12-20,21,0.788,1.73
2009-12-20,22,1.46,2.486
2009-12-20,23,0.622,1.968
2009-12-20,24,0.091,0.291
2009-12-21,1,0.135,0.153
2009-12-21,2,0.093,0.093
2009-12-21,3,0.283,0.302
2009-12-21,4,0.187,0.196
2009-12-21,5,0.092,0.108
2009-12-21,6,0.098,0.155
2009-12-21,7,0.289,0.295
2009-12-21,8,0.13,1.231
2009-12-21,9,0.751,0.828
2009-12-21,10,0.854,1.481
2009-12-21,11,0.335,0.467
2009-12-21,12,0.36,0.393
2009-12-21,13,2.572,4.641
2009-12-21,14,0.398,1.169
2009-12-21,15,0.421,0.955
2009-12-21,16,0.186,0.284
2009-12-21,17,0.456,3.53
2009-12-21,18,0.791,3.334
2009-12-21,19,0.64,0.847
2009-12-21,20,0.736,0.949
2009-12-21,21,1.501,2.128
2009-12-21,22,1.27,2.073
2009-12-21,23,1.189,2.663
2009-12-21,24,0.182,0.239
2009-12-22,1,0.092,0.155
2009-12-22,2,0.104,0.177
2009-12-22,3,0.259,0.272
2009-12-22,4,0.143,0.215
2009-12-22,5,0.119,0.161
2009-12-22,6,0.125,0.161
2009-12-22,7,0.21,0.245
2009-12-22,8,0.222,0.75
2009-12-22,9,1.326,1.718
2009-12-22,10,0.345,1.139
2009-12-22,11,0.174,0.484
2009-12-22,12,0.255,0.312
2009-12-22,13,0.393,1.186
2009-12-22,14,0.303,2.258
2009-12-22,15,1.39,1.41
2009-12-22,16,0.216,0.588
2009-12-22,17,0.334,0.461
2009-12-22,18,0.293,0.802
2009-12-22,19,0.685,0.88
2009-12-22,20,0.717,0.74
2009-12-22,21,0.966,1.9
2009-12-22,22,0.803,1.357
2009-12-22,23,0.52,0.821
2009-12-22,24,0.413,0.506
2009-12-23,1,0.091,0.121
2009-12-23,2,0.128,0.168
2009-12-23,3,0.347,0.377
2009-12-23,4,0.096,0.138
2009-12-23,5,0.107,0.122
2009-12-23,6,0.131,0.154
2009-12-23,7,0.241,0.243
2009-12-23,8,0.217,0.356
2009-12-23,9,1.603,2.276
2009-12-23,10,0.813,2.037
2009-12-23,11,0.361,0.488
2009-12-23,12,0.334,0.492
2009-12-23,13,1.174,2.18
2009-12-23,14,0.251,0.571
2009-12-23,15,0.434,0.827
2009-12-23,16,0.19,0.27
2009-12-23,17,0.412,0.572
2009-12-23,18,0.344,1.29
2009-12-23,19,1.31,2.739
2009-12-23,20,0.807,0.84
2009-12-23,21,1.318,1.846
2009-12-23,22,0.819,0.93
2009-12-23,23,0.782,0.782
2009-12-23,24,0.652,0.73
2009-12-24,1,0.562,0.594
2009-12-24,2,0.369,0.833
2009-12-24,3,0.313,0.648
2009-12-24,4,0.188,0.282
2009-12-24,5,0.203,0.282
2009-12-24,6,0.183,0.185
2009-12-24,7,0.229,0.251
2009-12-24,8,0.112,0.165
2009-12-24,9,0.095,0.281
2009-12-24,10,0.404,2.939
2009-12-24,11,1.476,1.689
2009-12-24,12,0.204,2.2
2009-12-24,13,1.85,2.99
2009-12-24,14,0.77,1.018
2009-12-24,15,1.017,1.08
2009-12-24,16,0.87,1.652
2009-12-24,17,3.264,4.815
2009-12-24,18,0.529,2.206
2009-12-24,19,1.945,2.71
2009-12-24,20,1.434,1.937
2009-12-24,21,1.347,1.597
2009-12-24,22,2.109,3.135
2009-12-24,23,1.386,3.001
2009-12-24,24,0.648,2.659
2009-12-25,1,0.728,0.882
2009-12-25,2,0.13,0.16
2009-12-25,3,0.299,0.373
2009-12-25,4,0.185,0.266
2009-12-25,5,0.092,0.145
2009-12-25,6,0.115,0.142
2009-12-25,7,0.215,0.316
2009-12-25,8,0.109,0.192
2009-12-25,9,0.211,0.232
2009-12-25,10,1.212,2.811
2009-12-25,11,0.291,1.108
2009-12-25,12,0.136,0.146
2009-12-25,13,0.184,1.779
2009-12-25,14,0.212,0.844
2009-12-25,15,0.09,0.091
2009-12-25,16,0.107,0.161
2009-12-25,17,0.228,0.283
2009-12-25,18,0.19,0.767
2009-12-25,19,0.718,0.769
2009-12-25,20,1.032,1.098
2009-12-25,21,0.835,0.888
2009-12-25,22,1.131,1.202
2009-12-25,23,0.693,0.993
2009-12-25,24,0.28,0.295
2009-12-26,1,0.189,0.207
2009-12-26,2,0.15,0.19
2009-12-26,3,0.214,0.292
2009-12-26,4,0.097,0.117
2009-12-26,5,0.089,0.165
2009-12-26,6,0.089,0.175
2009-12-26,7,0.269,0.343
2009-12-26,8,0.116,0.14
2009-12-26,9,0.09,0.205
2009-12-26,10,0.328,0.931
2009-12-26,11,0.225,1.526
2009-12-26,12,1.086,2.326
2009-12-26,13,1.444,1.916
2009-12-26,14,0.194,0.358
2009-12-26,15,0.17,2.333
2009-12-26,16,0.487,2.38
2009-12-26,17,0.386,0.413
2009-12-26,18,0.436,0.612
2009-12-26,19,0.658,0.707
2009-12-26,20,0.741,1.579
2009-12-26,21,0.788,0.919
2009-12-26,22,0.851,1.248
2009-12-26,23,0.639,1.321
2009-12-26,24,0.357,0.404
2009-12-27,1,0.281,0.369
2009-12-27,2,0.265,0.311
2009-12-27,3,0.385,0.941
2009-12-27,4,0.271,0.334
2009-12-27,5,0.158,0.194
2009-12-27,6,0.094,0.124
2009-12-27,7,0.171,0.236
2009-12-27,8,0.163,0.228
2009-12-27,9,0.209,0.34
2009-12-27,10,0.571,3.026
2009-12-27,11,0.79,1.335
2009-12-27,12,0.922,0.947
2009-12-27,13,1.559,1.76
2009-12-27,14,0.794,1.076
2009-12-27,15,0.11,0.422
2009-12-27,16,0.091,0.239
2009-12-27,17,0.378,0.427
2009-12-27,18,0.762,2.211
2009-12-27,19,2.806,2.811
2009-12-27,20,0.729,1.4
2009-12-27,21,0.628,0.868
2009-12-27,22,0.919,0.953
2009-12-27,23,0.52,0.737
2009-12-27,24,0.441,0.503
2009-12-28,1,0.114,0.458
2009-12-28,2,0.092,0.136
2009-12-28,3,0.186,0.189
2009-12-28,4,0.133,0.142
2009-12-28,5,0.092,0.092
2009-12-28,6,0.288,0.292
2009-12-28,7,0.092,0.098
2009-12-28,8,0.184,0.221
2009-12-28,9,0.104,0.3
2009-12-28,10,1.411,2.416
2009-12-28,11,0.431,0.45
2009-12-28,12,0.214,1.296
2009-12-28,13,0.267,0.846
2009-12-28,14,0.092,0.637
2009-12-28,15,1.364,1.877
2009-12-28,16,1.086,3.034
2009-12-28,17,0.472,0.494
2009-12-28,18,0.609,2.134
2009-12-28,19,1.365,1.79
2009-12-28,20,0.741,1.141
2009-12-28,21,0.757,1.008
2009-12-28,22,0.989,1.095
2009-12-28,23,0.656,0.681
2009-12-28,24,0.517,0.833
2009-12-29,1,0.091,0.118
2009-12-29,2,0.138,0.152
2009-12-29,3,0.145,0.237
2009-12-29,4,0.09,0.147
2009-12-29,5,0.091,0.106
2009-12-29,6,0.266,0.289
2009-12-29,7,0.09,0.121
2009-12-29,8,0.189,0.196
2009-12-29,9,0.181,1.976
2009-12-29,10,0.271,0.975
2009-12-29,11,0.098,0.148
2009-12-29,12,0.088,0.089
2009-12-29,13,0.183,0.217
2009-12-29,14,0.113,1.286
2009-12-29,15,0.458,1.533
2009-12-29,16,0.441,0.451
2009-12-29,17,0.469,1.752
2009-12-29,18,0.711,0.951
2009-12-29,19,0.662,0.803
2009-12-29,20,0.702,0.893
2009-12-29,21,0.673,0.79
2009-12-29,22,0.591,1.347
2009-12-29,23,0.531,0.666
2009-12-29,24,0.653,1.044
2009-12-30,1,0.1,0.413
2009-12-30,2,0.12,0.163
2009-12-30,3,0.091,0.185
2009-12-30,4,0.091,0.235
2009-12-30,5,0.091,0.219
2009-12-30,6,0.32,0.32
2009-12-30,7,0.172,0.184
2009-12-30,8,0.091,0.123
2009-12-30,9,0.241,0.285
2009-12-30,10,0.263,1.082
2009-12-30,11,0.106,0.35
2009-12-30,12,0.143,0.18
2009-12-30,13,0.092,0.119
2009-12-30,14,0.165,0.258
2009-12-30,15,0.091,0.093
2009-12-30,16,0.127,0.158
2009-12-30,17,0.218,0.284
2009-12-30,18,0.097,0.21
2009-12-30,19,0.866,2.805
2009-12-30,20,1.124,2.316
2009-12-30,21,1.365,1.933
2009-12-30,22,0.876,2.296
2009-12-30,23,1.163,1.269
2009-12-30,24,0.169,0.605
2009-12-31,1,0.093,0.125
2009-12-31,2,0.091,0.143
2009-12-31,3,0.097,0.168
2009-12-31,4,0.091,0.126
2009-12-31,5,0.13,0.245
2009-12-31,6,0.097,0.111
2009-12-31,7,0.167,0.201
2009-12-31,8,0.132,0.272
2009-12-31,9,0.106,0.116
2009-12-31,10,0.991,1.052
2009-12-31,11,0.217,0.245
2009-12-31,12,0.204,1.599
2009-12-31,13,2.058,2.131
2009-12-31,14,2.16,2.792
2009-12-31,15,0.438,1.772
2009-12-31,16,0.233,0.445
2009-12-31,17,0.369,0.411
2009-12-31,18,0.775,0.962
2009-12-31,19,0.603,0.838
2009-12-31,20,0.784,0.809
2009-12-31,21,0.621,2.716
2009-12-31,22,1.13,1.274
2009-12-31,23,0.251,0.613
2009-12-31,24,0.209,0.291
2010-01-01,1,0.221,0.264
2010-01-01,2,0.21,0.312
2010-01-01,3,0.419,0.644
2010-01-01,4,0.118,0.205
2010-01-01,5,0.14,0.155
2010-01-01,6,0.213,0.224
2010-01-01,7,0.23,0.46
2010-01-01,8,0.221,0.376
2010-01-01,9,0.115,0.142
2010-01-01,10,0.247,0.311
2010-01-01,11,0.863,2.396
2010-01-01,12,0.65,2.021
2010-01-01,13,0.618,0.621
2010-01-01,14,1.178,1.494
2010-01-01,15,2.671,4.441
2010-01-01,16,0.312,1.676
2010-01-01,17,0.278,0.38
2010-01-01,18,0.258,0.475
2010-01-01,19,0.506,0.943
2010-01-01,20,0.723,1.716
2010-01-01,21,2.631,3.333
2010-01-01,22,1.086,1.569
2010-01-01,23,0.454,0.52
2010-01-01,24,0.346,0.801
2010-01-02,1,0.131,0.182
2010-01-02,2,0.092,0.135
2010-01-02,3,0.107,0.159
2010-01-02,4,0.11,0.11
2010-01-02,5,0.143,0.207
2010-01-02,6,0.139,0.14
2010-01-02,7,0.094,0.24
2010-01-02,8,0.126,0.266
2010-01-02,9,0.119,0.854
2010-01-02,10,1.549,2.071
2010-01-02,11,0.474,1.86
2010-01-02,12,0.09,0.166
2010-01-02,13,0.16,0.372
2010-01-02,14,0.395,0.583
2010-01-02,15,0.424,1.571
2010-01-02,16,0.166,1.252
2010-01-02,17,0.367,0.586
2010-01-02,18,0.267,0.51
2010-01-02,19,0.471,0.543
2010-01-02,20,0.889,1.023
2010-01-02,21,0.914,1.203
2010-01-02,22,1.139,1.607
2010-01-02,23,0.536,1.143
2010-01-02,24,0.186,0.658
2010-01-03,1,0.114,0.17
2010-01-03,2,0.114,0.35
2010-01-03,3,0.165,0.626
2010-01-03,4,0.11,0.155
2010-01-03,5,0.09,0.09
2010-01-03,6,0.092,0.156
2010-01-03,7,0.124,0.34
2010-01-03,8,0.09,0.322
2010-01-03,9,0.126,0.137
2010-01-03,10,0.41,2.435
2010-01-03,11,1.366,1.951
2010-01-03,12,0.768,0.816
2010-01-03,13,0.881,2.006
2010-01-03,14,0.878,1.848
2010-01-03,15,1.658,1.721
2010-01-03,16,0.711,1.815
2010-01-03,17,0.342,1.046
2010-01-03,18,0.701,0.724
2010-01-03,19,1.023,2.567
2010-01-03,20,1.126,1.154
2010-01-03,21,0.903,1.534
2010-01-03,22,0.917,1.035
2010-01-03,23,0.422,0.556
2010-01-03,24,0.466,0.568
2010-01-04,1,0.165,0.166
2010-01-04,2,0.161,0.205
2010-01-04,3,0.093,0.266
2010-01-04,4,0.092,0.166
2010-01-04,5,0.097,0.161
2010-01-04,6,0.09,0.091
2010-01-04,7,0.197,0.318
2010-01-04,8,0.287,0.675
2010-01-04,9,0.483,0.878
2010-01-04,10,0.529,0.567
2010-01-04,11,0.136,0.192
2010-01-04,12,0.414,0.597
2010-01-04,13,0.215,0.288
2010-01-04,14,0.6,0.752
2010-01-04,15,0.496,0.553
2010-01-04,16,0.237,0.258
2010-01-04,17,0.568,0.572
2010-01-04,18,1.267,1.978
2010-01-04,19,0.459,1.394
2010-01-04,20,0.486,0.672
2010-01-04,21,0.54,1.112
2010-01-04,22,0.447,1.259
2010-01-04,23,0.156,3.488
2010-01-04,24,0.189,0.218
2010-01-05,1,0.112,0.146
2010-01-05,2,0.09,0.09
2010-01-05,3,0.091,0.159
2010-01-05,4,0.093,0.156
2010-01-05,5,0.137,0.22
2010-01-05,6,0.121,0.133
2010-01-05,7,0.088,0.197
2010-01-05,8,0.35,0.957
2010-01-05,9,0.467,1.212
2010-01-05,10,0.807,0.982
2010-01-05,11,0.677,1.618
2010-01-05,12,0.598,1.638
2010-01-05,13,0.262,0.758
2010-01-05,14,0.365,0.568
2010-01-05,15,0.386,0.453
2010-01-05,16,0.234,0.286
2010-01-05,17,0.375,0.937
2010-01-05,18,1.746,1.896
2010-01-05,19,0.628,1.302
2010-01-05,20,0.473,0.586
2010-01-05,21,0.573,2.246
2010-01-05,22,0.833,1.316
2010-01-05,23,0.869,0.871
2010-01-05,24,0.09,0.246
2010-01-06,1,0.183,0.212
2010-01-06,2,0.117,0.156
2010-01-06,3,0.097,0.154
2010-01-06,4,0.089,0.095
2010-01-06,5,0.09,0.135
2010-01-06,6,0.148,0.261
2010-01-06,7,0.131,0.193
2010-01-06,8,0.333,0.344
2010-01-06,9,0.584,1.517
2010-01-06,10,0.58,0.624
2010-01-06,11,0.138,0.716
2010-01-06,12,0.139,0.701
2010-01-06,13,0.249,0.27
2010-01-06,14,0.33,0.452
2010-01-06,15,0.505,1.077
2010-01-06,16,0.205,0.331
2010-01-06,17,0.851,0.857
2010-01-06,18,1.579,2.417
2010-01-06,19,0.873,1.094
2010-01-06,20,0.773,1.336
2010-01-06,21,0.851,1.207
2010-01-06,22,0.627,1.683
2010-01-06,23,0.372,0.639
2010-01-06,24,0.126,0.155
2010-01-07,1,0.088,0.164
2010-01-07,2,0.088,0.266
2010-01-07,3,0.116,0.273
2010-01-07,4,0.176,0.234
2010-01-07,5,0.089,0.093
2010-01-07,6,0.09,0.139
2010-01-07,7,0.123,0.336
2010-01-07,8,0.23,0.634
2010-01-07,9,0.831,2.011
2010-01-07,10,1.24,1.576
2010-01-07,11,0.266,1.648
2010-01-07,12,0.088,0.209
2010-01-07,13,0.199,0.357
2010-01-07,14,0.921,1.293
2010-01-07,15,0.165,0.279
2010-01-07,16,0.158,0.208
2010-01-07,17,0.319,0.343
2010-01-07,18,1.366,2.301
2010-01-07,19,0.661,0.784
2010-01-07,20,0.504,0.515
2010-01-07,21,0.766,1.019
2010-01-07,22,0.575,0.633
2010-01-07,23,0.558,1.143
2010-01-07,24,0.127,0.501
2010-01-08,1,0.088,0.127
2010-01-08,2,0.149,0.23
2010-01-08,3,0.276,0.306
2010-01-08,4,0.089,0.111
2010-01-08,5,0.123,0.125
2010-01-08,6,0.093,0.1
2010-01-08,7,0.197,0.367
2010-01-08,8,0.262,0.53
2010-01-08,9,0.816,1.433
2010-01-08,10,0.471,0.575
2010-01-08,11,0.237,0.539
2010-01-08,12,0.236,0.304
2010-01-08,13,0.309,0.354
2010-01-08,14,0.264,0.451
2010-01-08,15,0.199,0.343
2010-01-08,16,0.088,1.334
2010-01-08,17,0.751,1.841
2010-01-08,18,0.803,0.854
2010-01-08,19,0.758,1.47
2010-01-08,20,0.807,1.158
2010-01-08,21,1.121,2.027
2010-01-08,22,0.7,1.119
2010-01-08,23,0.577,1.215
2010-01-08,24,0.434,0.493
2010-01-09,1,0.158,0.716
2010-01-09,2,0.138,0.308
2010-01-09,3,0.239,0.279
2010-01-09,4,0.162,0.172
2010-01-09,5,0.091,0.093
2010-01-09,6,0.121,0.165
2010-01-09,7,0.286,0.297
2010-01-09,8,0.09,0.156
2010-01-09,9,0.148,0.17
2010-01-09,10,0.916,3.631
2010-01-09,11,2.082,3.05
2010-01-09,12,0.114,1.705
2010-01-09,13,0.092,0.58
2010-01-09,14,0.292,0.84
2010-01-09,15,1.512,2.564
2010-01-09,16,0.488,0.543
2010-01-09,17,0.399,2.14
2010-01-09,18,0.575,2.157
2010-01-09,19,0.947,1.047
2010-01-09,20,0.757,0.774
2010-01-09,21,0.622,0.989
2010-01-09,22,0.766,1.125
2010-01-09,23,0.962,1.301
2010-01-09,24,0.289,0.439
2010-01-10,1,0.313,0.621
2010-01-10,2,0.216,0.23
2010-01-10,3,0.168,0.3
2010-01-10,4,0.095,0.189
2010-01-10,5,0.123,0.141
2010-01-10,6,0.116,0.117
2010-01-10,7,0.18,0.288
2010-01-10,8,0.134,0.158
2010-01-10,9,0.146,0.241
2010-01-10,10,0.533,0.87
2010-01-10,11,0.874,1.27
2010-01-10,12,1.009,1.141
2010-01-10,13,1.454,2.705
2010-01-10,14,1.679,1.872
2010-01-10,15,0.34,0.839
2010-01-10,16,0.167,0.279
2010-01-10,17,0.179,0.358
2010-01-10,18,0.455,0.464
2010-01-10,19,0.654,0.972
2010-01-10,20,0.85,1.021
2010-01-10,21,0.551,0.781
2010-01-10,22,0.495,1.463
2010-01-10,23,0.367,0.402
2010-01-10,24,0.139,0.43
2010-01-11,1,0.137,0.19
2010-01-11,2,0.23,0.242
2010-01-11,3,0.09,0.246
2010-01-11,4,0.1,0.145
2010-01-11,5,0.11,0.18
2010-01-11,6,0.094,0.148
2010-01-11,7,0.243,0.304
2010-01-11,8,0.234,1.894
2010-01-11,9,0.387,0.445
2010-01-11,10,0.525,0.715
2010-01-11,11,1.942,1.943
2010-01-11,12,1.398,1.409
2010-01-11,13,0.723,1.074
2010-01-11,14,0.228,0.578
2010-01-11,15,0.882,1.75
2010-01-11,16,0.524,0.674
2010-01-11,17,0.518,0.629
2010-01-11,18,1.096,1.299
2010-01-11,19,1.053,1.082
2010-01-11,20,0.727,0.833
2010-01-11,21,0.453,0.618
2010-01-11,22,0.47,0.528
2010-01-11,23,0.798,0.934
2010-01-11,24,0.109,0.44
2010-01-12,1,0.089,0.144
2010-01-12,2,0.091,0.161
2010-01-12,3,0.091,0.126
2010-01-12,4,0.106,0.121
2010-01-12,5,0.184,0.239
2010-01-12,6,0.092,0.092
2010-01-12,7,0.175,0.289
2010-01-12,8,0.188,1.347
2010-01-12,9,0.322,0.781
2010-01-12,10,0.487,0.818
2010-01-12,11,0.129,0.333
2010-01-12,12,0.196,0.478
2010-01-12,13,0.537,1.982
2010-01-12,14,0.877,2.855
2010-01-12,15,0.488,2.008
2010-01-12,16,0.258,0.758
2010-01-12,17,0.427,0.49
2010-01-12,18,1.709,1.815
2010-01-12,19,0.51,1.071
2010-01-12,20,0.636,0.849
2010-01-12,21,0.639,0.671
2010-01-12,22,0.61,1.261
2010-01-12,23,0.683,0.977
2010-01-12,24,0.283,0.426
2010-01-13,1,0.099,1.713
2010-01-13,2,0.09,0.158
2010-01-13,3,0.09,0.135
2010-01-13,4,0.163,0.181
2010-01-13,5,0.137,0.139
2010-01-13,6,0.09,0.093
2010-01-13,7,0.208,0.29
2010-01-13,8,0.197,1.055
2010-01-13,9,0.68,0.735
2010-01-13,10,0.778,1.912
2010-01-13,11,1.003,1.407
2010-01-13,12,1.005,2.288
2010-01-13,13,2.118,2.822
2010-01-13,14,3.814,4.734
2010-01-13,15,0.849,2.368
2010-01-13,16,0.426,1.837
2010-01-13,17,0.592,1.203
2010-01-13,18,0.61,0.756
2010-01-13,19,0.531,0.791
2010-01-13,20,0.672,0.748
2010-01-13,21,0.598,1.435
2010-01-13,22,0.484,1.103
2010-01-13,23,0.405,0.688
2010-01-13,24,0.351,0.372
2010-01-14,1,0.1,0.236
2010-01-14,2,0.169,0.236
2010-01-14,3,0.092,0.094
2010-01-14,4,0.148,0.248
2010-01-14,5,0.13,0.139
2010-01-14,6,0.173,0.18
2010-01-14,7,0.319,0.354
2010-01-14,8,0.195,0.822
2010-01-14,9,0.392,2.078
2010-01-14,10,0.62,0.683
2010-01-14,11,0.235,0.289
2010-01-14,12,0.532,0.577
2010-01-14,13,0.646,0.822
2010-01-14,14,0.498,0.739
2010-01-14,15,0.648,0.678
2010-01-14,16,0.272,0.389
2010-01-14,17,0.238,0.342
2010-01-14,18,1.214,1.73
2010-01-14,19,0.733,1.006
2010-01-14,20,0.633,0.663
2010-01-14,21,0.674,0.676
2010-01-14,22,0.822,1.032
2010-01-14,23,0.345,0.93
2010-01-14,24,0.089,1.887
2010-01-15,1,0.091,0.128
2010-01-15,2,0.089,0.155
2010-01-15,3,0.106,0.243
2010-01-15,4,0.151,0.178
2010-01-15,5,0.092,0.121
2010-01-15,6,0.114,0.141
2010-01-15,7,0.121,0.288
2010-01-15,8,0.315,0.499
2010-01-15,9,1.565,3.822
2010-01-15,10,1.699,2.059
2010-01-15,11,1.357,1.834
2010-01-15,12,0.5,0.522
2010-01-15,13,0.405,1.361
2010-01-15,14,0.113,0.327
2010-01-15,15,0.385,0.51
2010-01-15,16,0.332,0.734
2010-01-15,17,0.443,0.629
2010-01-15,18,0.509,1.383
2010-01-15,19,0.541,1.007
2010-01-15,20,1.143,1.695
2010-01-15,21,0.537,0.888
2010-01-15,22,0.401,0.665
2010-01-15,23,0.927,0.942
2010-01-15,24,0.365,0.606
2010-01-16,1,0.178,0.304
2010-01-16,2,0.263,0.276
2010-01-16,3,0.324,0.365
2010-01-16,4,0.265,0.334
2010-01-16,5,0.175,0.242
2010-01-16,6,0.253,0.258
2010-01-16,7,0.286,0.44
2010-01-16,8,0.191,0.298
2010-01-16,9,0.177,1.244
2010-01-16,10,0.282,0.851
2010-01-16,11,0.211,0.287
2010-01-16,12,0.241,0.369
2010-01-16,13,0.262,0.279
2010-01-16,14,0.297,0.299
2010-01-16,15,0.344,1.271
2010-01-16,16,0.728,0.86
2010-01-16,17,0.568,0.779
2010-01-16,18,0.586,0.714
2010-01-16,19,0.491,0.537
2010-01-16,20,0.66,0.672
2010-01-16,21,0.649,0.916
2010-01-16,22,0.635,0.69
2010-01-16,23,0.905,1.402
2010-01-16,24,0.553,0.933
2010-01-17,1,0.305,0.95
2010-01-17,2,0.268,0.345
2010-01-17,3,0.139,0.655
2010-01-17,4,0.093,0.142
2010-01-17,5,0.093,0.116
2010-01-17,6,0.123,0.19
2010-01-17,7,0.223,0.351
2010-01-17,8,0.092,0.194
2010-01-17,9,0.099,0.196
2010-01-17,10,0.321,1.138
2010-01-17,11,0.383,1.828
2010-01-17,12,0.936,1.0
2010-01-17,13,1.723,1.833
2010-01-17,14,0.462,0.684
2010-01-17,15,0.373,2.217
2010-01-17,16,0.363,1.899
2010-01-17,17,0.231,0.318
2010-01-17,18,0.562,0.859
2010-01-17,19,0.663,0.701
2010-01-17,20,0.74,0.781
2010-01-17,21,0.878,1.041
2010-01-17,22,0.908,0.919
2010-01-17,23,0.191,0.527
2010-01-17,24,0.353,0.491
2010-01-18,1,0.129,0.308
2010-01-18,2,0.09,0.158
2010-01-18,3,0.089,0.149
2010-01-18,4,0.14,0.18
2010-01-18,5,0.153,0.159
2010-01-18,6,0.089,0.089
2010-01-18,7,0.173,0.309
2010-01-18,8,0.196,1.438
2010-01-18,9,0.534,0.907
2010-01-18,10,0.326,0.825
2010-01-18,11,0.581,4.938
2010-01-18,12,1.956,3.922
2010-01-18,13,1.451,2.524
2010-01-18,14,0.762,2.427
2010-01-18,15,0.423,0.594
2010-01-18,16,0.31,0.56
2010-01-18,17,0.271,0.438
2010-01-18,18,1.391,2.176
2010-01-18,19,0.434,0.597
2010-01-18,20,0.862,1.123
2010-01-18,21,0.563,0.766
2010-01-18,22,0.57,3.002
2010-01-18,23,0.373,0.978
2010-01-18,24,0.124,0.203
2010-01-19,1,0.096,0.178
2010-01-19,2,0.091,0.167
2010-01-19,3,0.113,0.142
2010-01-19,4,0.149,0.183
2010-01-19,5,0.144,0.178
2010-01-19,6,0.091,0.091
2010-01-19,7,0.174,0.299
2010-01-19,8,0.266,1.134
2010-01-19,9,0.333,0.907
2010-01-19,10,0.82,1.645
2010-01-19,11,0.717,1.76
2010-01-19,12,0.104,0.585
2010-01-19,13,0.301,0.568
2010-01-19,14,1.154,1.348
2010-01-19,15,0.32,0.419
2010-01-19,16,0.321,0.5
2010-01-19,17,0.383,0.434
2010-01-19,18,1.096,2.613
2010-01-19,19,0.688,0.948
2010-01-19,20,0.752,0.816
2010-01-19,21,0.646,0.714
2010-01-19,22,0.843,1.199
2010-01-19,23,0.496,0.612
2010-01-19,24,0.377,0.665
2010-01-20,1,0.121,0.26
2010-01-20,2,0.16,0.178
2010-01-20,3,0.09,0.099
2010-01-20,4,0.202,0.215
2010-01-20,5,0.09,0.153
2010-01-20,6,0.091,0.16
2010-01-20,7,0.119,0.315
2010-01-20,8,0.327,1.147
2010-01-20,9,0.66,0.851
2010-01-20,10,0.398,0.439
2010-01-20,11,0.23,0.262
2010-01-20,12,0.481,0.621
2010-01-20,13,0.831,3.034
2010-01-20,14,1.124,1.935
2010-01-20,15,0.329,0.761
2010-01-20,16,0.387,0.435
2010-01-20,17,0.254,0.334
2010-01-20,18,0.898,2.267
2010-01-20,19,0.653,0.676
2010-01-20,20,0.732,0.772
2010-01-20,21,0.522,1.837
2010-01-20,22,1.848,3.393
2010-01-20,23,0.781,2.275
2010-01-20,24,1.408,2.794
2010-01-21,1,0.191,0.199
2010-01-21,2,0.09,0.164
2010-01-21,3,0.11,0.145
2010-01-21,4,0.089,0.141
2010-01-21,5,0.189,0.274
2010-01-21,6,0.182,0.182
2010-01-21,7,0.126,0.447
2010-01-21,8,0.297,1.255
2010-01-21,9,1.949,3.316
2010-01-21,10,0.953,4.12
2010-01-21,11,0.107,1.726
2010-01-21,12,0.166,0.526
2010-01-21,13,0.286,1.892
2010-01-21,14,0.27,0.941
2010-01-21,15,0.534,0.72
2010-01-21,16,2.5,2.654
2010-01-21,17,0.246,1.256
2010-01-21,18,1.89,1.899
2010-01-21,19,0.482,0.688
2010-01-21,20,0.64,0.672
2010-01-21,21,0.677,0.827
2010-01-21,22,0.579,0.752
2010-01-21,23,0.547,0.971
2010-01-21,24,0.093,0.833
2010-01-22,1,0.129,0.244
2010-01-22,2,0.119,0.12
2010-01-22,3,0.091,0.139
2010-01-22,4,0.091,0.176
2010-01-22,5,0.175,0.196
2010-01-22,6,0.12,0.129
2010-01-22,7,0.123,0.307
2010-01-22,8,0.276,0.691
2010-01-22,9,0.365,1.062
2010-01-22,10,0.236,0.54
2010-01-22,11,0.289,0.4
2010-01-22,12,0.229,0.375
2010-01-22,13,0.287,0.322
2010-01-22,14,1.742,1.878
2010-01-22,15,0.849,1.283
2010-01-22,16,0.494,2.176
2010-01-22,17,0.264,0.634
2010-01-22,18,0.463,1.215
2010-01-22,19,0.594,0.602
2010-01-22,20,0.678,0.783
2010-01-22,21,0.692,1.756
2010-01-22,22,0.768,1.124
2010-01-22,23,0.496,0.525
2010-01-22,24,0.414,0.425
2010-01-23,1,0.351,0.757
2010-01-23,2,0.11,0.134
2010-01-23,3,0.092,0.146
2010-01-23,4,0.127,0.188
2010-01-23,5,0.185,0.222
2010-01-23,6,0.135,0.141
2010-01-23,7,0.133,0.299
2010-01-23,8,0.157,0.22
2010-01-23,9,0.105,0.187
2010-01-23,10,0.26,1.582
2010-01-23,11,0.698,2.136
2010-01-23,12,0.828,1.014
2010-01-23,13,0.172,0.216
2010-01-23,14,0.099,1.352
2010-01-23,15,1.918,2.233
2010-01-23,16,0.508,0.899
2010-01-23,17,0.259,0.317
2010-01-23,18,0.856,0.871
2010-01-23,19,0.723,0.8
2010-01-23,20,0.306,0.425
2010-01-23,21,0.824,1.006
2010-01-23,22,0.82,2.267
2010-01-23,23,1.201,2.673
2010-01-23,24,0.591,0.839
2010-01-24,1,0.336,0.395
2010-01-24,2,0.344,0.393
2010-01-24,3,0.23,0.239
2010-01-24,4,0.09,0.175
2010-01-24,5,0.09,0.16
2010-01-24,6,0.091,0.139
2010-01-24,7,0.133,0.392
2010-01-24,8,0.11,0.246
2010-01-24,9,0.139,0.152
2010-01-24,10,0.41,0.755
2010-01-24,11,0.992,1.54
2010-01-24,12,1.191,1.387
2010-01-24,13,1.786,2.121
2010-01-24,14,0.709,0.819
2010-01-24,15,0.212,0.213
2010-01-24,16,0.279,0.579
2010-01-24,17,0.382,0.422
2010-01-24,18,0.681,0.888
2010-01-24,19,0.4,1.42
2010-01-24,20,0.699,2.661
2010-01-24,21,0.841,1.466
2010-01-24,22,0.367,0.468
2010-01-24,23,0.436,0.47
2010-01-24,24,0.096,0.744
2010-01-25,1,0.188,0.21
2010-01-25,2,0.103,0.184
2010-01-25,3,0.139,0.143
2010-01-25,4,0.219,0.283
2010-01-25,5,0.092,0.095
2010-01-25,6,0.091,0.16
2010-01-25,7,0.122,0.33
2010-01-25,8,0.279,1.316
2010-01-25,9,1.02,1.62
2010-01-25,10,0.969,1.592
2010-01-25,11,0.128,0.518
2010-01-25,12,0.089,0.387
2010-01-25,13,1.812,1.987
2010-01-25,14,0.291,1.222
2010-01-25,15,0.247,0.253
2010-01-25,16,0.254,0.473
2010-01-25,17,0.219,1.631
2010-01-25,18,1.112,2.799
2010-01-25,19,0.765,0.808
2010-01-25,20,0.674,0.923
2010-01-25,21,0.374,0.448
2010-01-25,22,0.355,0.764
2010-01-25,23,0.516,1.529
2010-01-25,24,0.122,0.362
2010-01-26,1,0.099,0.153
2010-01-26,2,0.109,0.159
2010-01-26,3,0.193,0.202
2010-01-26,4,0.15,0.196
2010-01-26,5,0.1,0.121
2010-01-26,6,0.099,0.151
2010-01-26,7,0.127,0.423
2010-01-26,8,0.468,1.228
2010-01-26,9,0.55,1.148
2010-01-26,10,0.097,0.222
2010-01-26,11,0.507,0.789
2010-01-26,12,0.797,3.062
2010-01-26,13,1.426,3.121
2010-01-26,14,1.448,4.369
2010-01-26,15,0.344,0.841
2010-01-26,16,0.177,0.235
2010-01-26,17,0.511,1.984
2010-01-26,18,2.001,2.009
2010-01-26,19,0.674,0.821
2010-01-26,20,0.822,0.859
2010-01-26,21,0.473,0.538
2010-01-26,22,0.709,0.95
2010-01-26,23,0.533,0.685
2010-01-26,24,0.721,1.739
2010-01-27,1,0.108,0.174
2010-01-27,2,0.091,0.176
2010-01-27,3,0.09,0.21
2010-01-27,4,0.09,0.181
2010-01-27,5,0.089,0.091
2010-01-27,6,0.107,0.153
2010-01-27,7,0.217,0.349
2010-01-27,8,0.265,0.776
2010-01-27,9,0.77,0.941
2010-01-27,10,0.331,0.687
2010-01-27,11,0.089,0.33
2010-01-27,12,0.251,0.858
2010-01-27,13,0.232,1.09
2010-01-27,14,0.598,1.069
2010-01-27,15,1.861,2.313
2010-01-27,16,0.392,1.887
2010-01-27,17,0.294,1.052
2010-01-27,18,3.719,3.896
2010-01-27,19,0.603,0.696
2010-01-27,20,0.559,0.998
2010-01-27,21,0.727,0.823
2010-01-27,22,1.051,1.268
2010-01-27,23,0.342,0.345
2010-01-27,24,0.383,0.393
2010-01-28,1,0.24,0.377
2010-01-28,2,0.09,0.092
2010-01-28,3,0.089,0.156
2010-01-28,4,0.092,0.213
2010-01-28,5,0.089,0.231
2010-01-28,6,0.091,0.146
2010-01-28,7,0.142,0.369
2010-01-28,8,0.255,1.105
2010-01-28,9,0.509,1.008
2010-01-28,10,2.258,3.014
2010-01-28,11,0.299,0.526
2010-01-28,12,0.583,0.757
2010-01-28,13,0.502,0.548
2010-01-28,14,0.253,0.351
2010-01-28,15,0.342,0.789
2010-01-28,16,0.245,0.298
2010-01-28,17,0.22,0.421
2010-01-28,18,1.516,3.421
2010-01-28,19,0.676,0.809
2010-01-28,20,0.594,0.762
2010-01-28,21,0.665,0.885
2010-01-28,22,0.692,0.702
2010-01-28,23,0.562,1.004
2010-01-28,24,0.144,0.26
2010-01-29,1,0.093,0.132
2010-01-29,2,0.146,0.266
2010-01-29,3,0.089,0.151
2010-01-29,4,0.088,0.137
2010-01-29,5,0.092,0.112
2010-01-29,6,0.15,0.211
2010-01-29,7,0.171,0.332
2010-01-29,8,0.236,0.925
2010-01-29,9,0.428,0.755
2010-01-29,10,0.381,0.533
2010-01-29,11,0.202,0.296
2010-01-29,12,0.188,0.261
2010-01-29,13,0.178,0.311
2010-01-29,14,0.937,1.844
2010-01-29,15,0.372,0.442
2010-01-29,16,0.28,0.385
2010-01-29,17,0.566,0.567
2010-01-29,18,0.541,0.699
2010-01-29,19,0.506,0.746
2010-01-29,20,0.477,0.613
2010-01-29,21,0.63,0.643
2010-01-29,22,0.505,0.631
2010-01-29,23,0.489,1.058
2010-01-29,24,0.358,0.368
2010-01-30,1,0.399,0.418
2010-01-30,2,0.089,0.148
2010-01-30,3,0.092,0.197
2010-01-30,4,0.103,0.214
2010-01-30,5,0.201,0.279
2010-01-30,6,0.096,0.117
2010-01-30,7,0.172,0.359
2010-01-30,8,0.09,0.146
2010-01-30,9,0.678,1.024
2010-01-30,10,1.342,1.96
2010-01-30,11,0.314,1.237
2010-01-30,12,1.153,1.403
2010-01-30,13,1.2,1.281
2010-01-30,14,2.046,2.268
2010-01-30,15,0.475,0.642
2010-01-30,16,0.099,0.12
2010-01-30,17,0.235,0.63
2010-01-30,18,0.461,0.594
2010-01-30,19,0.78,1.859
2010-01-30,20,0.836,0.886
2010-01-30,21,0.453,0.704
2010-01-30,22,0.982,1.061
2010-01-30,23,0.666,0.926
2010-01-30,24,0.459,0.625
2010-01-31,1,0.491,0.697
2010-01-31,2,0.356,0.416
2010-01-31,3,0.231,0.34
2010-01-31,4,0.164,0.21
2010-01-31,5,0.17,0.231
2010-01-31,6,0.167,0.189
2010-01-31,7,0.277,0.448
2010-01-31,8,0.205,0.293
2010-01-31,9,0.199,0.342
2010-01-31,10,1.004,1.261
2010-01-31,11,0.289,0.37
2010-01-31,12,1.21,1.521
2010-01-31,13,1.511,1.742
2010-01-31,14,0.619,0.886
2010-01-31,15,0.389,0.625
2010-01-31,16,0.201,0.395
2010-01-31,17,0.354,0.527
2010-01-31,18,0.368,0.505
2010-01-31,19,0.858,1.157
2010-01-31,20,0.807,0.949
2010-01-31,21,1.371,1.836
2010-01-31,22,0.909,2.451
2010-01-31,23,0.282,0.383
2010-01-31,24,0.279,0.645
2010-02-01,1,0.102,0.188
2010-02-01,2,0.091,0.152
2010-02-01,3,0.163,0.179
2010-02-01,4,0.099,0.18
2010-02-01,5,0.094,0.101
2010-02-01,6,0.114,0.137
2010-02-01,7,0.22,0.368
2010-02-01,8,0.235,0.78
2010-02-01,9,0.411,1.292
2010-02-01,10,1.395,4.256
2010-02-01,11,0.579,1.908
2010-02-01,12,1.526,1.978
2010-02-01,13,0.601,1.433
2010-02-01,14,0.226,0.834
2010-02-01,15,1.552,1.911
2010-02-01,16,0.253,0.268
2010-02-01,17,0.289,0.916
2010-02-01,18,1.401,2.334
2010-02-01,19,0.762,0.976
2010-02-01,20,0.598,0.704
2010-02-01,21,0.451,0.507
2010-02-01,22,0.764,1.505
2010-02-01,23,0.487,1.178
2010-02-01,24,0.089,0.19
2010-02-02,1,0.147,0.198
2010-02-02,2,0.127,0.144
2010-02-02,3,0.089,0.13
2010-02-02,4,0.106,0.142
2010-02-02,5,0.093,0.146
2010-02-02,6,0.111,0.238
2010-02-02,7,0.126,0.33
2010-02-02,8,0.226,0.389
2010-02-02,9,0.709,1.446
2010-02-02,10,0.265,0.562
2010-02-02,11,0.289,0.305
2010-02-02,12,0.182,0.204
2010-02-02,13,0.498,0.918
2010-02-02,14,0.264,2.169
2010-02-02,15,0.239,0.334
2010-02-02,16,0.173,0.422
2010-02-02,17,0.394,0.899
2010-02-02,18,1.202,1.548
2010-02-02,19,0.651,0.66
2010-02-02,20,0.601,0.809
2010-02-02,21,0.559,0.583
2010-02-02,22,0.571,0.969
2010-02-02,23,0.617,0.846
2010-02-02,24,0.184,0.522
2010-02-03,1,0.136,0.241
2010-02-03,2,0.127,0.183
2010-02-03,3,0.092,0.145
2010-02-03,4,0.106,0.15
2010-02-03,5,0.12,0.184
2010-02-03,6,0.138,0.17
2010-02-03,7,0.127,0.278
2010-02-03,8,0.255,1.334
2010-02-03,9,0.597,0.66
2010-02-03,10,0.525,0.852
2010-02-03,11,1.061,2.291
2010-02-03,12,1.1,2.929
2010-02-03,13,0.367,1.224
2010-02-03,14,0.598,1.308
2010-02-03,15,0.787,1.442
2010-02-03,16,0.287,0.56
2010-02-03,17,0.533,1.291
2010-02-03,18,1.68,3.099
2010-02-03,19,1.59,3.151
2010-02-03,20,0.905,2.46
2010-02-03,21,0.468,0.518
2010-02-03,22,0.615,1.01
2010-02-03,23,0.586,1.448
2010-02-03,24,0.09,0.142
2010-02-04,1,0.09,0.113
2010-02-04,2,0.11,0.272
2010-02-04,3,0.095,0.14
2010-02-04,4,0.119,0.132
2010-02-04,5,0.134,0.192
2010-02-04,6,0.188,0.274
2010-02-04,7,0.276,0.297
2010-02-04,8,0.219,0.745
2010-02-04,9,0.98,1.108
2010-02-04,10,2.82,3.272
2010-02-04,11,0.173,0.218
2010-02-04,12,0.459,0.484
2010-02-04,13,0.365,0.553
2010-02-04,14,0.179,0.305
2010-02-04,15,0.451,0.933
2010-02-04,16,0.203,0.244
2010-02-04,17,0.464,0.74
2010-02-04,18,1.275,1.462
2010-02-04,19,0.73,0.884
2010-02-04,20,0.823,0.85
2010-02-04,21,0.616,0.664
2010-02-04,22,0.557,0.758
2010-02-04,23,1.045,1.16
2010-02-04,24,0.137,0.254
2010-02-05,1,0.166,0.168
2010-02-05,2,0.128,0.136
2010-02-05,3,0.186,0.197
2010-02-05,4,0.093,0.093
2010-02-05,5,0.115,0.152
2010-02-05,6,0.092,0.166
2010-02-05,7,0.306,0.328
2010-02-05,8,0.218,0.86
2010-02-05,9,0.572,2.007
2010-02-05,10,0.525,2.25
2010-02-05,11,0.352,0.948
2010-02-05,12,0.269,0.318
2010-02-05,13,0.25,0.3
2010-02-05,14,0.302,0.463
2010-02-05,15,0.574,1.49
2010-02-05,16,0.197,0.263
2010-02-05,17,0.376,0.417
2010-02-05,18,0.316,0.323
2010-02-05,19,0.987,1.094
2010-02-05,20,0.52,0.635
2010-02-05,21,0.393,0.393
2010-02-05,22,0.489,0.883
2010-02-05,23,0.255,0.603
2010-02-05,24,0.496,0.551
2010-02-06,1,0.252,0.282
2010-02-06,2,0.173,0.303
2010-02-06,3,0.125,0.132
2010-02-06,4,0.151,0.188
2010-02-06,5,0.095,0.102
2010-02-06,6,0.154,0.244
2010-02-06,7,0.226,0.257
2010-02-06,8,0.094,0.18
2010-02-06,9,0.091,0.154
2010-02-06,10,2.454,3.116
2010-02-06,11,0.468,1.626
2010-02-06,12,0.09,0.382
2010-02-06,13,0.828,3.68
2010-02-06,14,1.17,1.296
2010-02-06,15,0.488,0.629
2010-02-06,16,0.111,0.264
2010-02-06,17,0.239,0.713
2010-02-06,18,0.509,0.757
2010-02-06,19,0.826,0.93
2010-02-06,20,0.753,0.777
2010-02-06,21,0.695,0.777
2010-02-06,22,1.072,1.247
2010-02-06,23,0.422,0.646
2010-02-06,24,0.207,0.54
2010-02-07,1,0.205,0.343
2010-02-07,2,0.352,0.512
2010-02-07,3,0.268,0.453
2010-02-07,4,0.144,0.182
2010-02-07,5,0.128,0.281
2010-02-07,6,0.092,0.129
2010-02-07,7,0.241,0.273
2010-02-07,8,0.116,0.265
2010-02-07,9,0.117,0.117
2010-02-07,10,0.364,0.658
2010-02-07,11,0.605,1.972
2010-02-07,12,1.038,1.1
2010-02-07,13,0.979,1.673
2010-02-07,14,1.098,1.142
2010-02-07,15,0.585,1.873
2010-02-07,16,0.628,1.607
2010-02-07,17,0.416,0.583
2010-02-07,18,0.448,0.785
2010-02-07,19,0.571,0.848
2010-02-07,20,0.804,1.519
2010-02-07,21,1.566,1.849
2010-02-07,22,0.579,2.377
2010-02-07,23,0.578,3.017
2010-02-07,24,0.991,2.906
2010-02-08,1,0.16,0.184
2010-02-08,2,0.12,0.132
2010-02-08,3,0.213,0.235
2010-02-08,4,0.124,0.143
2010-02-08,5,0.09,0.091
2010-02-08,6,0.159,0.208
2010-02-08,7,0.236,0.32
2010-02-08,8,0.133,0.835
2010-02-08,9,0.769,0.991
2010-02-08,10,0.322,0.668
2010-02-08,11,0.257,1.436
2010-02-08,12,0.904,1.0
2010-02-08,13,0.65,1.3
2010-02-08,14,0.681,1.072
2010-02-08,15,0.32,0.412
2010-02-08,16,0.306,0.526
2010-02-08,17,0.346,0.349
2010-02-08,18,1.014,1.302
2010-02-08,19,1.365,1.74
2010-02-08,20,1.044,1.997
2010-02-08,21,0.506,0.798
2010-02-08,22,0.503,0.855
2010-02-08,23,0.413,1.392
2010-02-08,24,0.158,0.818
2010-02-09,1,0.095,0.095
2010-02-09,2,0.156,0.169
2010-02-09,3,0.183,0.191
2010-02-09,4,0.09,0.115
2010-02-09,5,0.107,0.177
2010-02-09,6,0.147,0.228
2010-02-09,7,0.314,0.355
2010-02-09,8,0.213,0.324
2010-02-09,9,0.666,1.494
2010-02-09,10,0.302,0.31
2010-02-09,11,0.262,2.043
2010-02-09,12,1.222,1.57
2010-02-09,13,1.093,1.51
2010-02-09,14,0.374,0.44
2010-02-09,15,0.327,0.387
2010-02-09,16,0.284,0.95
2010-02-09,17,0.885,1.001
2010-02-09,18,1.287,2.012
2010-02-09,19,0.666,0.697
2010-02-09,20,0.67,0.979
2010-02-09,21,0.43,0.547
2010-02-09,22,0.513,1.427
2010-02-09,23,0.536,0.604
2010-02-09,24,0.229,0.749
2010-02-10,1,0.089,0.173
2010-02-10,2,0.105,0.106
2010-02-10,3,0.188,0.207
2010-02-10,4,0.2,0.397
2010-02-10,5,0.09,0.158
2010-02-10,6,0.1,0.187
2010-02-10,7,0.308,0.332
2010-02-10,8,0.172,0.907
2010-02-10,9,0.669,0.863
2010-02-10,10,0.394,0.518
2010-02-10,11,0.29,0.456
2010-02-10,12,0.559,1.028
2010-02-10,13,0.51,0.813
2010-02-10,14,0.575,1.55
2010-02-10,15,0.423,1.42
2010-02-10,16,0.234,0.579
2010-02-10,17,0.378,0.842
2010-02-10,18,1.234,2.802
2010-02-10,19,0.355,0.754
2010-02-10,20,0.739,0.769
2010-02-10,21,0.693,1.33
2010-02-10,22,0.644,1.187
2010-02-10,23,0.649,0.734
2010-02-10,24,0.259,0.401
2010-02-11,1,0.191,0.264
2010-02-11,2,0.17,0.188
2010-02-11,3,0.166,0.225
2010-02-11,4,0.186,0.33
2010-02-11,5,0.168,0.201
2010-02-11,6,0.209,0.224
2010-02-11,7,0.301,0.33
2010-02-11,8,0.293,1.403
2010-02-11,9,1.044,2.038
2010-02-11,10,1.167,1.794
2010-02-11,11,0.67,0.868
2010-02-11,12,0.397,1.197
2010-02-11,13,0.285,0.304
2010-02-11,14,0.222,0.253
2010-02-11,15,0.594,0.875
2010-02-11,16,0.202,0.256
2010-02-11,17,0.613,0.707
2010-02-11,18,1.64,2.904
2010-02-11,19,0.639,0.782
2010-02-11,20,0.694,1.003
2010-02-11,21,0.465,0.556
2010-02-11,22,0.795,1.09
2010-02-11,23,0.414,1.061
2010-02-11,24,0.356,0.404
2010-02-12,1,0.245,0.441
2010-02-12,2,0.161,0.165
2010-02-12,3,0.091,0.161
2010-02-12,4,0.09,0.163
2010-02-12,5,0.091,0.117
2010-02-12,6,0.178,0.211
2010-02-12,7,0.226,0.25
2010-02-12,8,0.247,0.844
2010-02-12,9,0.347,0.682
2010-02-12,10,0.261,0.764
2010-02-12,11,0.19,0.38
2010-02-12,12,0.144,0.323
2010-02-12,13,0.224,0.314
2010-02-12,14,0.135,0.156
2010-02-12,15,0.274,0.524
2010-02-12,16,0.296,0.32
2010-02-12,17,0.352,0.364
2010-02-12,18,0.397,0.855
2010-02-12,19,0.499,0.695
2010-02-12,20,0.726,2.068
2010-02-12,21,0.606,0.89
2010-02-12,22,0.909,0.927
2010-02-12,23,0.391,0.642
2010-02-12,24,0.448,0.6
2010-02-13,1,0.242,0.287
2010-02-13,2,0.091,0.18
2010-02-13,3,0.134,0.152
2010-02-13,4,0.164,0.186
2010-02-13,5,0.101,0.157
2010-02-13,6,0.091,0.092
2010-02-13,7,0.249,0.3
2010-02-13,8,0.186,0.211
2010-02-13,9,0.091,0.12
2010-02-13,10,1.721,1.81
2010-02-13,11,1.278,3.358
2010-02-13,12,0.31,2.212
2010-02-13,13,0.15,0.247
2010-02-13,14,0.091,0.697
2010-02-13,15,1.829,2.142
2010-02-13,16,0.498,0.519
2010-02-13,17,0.333,0.386
2010-02-13,18,0.785,0.899
2010-02-13,19,0.418,0.626
2010-02-13,20,0.67,0.829
2010-02-13,21,0.592,0.875
2010-02-13,22,0.997,1.174
2010-02-13,23,0.682,0.726
2010-02-13,24,0.476,0.821
2010-02-14,1,0.519,0.621
2010-02-14,2,0.273,0.662
2010-02-14,3,0.129,0.133
2010-02-14,4,0.091,0.11
2010-02-14,5,0.132,0.246
2010-02-14,6,0.091,0.152
2010-02-14,7,0.246,0.386
2010-02-14,8,0.163,0.181
2010-02-14,9,0.167,0.208
2010-02-14,10,0.57,0.905
2010-02-14,11,0.506,3.003
2010-02-14,12,0.907,0.978
2010-02-14,13,1.341,1.851
2010-02-14,14,0.43,2.364
2010-02-14,15,0.382,0.761
2010-02-14,16,0.219,0.339
2010-02-14,17,0.465,0.513
2010-02-14,18,0.834,0.903
2010-02-14,19,0.675,2.21
2010-02-14,20,1.329,2.104
2010-02-14,21,1.017,1.978
2010-02-14,22,0.504,1.069
2010-02-14,23,0.325,0.452
2010-02-14,24,0.134,0.536
2010-02-15,1,0.125,0.213
2010-02-15,2,0.095,0.152
2010-02-15,3,0.091,0.165
2010-02-15,4,0.103,0.123
2010-02-15,5,0.191,0.2
2010-02-15,6,0.09,0.091
2010-02-15,7,0.292,0.331
2010-02-15,8,0.144,1.047
2010-02-15,9,0.592,1.252
2010-02-15,10,0.392,0.675
2010-02-15,11,0.141,0.305
2010-02-15,12,0.52,0.895
2010-02-15,13,0.462,1.161
2010-02-15,14,0.724,0.809
2010-02-15,15,0.468,0.484
2010-02-15,16,0.21,0.213
2010-02-15,17,0.389,0.471
2010-02-15,18,1.754,2.073
2010-02-15,19,0.648,0.745
2010-02-15,20,0.709,0.886
2010-02-15,21,0.357,0.445
2010-02-15,22,0.64,0.641
2010-02-15,23,0.794,1.135
2010-02-15,24,0.151,1.293
2010-02-16,1,0.102,0.251
2010-02-16,2,0.094,0.148
2010-02-16,3,0.089,0.113
2010-02-16,4,0.138,0.199
2010-02-16,5,0.099,0.156
2010-02-16,6,0.103,0.183
2010-02-16,7,0.221,0.255
2010-02-16,8,0.203,0.333
2010-02-16,9,0.56,1.838
2010-02-16,10,0.187,0.441
2010-02-16,11,0.122,0.437
2010-02-16,12,0.227,0.404
2010-02-16,13,1.466,1.754
2010-02-16,14,0.531,1.771
2010-02-16,15,0.452,0.658
2010-02-16,16,0.217,0.25
2010-02-16,17,0.4,1.592
2010-02-16,18,1.253,2.38
2010-02-16,19,0.598,0.685
2010-02-16,20,0.585,0.623
2010-02-16,21,0.568,0.828
2010-02-16,22,0.894,1.45
2010-02-16,23,0.658,0.784
2010-02-16,24,0.181,0.931
2010-02-17,1,0.201,0.264
2010-02-17,2,0.194,0.207
2010-02-17,3,0.15,0.198
2010-02-17,4,0.181,0.243
2010-02-17,5,0.151,0.289
2010-02-17,6,0.156,0.231
2010-02-17,7,0.283,0.376
2010-02-17,8,0.213,0.557
2010-02-17,9,0.654,1.257
2010-02-17,10,0.14,0.811
2010-02-17,11,0.231,2.177
2010-02-17,12,0.472,1.76
2010-02-17,13,0.286,0.959
2010-02-17,14,0.562,2.038
2010-02-17,15,0.339,0.454
2010-02-17,16,0.219,0.243
2010-02-17,17,0.456,1.618
2010-02-17,18,0.987,1.475
2010-02-17,19,0.442,0.486
2010-02-17,20,0.547,0.784
2010-02-17,21,0.8,1.26
2010-02-17,22,0.519,0.972
2010-02-17,23,0.514,0.839
2010-02-17,24,0.092,0.441
2010-02-18,1,0.12,0.135
2010-02-18,2,0.091,0.168
2010-02-18,3,0.152,0.352
2010-02-18,4,0.154,0.18
2010-02-18,5,0.092,0.094
2010-02-18,6,0.128,0.165
2010-02-18,7,0.306,0.329
2010-02-18,8,0.157,1.026
2010-02-18,9,0.895,1.309
2010-02-18,10,0.241,0.473
2010-02-18,11,0.461,1.425
2010-02-18,12,0.248,0.678
2010-02-18,13,0.265,0.286
2010-02-18,14,1.161,2.269
2010-02-18,15,0.562,0.729
2010-02-18,16,0.134,0.203
2010-02-18,17,0.285,0.445
2010-02-18,18,0.682,1.906
2010-02-18,19,0.644,2.236
2010-02-18,20,0.581,0.781
2010-02-18,21,0.566,0.763
2010-02-18,22,0.49,0.547
2010-02-18,23,0.429,1.139
2010-02-18,24,0.098,0.585
2010-02-19,1,0.121,0.162
2010-02-19,2,0.09,0.135
2010-02-19,3,0.163,0.188
2010-02-19,4,0.093,0.179
2010-02-19,5,0.091,0.099
2010-02-19,6,0.118,0.13
2010-02-19,7,0.293,0.312
2010-02-19,8,0.211,0.707
2010-02-19,9,0.595,1.123
2010-02-19,10,0.478,0.872
2010-02-19,11,0.799,3.302
2010-02-19,12,0.562,1.607
2010-02-19,13,1.654,2.34
2010-02-19,14,0.282,1.489
2010-02-19,15,0.204,0.781
2010-02-19,16,0.097,0.123
2010-02-19,17,0.327,0.619
2010-02-19,18,0.385,0.473
2010-02-19,19,0.687,0.836
2010-02-19,20,0.608,0.69
2010-02-19,21,0.9,1.224
2010-02-19,22,0.53,0.882
2010-02-19,23,0.603,0.905
2010-02-19,24,0.415,0.469
2010-02-20,1,0.129,0.503
2010-02-20,2,0.092,0.11
2010-02-20,3,0.126,0.134
2010-02-20,4,0.109,0.227
2010-02-20,5,0.09,0.144
2010-02-20,6,0.138,0.172
2010-02-20,7,0.164,0.296
2010-02-20,8,0.093,0.186
2010-02-20,9,0.201,0.3
2010-02-20,10,1.801,2.46
2010-02-20,11,0.175,1.053
2010-02-20,12,0.178,0.57
2010-02-20,13,0.091,0.516
2010-02-20,14,1.179,1.182
2010-02-20,15,0.654,0.724
2010-02-20,16,0.311,0.355
2010-02-20,17,0.403,0.65
2010-02-20,18,0.25,0.251
2010-02-20,19,0.86,1.004
2010-02-20,20,0.972,1.172
2010-02-20,21,0.992,1.272
2010-02-20,22,0.698,0.881
2010-02-20,23,0.655,1.245
2010-02-20,24,0.6,0.877
2010-02-21,1,0.453,0.719
2010-02-21,2,0.522,0.595
2010-02-21,3,0.27,0.827
2010-02-21,4,0.091,0.128
2010-02-21,5,0.115,0.138
2010-02-21,6,0.092,0.173
2010-02-21,7,0.188,0.378
2010-02-21,8,0.142,0.183
2010-02-21,9,0.159,0.29
2010-02-21,10,0.574,0.811
2010-02-21,11,0.848,0.931
2010-02-21,12,0.997,1.752
2010-02-21,13,1.408,2.088
2010-02-21,14,0.149,1.179
2010-02-21,15,0.294,0.408
2010-02-21,16,0.792,1.744
2010-02-21,17,0.774,1.864
2010-02-21,18,0.355,0.557
2010-02-21,19,1.022,1.162
2010-02-21,20,0.926,1.539
2010-02-21,21,0.931,1.083
2010-02-21,22,0.714,0.962
2010-02-21,23,0.424,0.608
2010-02-21,24,0.284,0.315
2010-02-22,1,0.133,0.547
2010-02-22,2,0.154,0.214
2010-02-22,3,0.094,0.178
2010-02-22,4,0.09,0.123
2010-02-22,5,0.095,0.113
2010-02-22,6,0.163,0.315
2010-02-22,7,0.166,0.308
2010-02-22,8,0.187,0.926
2010-02-22,9,0.91,0.974
2010-02-22,10,0.363,0.643
2010-02-22,11,0.126,0.145
2010-02-22,12,1.09,1.414
2010-02-22,13,1.835,2.979
2010-02-22,14,0.64,1.163
2010-02-22,15,0.254,0.472
2010-02-22,16,0.223,0.51
2010-02-22,17,0.457,0.603
2010-02-22,18,1.713,4.6
2010-02-22,19,1.375,1.886
2010-02-22,20,1.59,1.626
2010-02-22,21,0.724,1.162
2010-02-22,22,0.614,0.759
2010-02-22,23,0.372,1.199
2010-02-22,24,0.127,0.311
2010-02-23,1,0.141,0.153
2010-02-23,2,0.185,0.195
2010-02-23,3,0.09,0.125
2010-02-23,4,0.104,0.131
2010-02-23,5,0.09,0.155
2010-02-23,6,0.19,0.341
2010-02-23,7,0.211,0.43
2010-02-23,8,0.211,0.93
2010-02-23,9,0.593,0.949
2010-02-23,10,0.353,0.4
2010-02-23,11,0.358,0.362
2010-02-23,12,0.339,0.397
2010-02-23,13,0.285,0.45
2010-02-23,14,0.334,0.555
2010-02-23,15,0.648,0.783
2010-02-23,16,1.076,1.087
2010-02-23,17,1.049,1.076
2010-02-23,18,0.524,0.642
2010-02-23,19,1.464,1.563
2010-02-23,20,0.862,0.912
2010-02-23,21,0.644,0.651
2010-02-23,22,0.889,0.937
2010-02-23,23,0.598,2.137
2010-02-23,24,0.196,0.995
2010-02-24,1,0.113,0.199
2010-02-24,2,0.09,0.09
2010-02-24,3,0.095,0.144
2010-02-24,4,0.09,0.226
2010-02-24,5,0.182,0.19
2010-02-24,6,0.175,0.206
2010-02-24,7,0.173,0.284
2010-02-24,8,0.153,1.032
2010-02-24,9,1.087,1.338
2010-02-24,10,0.326,0.434
2010-02-24,11,0.823,1.512
2010-02-24,12,0.549,0.938
2010-02-24,13,0.486,2.089
2010-02-24,14,0.634,1.512
2010-02-24,15,0.388,0.601
2010-02-24,16,0.343,0.451
2010-02-24,17,0.971,1.757
2010-02-24,18,0.557,0.938
2010-02-24,19,0.45,0.504
2010-02-24,20,0.418,0.491
2010-02-24,21,0.448,0.706
2010-02-24,22,0.41,0.45
2010-02-24,23,0.982,1.066
2010-02-24,24,0.307,0.555
2010-02-25,1,0.164,0.182
2010-02-25,2,0.089,0.094
2010-02-25,3,0.104,0.176
2010-02-25,4,0.089,0.131
2010-02-25,5,0.132,0.217
2010-02-25,6,0.12,0.205
2010-02-25,7,0.145,0.279
2010-02-25,8,0.169,0.584
2010-02-25,9,1.315,1.841
2010-02-25,10,2.768,3.56
2010-02-25,11,0.274,1.237
2010-02-25,12,2.141,2.264
2010-02-25,13,0.899,1.757
2010-02-25,14,0.43,0.894
2010-02-25,15,0.267,0.46
2010-02-25,16,0.192,0.24
2010-02-25,17,0.449,2.047
2010-02-25,18,1.481,1.512
2010-02-25,19,0.571,0.722
2010-02-25,20,0.729,1.233
2010-02-25,21,0.592,0.776
2010-02-25,22,0.828,0.867
2010-02-25,23,0.599,0.79
2010-02-25,24,0.245,0.408
2010-02-26,1,0.158,0.202
2010-02-26,2,0.094,0.105
2010-02-26,3,0.115,0.2
2010-02-26,4,0.135,0.182
2010-02-26,5,0.09,0.175
2010-02-26,6,0.09,0.142
2010-02-26,7,0.154,0.313
2010-02-26,8,0.256,0.439
2010-02-26,9,0.392,1.29
2010-02-26,10,0.192,0.392
2010-02-26,11,0.092,0.876
2010-02-26,12,0.267,0.292
2010-02-26,13,0.498,0.781
2010-02-26,14,0.226,0.438
2010-02-26,15,0.322,0.383
2010-02-26,16,0.321,0.412
2010-02-26,17,0.539,0.554
2010-02-26,18,0.522,0.588
2010-02-26,19,0.492,0.624
2010-02-26,20,0.66,0.915
2010-02-26,21,0.592,1.24
2010-02-26,22,0.523,0.911
2010-02-26,23,0.737,2.312
2010-02-26,24,0.441,0.509
2010-02-27,1,0.305,0.686
2010-02-27,2,0.089,0.09
2010-02-27,3,0.178,0.203
2010-02-27,4,0.092,0.134
2010-02-27,5,0.091,0.159
2010-02-27,6,0.09,0.169
2010-02-27,7,0.246,0.328
2010-02-27,8,0.141,0.182
2010-02-27,9,0.116,1.159
2010-02-27,10,0.191,0.761
2010-02-27,11,1.525,2.325
2010-02-27,12,0.092,0.674
2010-02-27,13,0.091,0.337
2010-02-27,14,1.758,1.789
2010-02-27,15,0.888,1.415
2010-02-27,16,0.384,2.071
2010-02-27,17,0.647,1.991
2010-02-27,18,0.511,0.597
2010-02-27,19,0.375,0.435
2010-02-27,20,0.53,0.559
2010-02-27,21,0.6,1.422
2010-02-27,22,0.673,1.005
2010-02-27,23,0.931,1.339
2010-02-27,24,0.971,2.962
2010-02-28,1,0.402,0.747
2010-02-28,2,0.093,0.141
2010-02-28,3,0.147,0.226
2010-02-28,4,0.129,0.169
2010-02-28,5,0.092,0.094
2010-02-28,6,0.161,0.167
2010-02-28,7,0.235,0.384
2010-02-28,8,0.091,0.109
2010-02-28,9,0.166,0.313
2010-02-28,10,1.084,1.115
2010-02-28,11,0.406,1.166
2010-02-28,12,0.902,1.249
2010-02-28,13,1.125,1.895
2010-02-28,14,0.629,1.977
2010-02-28,15,0.174,0.174
2010-02-28,16,0.293,0.539
2010-02-28,17,0.291,0.436
2010-02-28,18,0.405,0.639
2010-02-28,19,0.527,0.745
2010-02-28,20,0.657,1.068
2010-02-28,21,1.519,1.683
2010-02-28,22,1.863,2.07
2010-02-28,23,0.446,0.702
2010-02-28,24,0.516,0.836
2010-03-01,1,0.095,0.153
2010-03-01,2,0.119,0.14
2010-03-01,3,0.153,0.185
2010-03-01,4,0.091,0.161
2010-03-01,5,0.094,0.159
2010-03-01,6,0.102,0.146
2010-03-01,7,0.385,0.414
2010-03-01,8,0.143,1.253
2010-03-01,9,0.308,0.68
2010-03-01,10,0.531,0.965
2010-03-01,11,0.181,3.367
2010-03-01,12,1.13,1.357
2010-03-01,13,1.557,2.11
2010-03-01,14,0.233,1.76
2010-03-01,15,0.176,0.718
2010-03-01,16,0.287,0.376
2010-03-01,17,0.206,0.316
2010-03-01,18,0.424,0.451
2010-03-01,19,0.659,0.827
2010-03-01,20,0.437,0.549
2010-03-01,21,0.465,0.764
2010-03-01,22,0.528,0.966
2010-03-01,23,0.38,0.959
2010-03-01,24,0.091,2.233
2010-03-02,1,0.17,0.178
2010-03-02,2,0.089,0.139
2010-03-02,3,0.093,0.165
2010-03-02,4,0.148,0.178
2010-03-02,5,0.102,0.151
2010-03-02,6,0.094,0.114
2010-03-02,7,0.242,0.33
2010-03-02,8,0.225,0.619
2010-03-02,9,0.685,1.43
2010-03-02,10,0.294,0.394
2010-03-02,11,0.148,0.261
2010-03-02,12,0.596,1.874
2010-03-02,13,1.386,1.823
2010-03-02,14,0.501,1.499
2010-03-02,15,0.232,0.503
2010-03-02,16,0.36,0.391
2010-03-02,17,0.251,0.612
2010-03-02,18,0.248,0.252
2010-03-02,19,0.313,0.359
2010-03-02,20,0.767,0.92
2010-03-02,21,0.904,2.412
2010-03-02,22,1.331,1.751
2010-03-02,23,0.887,3.174
2010-03-02,24,0.09,0.232
2010-03-03,1,0.101,0.149
2010-03-03,2,0.143,0.224
2010-03-03,3,0.094,0.119
2010-03-03,4,0.125,0.127
2010-03-03,5,0.092,0.179
2010-03-03,6,0.105,0.206
2010-03-03,7,0.19,0.35
2010-03-03,8,0.141,0.491
2010-03-03,9,1.235,2.351
2010-03-03,10,1.033,2.085
2010-03-03,11,0.122,0.386
2010-03-03,12,0.336,0.673
2010-03-03,13,0.651,1.428
2010-03-03,14,1.021,1.281
2010-03-03,15,0.326,0.349
2010-03-03,16,0.3,0.586
2010-03-03,17,0.268,1.884
2010-03-03,18,0.444,2.316
2010-03-03,19,0.439,0.696
2010-03-03,20,0.472,0.613
2010-03-03,21,0.46,0.517
2010-03-03,22,0.545,1.28
2010-03-03,23,0.604,0.727
2010-03-03,24,0.245,0.409
2010-03-04,1,0.09,0.16
2010-03-04,2,0.107,0.15
2010-03-04,3,0.157,0.17
2010-03-04,4,0.125,0.126
2010-03-04,5,0.091,0.128
2010-03-04,6,0.128,0.13
2010-03-04,7,0.283,0.347
2010-03-04,8,0.129,0.536
2010-03-04,9,0.84,1.245
2010-03-04,10,0.457,0.616
2010-03-04,11,0.388,0.394
2010-03-04,12,0.246,0.327
2010-03-04,13,0.318,0.339
2010-03-04,14,0.335,0.563
2010-03-04,15,0.251,0.678
2010-03-04,16,0.541,1.493
2010-03-04,17,0.304,1.007
2010-03-04,18,1.193,2.524
2010-03-04,19,0.733,0.765
2010-03-04,20,0.44,0.485
2010-03-04,21,0.651,0.794
2010-03-04,22,0.574,0.886
2010-03-04,23,0.503,0.625
2010-03-04,24,0.214,0.797
2010-03-05,1,0.113,0.179
2010-03-05,2,0.204,0.215
2010-03-05,3,0.192,0.208
2010-03-05,4,0.146,0.21
2010-03-05,5,0.114,0.161
2010-03-05,6,0.114,0.182
2010-03-05,7,0.322,0.329
2010-03-05,8,0.185,0.526
2010-03-05,9,0.656,0.736
2010-03-05,10,0.485,0.529
2010-03-05,11,0.319,0.336
2010-03-05,12,0.882,3.397
2010-03-05,13,0.419,1.982
2010-03-05,14,0.137,0.269
2010-03-05,15,0.323,0.543
2010-03-05,16,0.233,0.271
2010-03-05,17,0.273,0.338
2010-03-05,18,0.426,0.724
2010-03-05,19,0.581,0.593
2010-03-05,20,0.641,0.646
2010-03-05,21,0.833,3.068
2010-03-05,22,0.915,1.186
2010-03-05,23,0.522,0.571
2010-03-05,24,0.4,0.543
2010-03-06,1,0.371,0.406
2010-03-06,2,0.14,0.686
2010-03-06,3,0.092,0.164
2010-03-06,4,0.094,0.133
2010-03-06,5,0.183,0.191
2010-03-06,6,0.118,0.126
2010-03-06,7,0.232,0.278
2010-03-06,8,0.17,0.224
2010-03-06,9,0.271,0.533
2010-03-06,10,2.0,2.368
2010-03-06,11,0.232,1.104
2010-03-06,12,0.172,0.223
2010-03-06,13,0.17,1.712
2010-03-06,14,1.615,2.386
2010-03-06,15,0.192,0.387
2010-03-06,16,0.184,0.254
2010-03-06,17,0.858,2.79
2010-03-06,18,0.648,1.609
2010-03-06,19,0.802,0.805
2010-03-06,20,0.653,0.775
2010-03-06,21,1.165,1.645
2010-03-06,22,1.176,1.521
2010-03-06,23,0.634,1.067
2010-03-06,24,0.747,0.752
2010-03-07,1,0.226,0.229
2010-03-07,2,0.306,0.636
2010-03-07,3,0.208,0.274
2010-03-07,4,0.18,0.247
2010-03-07,5,0.187,0.262
2010-03-07,6,0.211,0.269
2010-03-07,7,0.356,0.364
2010-03-07,8,0.175,0.205
2010-03-07,9,0.287,0.822
2010-03-07,10,0.912,2.162
2010-03-07,11,0.503,2.917
2010-03-07,12,0.217,0.333
2010-03-07,13,0.091,0.362
2010-03-07,14,0.16,0.25
2010-03-07,15,0.09,0.213
2010-03-07,16,0.204,0.269
2010-03-07,17,0.229,0.731
2010-03-07,18,0.295,0.35
2010-03-07,19,0.476,1.377
2010-03-07,20,0.725,1.01
2010-03-07,21,0.66,0.907
2010-03-07,22,0.863,1.042
2010-03-07,23,0.495,0.504
2010-03-07,24,0.455,0.606
2010-03-08,1,0.092,0.256
2010-03-08,2,0.108,0.158
2010-03-08,3,0.144,0.187
2010-03-08,4,0.128,0.159
2010-03-08,5,0.093,0.093
2010-03-08,6,0.161,0.198
2010-03-08,7,0.233,0.308
2010-03-08,8,0.126,0.48
2010-03-08,9,0.872,1.137
2010-03-08,10,0.346,0.664
2010-03-08,11,0.091,0.348
2010-03-08,12,2.143,2.335
2010-03-08,13,1.286,2.103
2010-03-08,14,0.724,1.184
2010-03-08,15,0.172,0.314
2010-03-08,16,0.231,0.508
2010-03-08,17,0.248,0.253
2010-03-08,18,0.631,1.599
2010-03-08,19,0.79,2.342
2010-03-08,20,0.636,2.332
2010-03-08,21,0.607,0.63
2010-03-08,22,0.565,0.784
2010-03-08,23,0.434,0.981
2010-03-08,24,0.143,0.376
2010-03-09,1,0.12,0.184
2010-03-09,2,0.09,0.139
2010-03-09,3,0.103,0.179
2010-03-09,4,0.154,0.196
2010-03-09,5,0.092,0.14
2010-03-09,6,0.094,0.107
2010-03-09,7,0.295,0.373
2010-03-09,8,0.131,0.951
2010-03-09,9,0.512,0.934
2010-03-09,10,0.405,0.445
2010-03-09,11,0.091,0.253
2010-03-09,12,0.758,1.039
2010-03-09,13,1.36,2.802
2010-03-09,14,0.479,0.702
2010-03-09,15,0.323,0.74
2010-03-09,16,0.52,2.99
2010-03-09,17,0.34,0.522
2010-03-09,18,0.252,0.385
2010-03-09,19,0.384,1.037
2010-03-09,20,0.775,1.252
2010-03-09,21,0.569,0.596
2010-03-09,22,0.773,1.176
2010-03-09,23,0.661,0.665
2010-03-09,24,0.09,0.192
2010-03-10,1,0.09,0.222
2010-03-10,2,0.091,0.155
2010-03-10,3,0.185,0.221
2010-03-10,4,0.139,0.214
2010-03-10,5,0.121,0.205
2010-03-10,6,0.09,0.129
2010-03-10,7,0.242,0.278
2010-03-10,8,0.201,0.675
2010-03-10,9,0.576,1.21
2010-03-10,10,0.398,1.238
2010-03-10,11,0.363,0.929
2010-03-10,12,0.524,0.637
2010-03-10,13,0.886,0.999
2010-03-10,14,0.628,1.13
2010-03-10,15,0.34,0.859
2010-03-10,16,0.284,0.608
2010-03-10,17,0.449,2.474
2010-03-10,18,1.354,3.705
2010-03-10,19,0.751,1.579
2010-03-10,20,1.45,1.451
2010-03-10,21,0.341,1.322
2010-03-10,22,0.399,0.799
2010-03-10,23,0.82,0.883
2010-03-10,24,0.304,0.592
2010-03-11,1,0.094,0.14
2010-03-11,2,0.091,0.134
2010-03-11,3,0.148,0.258
2010-03-11,4,0.092,0.092
2010-03-11,5,0.092,0.14
2010-03-11,6,0.131,0.263
2010-03-11,7,0.23,0.273
2010-03-11,8,0.123,0.528
2010-03-11,9,0.698,1.356
2010-03-11,10,0.398,0.932
2010-03-11,11,0.263,0.466
2010-03-11,12,0.294,0.398
2010-03-11,13,0.364,1.272
2010-03-11,14,0.411,0.574
2010-03-11,15,0.266,0.738
2010-03-11,16,0.205,0.277
2010-03-11,17,0.257,0.488
2010-03-11,18,1.26,2.66
2010-03-11,19,0.606,0.776
2010-03-11,20,0.903,0.914
2010-03-11,21,0.88,1.548
2010-03-11,22,0.685,0.838
2010-03-11,23,0.722,1.064
2010-03-11,24,0.154,0.269
2010-03-12,1,0.098,0.156
2010-03-12,2,0.09,0.142
2010-03-12,3,0.094,0.229
2010-03-12,4,0.114,0.147
2010-03-12,5,0.089,0.134
2010-03-12,6,0.108,0.23
2010-03-12,7,0.226,0.281
2010-03-12,8,0.153,0.481
2010-03-12,9,0.871,0.974
2010-03-12,10,0.451,0.666
2010-03-12,11,0.088,0.365
2010-03-12,12,0.375,1.708
2010-03-12,13,0.227,1.487
2010-03-12,14,0.198,0.752
2010-03-12,15,0.192,0.323
2010-03-12,16,0.275,0.509
2010-03-12,17,0.314,0.384
2010-03-12,18,0.191,0.499
2010-03-12,19,0.623,0.672
2010-03-12,20,0.593,0.681
2010-03-12,21,0.786,1.157
2010-03-12,22,0.594,0.82
2010-03-12,23,0.313,0.332
2010-03-12,24,0.189,0.247
2010-03-13,1,0.295,0.782
2010-03-13,2,0.149,0.212
2010-03-13,3,0.126,0.133
2010-03-13,4,0.095,0.134
2010-03-13,5,0.148,0.184
2010-03-13,6,0.147,0.153
2010-03-13,7,0.216,0.276
2010-03-13,8,0.126,0.13
2010-03-13,9,0.168,0.183
2010-03-13,10,0.821,2.853
2010-03-13,11,1.833,3.799
2010-03-13,12,0.222,2.256
2010-03-13,13,0.128,0.268
2010-03-13,14,0.383,1.035
2010-03-13,15,0.785,1.476
2010-03-13,16,0.311,0.352
2010-03-13,17,0.332,0.381
2010-03-13,18,0.287,0.372
2010-03-13,19,0.394,0.959
2010-03-13,20,0.809,0.978
2010-03-13,21,0.892,1.376
2010-03-13,22,1.668,1.842
2010-03-13,23,0.916,1.028
2010-03-13,24,0.308,0.488
2010-03-14,1,0.206,0.317
2010-03-14,2,0.264,0.343
2010-03-14,3,0.615,0.648
2010-03-14,4,0.13,0.179
2010-03-14,5,0.194,0.202
2010-03-14,6,0.186,0.194
2010-03-14,7,0.309,0.388
2010-03-14,8,0.246,0.258
2010-03-14,9,0.192,0.232
2010-03-14,10,0.841,0.855
2010-03-14,11,0.38,2.873
2010-03-14,12,1.599,1.954
2010-03-14,13,1.754,2.782
2010-03-14,14,1.23,2.166
2010-03-14,15,0.875,2.112
2010-03-14,16,0.463,2.205
2010-03-14,17,0.402,0.441
2010-03-14,18,0.33,0.358
2010-03-14,19,0.646,0.781
2010-03-14,20,0.697,1.367
2010-03-14,21,0.593,0.759
2010-03-14,22,0.644,1.655
2010-03-14,23,0.409,0.509
2010-03-14,24,0.469,0.77
2010-03-15,1,0.179,0.315
2010-03-15,2,0.097,0.135
2010-03-15,3,0.091,0.158
2010-03-15,4,0.154,0.364
2010-03-15,5,0.112,0.191
2010-03-15,6,0.119,0.138
2010-03-15,7,0.316,0.402
2010-03-15,8,0.12,0.724
2010-03-15,9,0.368,1.099
2010-03-15,10,0.589,1.871
2010-03-15,11,0.243,1.331
2010-03-15,12,0.211,0.262
2010-03-15,13,0.43,1.029
2010-03-15,14,0.654,0.805
2010-03-15,15,0.333,0.455
2010-03-15,16,0.196,0.214
2010-03-15,17,0.136,1.496
2010-03-15,18,1.411,2.472
2010-03-15,19,0.737,2.196
2010-03-15,20,0.529,2.09
2010-03-15,21,0.604,0.676
2010-03-15,22,0.441,0.807
2010-03-15,23,0.507,0.917
2010-03-15,24,0.238,2.276
2010-03-16,1,0.091,0.143
2010-03-16,2,0.094,0.135
2010-03-16,3,0.147,0.185
2010-03-16,4,0.108,0.199
2010-03-16,5,0.094,0.134
2010-03-16,6,0.091,0.16
2010-03-16,7,0.254,0.298
2010-03-16,8,0.14,0.296
2010-03-16,9,0.993,1.818
2010-03-16,10,0.234,0.399
2010-03-16,11,0.224,0.918
2010-03-16,12,1.872,2.215
2010-03-16,13,0.753,1.038
2010-03-16,14,0.555,0.675
2010-03-16,15,0.197,0.275
2010-03-16,16,0.334,0.359
2010-03-16,17,0.328,0.615
2010-03-16,18,0.273,0.435
2010-03-16,19,0.556,1.154
2010-03-16,20,0.446,0.96
2010-03-16,21,0.441,1.073
2010-03-16,22,0.664,0.687
2010-03-16,23,0.607,1.054
2010-03-16,24,0.471,0.691
2010-03-17,1,0.342,0.431
2010-03-17,2,0.111,0.209
2010-03-17,3,0.09,0.138
2010-03-17,4,0.122,0.18
2010-03-17,5,0.151,0.168
2010-03-17,6,0.091,0.091
2010-03-17,7,0.198,0.207
2010-03-17,8,0.154,0.186
2010-03-17,9,0.176,0.602
2010-03-17,10,0.316,0.668
2010-03-17,11,0.187,0.451
2010-03-17,12,0.421,2.568
2010-03-17,13,0.499,1.811
2010-03-17,14,1.92,3.555
2010-03-17,15,1.858,2.699
2010-03-17,16,0.201,0.334
2010-03-17,17,0.344,0.488
2010-03-17,18,0.37,0.454
2010-03-17,19,0.462,0.687
2010-03-17,20,0.833,3.534
2010-03-17,21,0.475,0.81
2010-03-17,22,0.776,0.973
2010-03-17,23,0.518,0.734
2010-03-17,24,0.167,0.527
2010-03-18,1,0.09,0.091
2010-03-18,2,0.197,0.203
2010-03-18,3,0.102,0.102
2010-03-18,4,0.094,0.179
2010-03-18,5,0.109,0.208
2010-03-18,6,0.089,0.18
2010-03-18,7,0.21,0.223
2010-03-18,8,0.697,1.288
2010-03-18,9,1.724,5.004
2010-03-18,10,0.295,0.436
2010-03-18,11,0.109,0.155
2010-03-18,12,0.232,0.435
2010-03-18,13,0.175,0.181
2010-03-18,14,0.439,0.575
2010-03-18,15,0.415,0.685
2010-03-18,16,0.283,0.342
2010-03-18,17,0.282,1.046
2010-03-18,18,1.1,3.01
2010-03-18,19,0.637,0.762
2010-03-18,20,0.446,0.567
2010-03-18,21,0.447,1.207
2010-03-18,22,0.648,0.778
2010-03-18,23,0.544,0.925
2010-03-18,24,0.26,0.341
2010-03-19,1,0.092,0.217
2010-03-19,2,0.109,0.148
2010-03-19,3,0.149,0.188
2010-03-19,4,0.153,0.187
2010-03-19,5,0.091,0.147
2010-03-19,6,0.091,0.157
2010-03-19,7,0.213,0.358
2010-03-19,8,0.186,0.633
2010-03-19,9,0.359,0.985
2010-03-19,10,0.488,1.17
2010-03-19,11,0.358,0.81
2010-03-19,12,0.264,0.46
2010-03-19,13,0.217,0.308
2010-03-19,14,0.305,0.315
2010-03-19,15,0.134,0.417
2010-03-19,16,0.24,0.321
2010-03-19,17,0.251,0.315
2010-03-19,18,0.439,0.595
2010-03-19,19,0.325,0.891
2010-03-19,20,0.665,0.691
2010-03-19,21,0.695,1.279
2010-03-19,22,1.397,1.488
2010-03-19,23,0.255,0.377
2010-03-19,24,0.215,0.217
2010-03-20,1,0.395,0.86
2010-03-20,2,0.177,0.317
2010-03-20,3,0.106,0.117
2010-03-20,4,0.108,0.16
2010-03-20,5,0.231,0.276
2010-03-20,6,0.185,0.195
2010-03-20,7,0.094,0.249
2010-03-20,8,0.152,0.194
2010-03-20,9,0.131,0.192
2010-03-20,10,0.656,1.169
2010-03-20,11,1.237,3.357
2010-03-20,12,1.803,2.04
2010-03-20,13,0.094,0.127
2010-03-20,14,0.383,0.573
2010-03-20,15,0.931,1.629
2010-03-20,16,0.263,0.496
2010-03-20,17,0.267,0.332
2010-03-20,18,0.339,0.478
2010-03-20,19,0.366,0.48
2010-03-20,20,0.523,1.12
2010-03-20,21,1.022,1.612
2010-03-20,22,0.757,0.994
2010-03-20,23,1.101,1.752
2010-03-20,24,0.537,1.026
2010-03-21,1,0.435,0.486
2010-03-21,2,0.095,0.527
2010-03-21,3,0.176,0.245
2010-03-21,4,0.11,0.149
2010-03-21,5,0.098,0.156
2010-03-21,6,0.143,0.189
2010-03-21,7,0.275,0.279
2010-03-21,8,0.09,0.157
2010-03-21,9,0.173,0.225
2010-03-21,10,0.429,1.21
2010-03-21,11,0.179,0.529
2010-03-21,12,0.26,0.268
2010-03-21,13,0.143,0.506
2010-03-21,14,0.13,0.178
2010-03-21,15,0.178,0.183
2010-03-21,16,0.133,0.521
2010-03-21,17,0.305,0.367
2010-03-21,18,0.34,0.398
2010-03-21,19,0.33,1.075
2010-03-21,20,1.2,1.656
2010-03-21,21,1.388,1.447
2010-03-21,22,0.501,1.018
2010-03-21,23,0.461,0.636
2010-03-21,24,0.152,2.665
2010-03-22,1,0.091,0.161
2010-03-22,2,0.098,0.152
2010-03-22,3,0.169,0.281
2010-03-22,4,0.091,0.153
2010-03-22,5,0.092,0.109
2010-03-22,6,0.177,0.259
2010-03-22,7,0.2,0.262
2010-03-22,8,0.113,0.875
2010-03-22,9,0.458,1.412
2010-03-22,10,0.362,0.461
2010-03-22,11,0.224,0.628
2010-03-22,12,1.063,1.106
2010-03-22,13,1.088,1.139
2010-03-22,14,0.7,1.379
2010-03-22,15,0.291,0.457
2010-03-22,16,0.329,0.545
2010-03-22,17,0.278,0.954
2010-03-22,18,1.863,2.059
2010-03-22,19,0.766,0.878
2010-03-22,20,0.712,0.889
2010-03-22,21,0.536,0.547
2010-03-22,22,0.527,0.556
2010-03-22,23,0.275,1.303
2010-03-22,24,0.12,0.151
2010-03-23,1,0.092,0.096
2010-03-23,2,0.187,0.255
2010-03-23,3,0.09,0.101
2010-03-23,4,0.09,0.136
2010-03-23,5,0.159,0.249
2010-03-23,6,0.122,0.195
2010-03-23,7,0.191,0.315
2010-03-23,8,0.112,0.73
2010-03-23,9,0.325,1.52
2010-03-23,10,0.429,0.474
2010-03-23,11,0.294,0.388
2010-03-23,12,1.658,1.682
2010-03-23,13,1.275,1.473
2010-03-23,14,0.485,2.048
2010-03-23,15,0.2,0.231
2010-03-23,16,0.256,0.287
2010-03-23,17,0.384,0.561
2010-03-23,18,0.216,0.279
2010-03-23,19,1.392,2.698
2010-03-23,20,0.829,1.071
2010-03-23,21,0.685,0.708
2010-03-23,22,0.938,1.003
2010-03-23,23,0.408,0.51
2010-03-23,24,0.205,0.374
2010-03-24,1,0.12,0.29
2010-03-24,2,0.183,0.221
2010-03-24,3,0.104,0.143
2010-03-24,4,0.103,0.279
2010-03-24,5,0.097,0.228
2010-03-24,6,0.112,0.144
2010-03-24,7,0.224,0.346
2010-03-24,8,0.221,0.967
2010-03-24,9,0.942,0.978
2010-03-24,10,0.448,1.872
2010-03-24,11,0.195,0.323
2010-03-24,12,0.124,0.378
2010-03-24,13,0.176,0.183
2010-03-24,14,1.471,3.001
2010-03-24,15,2.235,2.334
2010-03-24,16,0.605,0.907
2010-03-24,17,0.225,0.248
2010-03-24,18,0.261,2.212
2010-03-24,19,0.589,0.647
2010-03-24,20,0.372,0.494
2010-03-24,21,0.303,0.306
2010-03-24,22,0.722,0.757
2010-03-24,23,0.38,0.871
2010-03-24,24,0.166,0.422
2010-03-25,1,0.145,0.204
2010-03-25,2,0.126,0.137
2010-03-25,3,0.106,0.152
2010-03-25,4,0.094,0.23
2010-03-25,5,0.104,0.144
2010-03-25,6,0.132,0.182
2010-03-25,7,0.19,0.319
2010-03-25,8,0.249,0.351
2010-03-25,9,0.822,1.639
2010-03-25,10,0.489,2.192
2010-03-25,11,0.183,2.364
2010-03-25,12,0.208,0.256
2010-03-25,13,0.274,0.533
2010-03-25,14,0.432,0.454
2010-03-25,15,0.281,0.588
2010-03-25,16,0.302,0.704
2010-03-25,17,1.179,2.049
2010-03-25,18,0.235,0.244
2010-03-25,19,0.416,3.343
2010-03-25,20,0.557,0.967
2010-03-25,21,0.533,0.758
2010-03-25,22,0.614,0.831
2010-03-25,23,0.472,1.169
2010-03-25,24,0.14,0.31
2010-03-26,1,0.091,0.169
2010-03-26,2,0.148,0.254
2010-03-26,3,0.093,0.137
2010-03-26,4,0.112,0.113
2010-03-26,5,0.205,0.208
2010-03-26,6,0.093,0.133
2010-03-26,7,0.188,0.271
2010-03-26,8,0.152,0.425
2010-03-26,9,0.732,1.136
2010-03-26,10,0.57,1.386
2010-03-26,11,0.226,0.712
2010-03-26,12,0.089,0.172
2010-03-26,13,0.101,0.124
2010-03-26,14,0.221,0.277
2010-03-26,15,0.105,0.181
2010-03-26,16,0.103,0.134
2010-03-26,17,0.013,0.014
2010-03-26,18,0.013,0.603
2010-03-26,19,0.612,0.752
2010-03-26,20,0.494,0.67
2010-03-26,21,0.501,0.562
2010-03-26,22,0.577,0.579
2010-03-26,23,0.512,1.104
2010-03-26,24,0.503,0.532
2010-03-27,1,0.188,0.608
2010-03-27,2,0.109,0.15
2010-03-27,3,0.092,0.191
2010-03-27,4,0.112,0.26
2010-03-27,5,0.096,0.151
2010-03-27,6,0.127,0.146
2010-03-27,7,0.287,0.415
2010-03-27,8,0.09,0.139
2010-03-27,9,0.09,0.205
2010-03-27,10,0.794,1.032
2010-03-27,11,1.998,3.241
2010-03-27,12,0.629,2.282
2010-03-27,13,0.187,0.774
2010-03-27,14,0.335,0.935
2010-03-27,15,0.297,0.36
2010-03-27,16,0.135,0.265
2010-03-27,17,0.128,0.13
2010-03-27,18,0.187,0.271
2010-03-27,19,0.256,0.37
2010-03-27,20,0.624,0.708
2010-03-27,21,0.893,1.004
2010-03-27,22,0.663,0.677
2010-03-27,23,0.619,0.725
2010-03-27,24,0.919,0.969
2010-03-28,1,0.0,0.438
2010-03-28,2,0.0,0.401
2010-03-28,3,0.21,0.484
2010-03-28,4,0.091,0.121
2010-03-28,5,0.108,0.148
2010-03-28,6,0.119,0.227
2010-03-28,7,0.092,0.151
2010-03-28,8,0.292,0.302
2010-03-28,9,0.13,0.173
2010-03-28,10,0.145,0.756
2010-03-28,11,1.108,2.521
2010-03-28,12,0.996,1.806
2010-03-28,13,0.84,2.196
2010-03-28,14,0.2,1.289
2010-03-28,15,0.156,0.341
2010-03-28,16,0.182,0.264
2010-03-28,17,0.283,0.516
2010-03-28,18,0.273,0.36
2010-03-28,19,0.328,1.036
2010-03-28,20,0.472,0.692
2010-03-28,21,0.501,0.737
2010-03-28,22,0.813,0.94
2010-03-28,23,0.471,0.494
2010-03-28,24,0.354,0.426
2010-03-29,1,0.113,0.751
2010-03-29,2,0.137,0.147
2010-03-29,3,0.146,0.22
2010-03-29,4,0.1,0.129
2010-03-29,5,0.13,0.131
2010-03-29,6,0.189,0.198
2010-03-29,7,0.088,0.134
2010-03-29,8,0.222,0.316
2010-03-29,9,1.807,2.614
2010-03-29,10,1.215,3.376
2010-03-29,11,0.353,0.478
2010-03-29,12,0.308,0.43
2010-03-29,13,0.236,0.256
2010-03-29,14,0.326,0.46
2010-03-29,15,0.393,0.527
2010-03-29,16,0.208,0.332
2010-03-29,17,0.286,0.315
2010-03-29,18,2.097,2.428
2010-03-29,19,0.475,0.834
2010-03-29,20,0.397,0.797
2010-03-29,21,0.219,0.317
2010-03-29,22,0.23,0.257
2010-03-29,23,0.626,1.373
2010-03-29,24,0.487,0.511
2010-03-30,1,0.11,0.302
2010-03-30,2,0.122,0.138
2010-03-30,3,0.133,0.173
2010-03-30,4,0.209,0.21
2010-03-30,5,0.153,0.18
2010-03-30,6,0.129,0.213
2010-03-30,7,0.134,0.271
2010-03-30,8,0.284,1.202
2010-03-30,9,0.771,2.824
2010-03-30,10,0.27,0.947
2010-03-30,11,0.374,0.57
2010-03-30,12,0.301,0.877
2010-03-30,13,1.566,2.223
2010-03-30,14,0.607,1.209
2010-03-30,15,0.269,0.291
2010-03-30,16,0.258,0.354
2010-03-30,17,0.41,0.539
2010-03-30,18,1.824,2.0
2010-03-30,19,0.864,1.122
2010-03-30,20,0.67,0.814
2010-03-30,21,0.527,1.529
2010-03-30,22,0.785,0.837
2010-03-30,23,2.627,3.785
2010-03-30,24,1.508,1.73
2010-03-31,1,1.053,1.854
2010-03-31,2,0.181,0.238
2010-03-31,3,0.1,0.148
2010-03-31,4,0.098,0.127
2010-03-31,5,0.127,0.228
2010-03-31,6,0.116,0.133
2010-03-31,7,0.089,0.106
2010-03-31,8,0.287,0.384
2010-03-31,9,2.358,2.793
2010-03-31,10,0.243,0.261
2010-03-31,11,0.396,1.042
2010-03-31,12,0.272,0.394
2010-03-31,13,0.86,1.879
2010-03-31,14,0.954,1.426
2010-03-31,15,1.812,3.345
2010-03-31,16,0.344,2.073
2010-03-31,17,1.146,1.588
2010-03-31,18,1.412,2.142
2010-03-31,19,0.168,0.416
2010-03-31,20,0.44,0.501
2010-03-31,21,0.417,0.661
2010-03-31,22,0.399,0.78
2010-03-31,23,0.776,0.804
2010-03-31,24,0.5,0.535
2010-04-01,1,0.131,0.167
2010-04-01,2,0.089,0.107
2010-04-01,3,0.118,0.172
2010-04-01,4,0.143,0.197
2010-04-01,5,0.089,0.128
2010-04-01,6,0.119,0.132
2010-04-01,7,0.17,0.183
2010-04-01,8,0.213,0.344
2010-04-01,9,1.425,1.615
2010-04-01,10,1.044,1.682
2010-04-01,11,0.278,0.824
2010-04-01,12,0.088,0.088
2010-04-01,13,0.131,0.335
2010-04-01,14,0.206,1.445
2010-04-01,15,0.535,0.63
2010-04-01,16,0.409,0.429
2010-04-01,17,0.393,0.444
2010-04-01,18,0.276,0.279
2010-04-01,19,0.34,0.368
2010-04-01,20,1.744,2.675
2010-04-01,21,0.279,0.47
2010-04-01,22,0.215,1.284
2010-04-01,23,0.894,1.204
2010-04-01,24,0.66,0.803
2010-04-02,1,0.605,0.667
2010-04-02,2,0.238,0.569
2010-04-02,3,0.138,0.172
2010-04-02,4,0.122,0.134
2010-04-02,5,0.09,0.171
2010-04-02,6,0.091,0.206
2010-04-02,7,0.133,0.142
2010-04-02,8,0.222,0.275
2010-04-02,9,0.148,0.216
2010-04-02,10,0.494,0.581
2010-04-02,11,0.203,0.619
2010-04-02,12,0.151,0.916
2010-04-02,13,0.114,2.925
2010-04-02,14,0.502,0.586
2010-04-02,15,0.272,0.457
2010-04-02,16,0.287,0.552
2010-04-02,17,0.298,1.314
2010-04-02,18,0.42,0.849
2010-04-02,19,0.536,0.795
2010-04-02,20,0.603,0.614
2010-04-02,21,0.5,0.502
2010-04-02,22,0.597,1.308
2010-04-02,23,0.836,0.867
2010-04-02,24,0.727,2.071
2010-04-03,1,0.289,0.76
2010-04-03,2,0.107,0.212
2010-04-03,3,0.103,0.13
2010-04-03,4,0.116,0.205
2010-04-03,5,0.158,0.176
2010-04-03,6,0.093,0.094
2010-04-03,7,0.123,0.137
2010-04-03,8,0.251,0.389
2010-04-03,9,1.182,1.309
2010-04-03,10,1.291,2.244
2010-04-03,11,2.757,3.996
2010-04-03,12,0.194,1.171
2010-04-03,13,0.093,0.134
2010-04-03,14,0.199,0.275
2010-04-03,15,0.13,0.199
2010-04-03,16,0.09,0.128
2010-04-03,17,0.094,0.139
2010-04-03,18,0.448,0.839
2010-04-03,19,0.234,0.277
2010-04-03,20,0.43,0.518
2010-04-03,21,0.434,0.478
2010-04-03,22,1.665,2.044
2010-04-03,23,1.514,1.687
2010-04-03,24,1.502,1.939
2010-04-04,1,0.457,0.539
2010-04-04,2,0.443,0.458
2010-04-04,3,0.106,0.157
2010-04-04,4,0.116,0.123
2010-04-04,5,0.131,0.144
2010-04-04,6,0.228,0.267
2010-04-04,7,0.149,0.162
2010-04-04,8,0.262,0.264
2010-04-04,9,0.121,0.241
2010-04-04,10,0.391,0.606
2010-04-04,11,0.265,0.898
2010-04-04,12,0.143,0.208
2010-04-04,13,0.256,0.573
2010-04-04,14,0.091,0.172
2010-04-04,15,0.105,0.132
2010-04-04,16,0.181,0.186
2010-04-04,17,0.112,0.148
2010-04-04,18,0.2,0.573
2010-04-04,19,0.239,0.401
2010-04-04,20,0.454,1.396
2010-04-04,21,0.484,0.525
2010-04-04,22,0.638,0.92
2010-04-04,23,0.524,0.614
2010-04-04,24,0.424,0.497
2010-04-05,1,0.133,0.168
2010-04-05,2,0.09,0.131
2010-04-05,3,0.092,0.27
2010-04-05,4,0.106,0.151
2010-04-05,5,0.09,0.12
2010-04-05,6,0.136,0.164
2010-04-05,7,0.09,0.24
2010-04-05,8,0.224,0.283
2010-04-05,9,0.101,0.126
2010-04-05,10,0.46,2.294
2010-04-05,11,0.642,1.513
2010-04-05,12,0.1,0.205
2010-04-05,13,0.363,0.531
2010-04-05,14,1.627,1.922
2010-04-05,15,0.482,1.904
2010-04-05,16,0.577,2.193
2010-04-05,17,0.548,1.974
2010-04-05,18,0.292,0.374
2010-04-05,19,0.567,0.606
2010-04-05,20,0.598,0.718
2010-04-05,21,0.338,0.64
2010-04-05,22,0.451,0.491
2010-04-05,23,0.699,0.823
2010-04-05,24,0.33,0.79
2010-04-06,1,0.185,0.192
2010-04-06,2,0.121,0.188
2010-04-06,3,0.158,0.19
2010-04-06,4,0.125,0.228
2010-04-06,5,0.12,0.124
2010-04-06,6,0.1,0.132
2010-04-06,7,0.129,0.16
2010-04-06,8,0.377,0.39
2010-04-06,9,0.566,1.553
2010-04-06,10,0.321,0.404
2010-04-06,11,0.261,0.541
2010-04-06,12,0.116,0.158
2010-04-06,13,0.186,0.317
2010-04-06,14,0.216,0.252
2010-04-06,15,0.141,0.661
2010-04-06,16,0.388,0.402
2010-04-06,17,0.336,0.352
2010-04-06,18,0.354,0.582
2010-04-06,19,1.016,3.038
2010-04-06,20,0.893,1.794
2010-04-06,21,0.881,1.428
2010-04-06,22,0.855,1.196
2010-04-06,23,1.304,2.222
2010-04-06,24,0.167,0.275
2010-04-07,1,0.092,0.118
2010-04-07,2,0.111,0.183
2010-04-07,3,0.11,0.224
2010-04-07,4,0.092,0.135
2010-04-07,5,0.174,0.209
2010-04-07,6,0.119,0.268
2010-04-07,7,0.091,0.139
2010-04-07,8,0.237,0.271
2010-04-07,9,0.637,1.661
2010-04-07,10,0.882,0.901
2010-04-07,11,0.31,0.4
2010-04-07,12,0.356,0.387
2010-04-07,13,0.552,1.662
2010-04-07,14,0.389,1.035
2010-04-07,15,0.271,0.877
2010-04-07,16,0.203,0.237
2010-04-07,17,0.41,1.778
2010-04-07,18,0.759,0.853
2010-04-07,19,0.316,0.365
2010-04-07,20,0.473,0.756
2010-04-07,21,0.303,0.318
2010-04-07,22,0.262,0.799
2010-04-07,23,0.686,0.894
2010-04-07,24,0.353,0.689
2010-04-08,1,0.143,0.148
2010-04-08,2,0.257,0.277
2010-04-08,3,0.138,0.161
2010-04-08,4,0.139,0.185
2010-04-08,5,0.146,0.228
2010-04-08,6,0.102,0.135
2010-04-08,7,0.089,0.152
2010-04-08,8,0.293,0.359
2010-04-08,9,1.184,1.592
2010-04-08,10,0.275,2.055
2010-04-08,11,0.267,0.455
2010-04-08,12,0.099,0.126
2010-04-08,13,0.582,3.093
2010-04-08,14,0.452,1.484
2010-04-08,15,0.181,0.317
2010-04-08,16,0.129,0.214
2010-04-08,17,0.161,0.213
2010-04-08,18,0.154,0.261
2010-04-08,19,0.426,0.432
2010-04-08,20,0.514,0.575
2010-04-08,21,0.773,1.305
2010-04-08,22,0.519,0.776
2010-04-08,23,0.478,0.694
2010-04-08,24,0.12,0.253
2010-04-09,1,0.192,0.195
2010-04-09,2,0.098,0.143
2010-04-09,3,0.1,0.177
2010-04-09,4,0.181,0.205
2010-04-09,5,0.126,0.135
2010-04-09,6,0.133,0.192
2010-04-09,7,0.139,0.197
2010-04-09,8,0.295,0.478
2010-04-09,9,1.088,2.084
2010-04-09,10,0.359,0.424
2010-04-09,11,0.413,0.433
2010-04-09,12,0.106,0.265
2010-04-09,13,0.297,0.5
2010-04-09,14,0.265,0.291
2010-04-09,15,0.224,0.284
2010-04-09,16,0.27,0.446
2010-04-09,17,0.217,0.357
2010-04-09,18,0.38,0.515
2010-04-09,19,0.578,0.578
2010-04-09,20,0.549,0.595
2010-04-09,21,0.51,2.089
2010-04-09,22,1.837,2.976
2010-04-09,23,0.725,0.826
2010-04-09,24,0.464,0.63
2010-04-10,1,0.207,0.371
2010-04-10,2,0.112,0.116
2010-04-10,3,0.097,0.133
2010-04-10,4,0.234,0.257
2010-04-10,5,0.089,0.141
2010-04-10,6,0.089,0.149
2010-04-10,7,0.169,0.227
2010-04-10,8,0.241,0.298
2010-04-10,9,0.09,0.938
2010-04-10,10,0.892,2.062
2010-04-10,11,1.086,3.64
2010-04-10,12,0.449,0.493
2010-04-10,13,0.183,0.271
2010-04-10,14,0.299,2.466
2010-04-10,15,2.404,2.51
2010-04-10,16,0.677,1.745
2010-04-10,17,0.615,1.608
2010-04-10,18,0.447,0.672
2010-04-10,19,0.443,0.497
2010-04-10,20,0.517,0.773
2010-04-10,21,0.915,1.169
2010-04-10,22,0.839,1.086
2010-04-10,23,0.406,0.504
2010-04-10,24,0.308,0.321
2010-04-11,1,0.274,0.315
2010-04-11,2,0.195,0.25
2010-04-11,3,0.357,0.617
2010-04-11,4,0.192,0.332
2010-04-11,5,0.141,0.191
2010-04-11,6,0.18,0.196
2010-04-11,7,0.096,0.169
2010-04-11,8,0.272,0.301
2010-04-11,9,0.169,0.203
2010-04-11,10,0.373,0.638
2010-04-11,11,0.78,2.545
2010-04-11,12,0.798,0.943
2010-04-11,13,1.432,1.925
2010-04-11,14,0.244,0.657
2010-04-11,15,0.292,0.35
2010-04-11,16,0.203,0.25
2010-04-11,17,0.258,0.334
2010-04-11,18,0.366,0.387
2010-04-11,19,0.464,0.627
2010-04-11,20,0.635,0.912
2010-04-11,21,0.545,0.755
2010-04-11,22,0.624,0.948
2010-04-11,23,0.387,0.545
2010-04-11,24,0.437,0.465
2010-04-12,1,0.282,0.53
2010-04-12,2,0.092,0.142
2010-04-12,3,0.139,0.156
2010-04-12,4,0.13,0.249
2010-04-12,5,0.11,0.191
2010-04-12,6,0.1,0.224
2010-04-12,7,0.135,0.16
2010-04-12,8,0.253,0.651
2010-04-12,9,1.326,2.11
2010-04-12,10,1.29,1.361
2010-04-12,11,0.381,0.956
2010-04-12,12,0.209,1.933
2010-04-12,13,1.395,1.66
2010-04-12,14,0.183,0.37
2010-04-12,15,0.216,0.22
2010-04-12,16,0.125,0.13
2010-04-12,17,0.221,0.302
2010-04-12,18,1.327,2.16
2010-04-12,19,0.29,0.666
2010-04-12,20,0.598,0.84
2010-04-12,21,0.333,0.362
2010-04-12,22,0.357,0.516
2010-04-12,23,0.895,1.12
2010-04-12,24,0.113,2.128
2010-04-13,1,0.141,0.258
2010-04-13,2,0.209,0.321
2010-04-13,3,0.093,0.121
2010-04-13,4,0.191,0.215
2010-04-13,5,0.185,0.188
2010-04-13,6,0.092,0.101
2010-04-13,7,0.13,0.219
2010-04-13,8,0.261,0.382
2010-04-13,9,0.526,1.588
2010-04-13,10,1.034,1.272
2010-04-13,11,0.296,0.462
2010-04-13,12,0.116,0.183
2010-04-13,13,0.435,1.486
2010-04-13,14,0.381,1.181
2010-04-13,15,0.307,0.745
2010-04-13,16,0.256,0.32
2010-04-13,17,0.266,0.28
2010-04-13,18,0.652,1.222
2010-04-13,19,0.498,0.61
2010-04-13,20,0.674,0.916
2010-04-13,21,0.769,0.799
2010-04-13,22,0.754,0.887
2010-04-13,23,0.553,0.792
2010-04-13,24,0.454,0.504
2010-04-14,1,0.143,0.175
2010-04-14,2,0.124,0.19
2010-04-14,3,0.184,0.198
2010-04-14,4,0.107,0.159
2010-04-14,5,0.091,0.132
2010-04-14,6,0.175,0.264
2010-04-14,7,0.09,0.2
2010-04-14,8,0.324,1.106
2010-04-14,9,0.963,1.084
2010-04-14,10,0.277,0.335
2010-04-14,11,0.237,0.382
2010-04-14,12,0.597,0.686
2010-04-14,13,0.891,1.165
2010-04-14,14,0.425,1.722
2010-04-14,15,1.273,2.802
2010-04-14,16,0.31,1.561
2010-04-14,17,0.239,0.945
2010-04-14,18,0.405,1.15
2010-04-14,19,0.338,0.354
2010-04-14,20,0.443,0.774
2010-04-14,21,0.209,0.215
2010-04-14,22,0.385,0.409
2010-04-14,23,0.632,0.789
2010-04-14,24,0.187,0.473
2010-04-15,1,0.146,0.244
2010-04-15,2,0.1,0.189
2010-04-15,3,0.104,0.152
2010-04-15,4,0.091,0.215
2010-04-15,5,0.089,0.214
2010-04-15,6,0.099,0.152
2010-04-15,7,0.123,0.277
2010-04-15,8,0.257,0.339
2010-04-15,9,0.598,2.45
2010-04-15,10,0.34,0.387
2010-04-15,11,0.236,0.286
2010-04-15,12,0.276,0.525
2010-04-15,13,0.308,0.498
2010-04-15,14,0.299,0.393
2010-04-15,15,0.337,0.571
2010-04-15,16,0.253,0.378
2010-04-15,17,0.203,0.266
2010-04-15,18,0.215,1.2
2010-04-15,19,0.305,0.376
2010-04-15,20,0.342,0.495
2010-04-15,21,0.485,0.592
2010-04-15,22,0.736,0.845
2010-04-15,23,0.477,0.925
2010-04-15,24,0.426,0.438
2010-04-16,1,0.138,0.195
2010-04-16,2,0.101,0.102
2010-04-16,3,0.195,0.228
2010-04-16,4,0.11,0.158
2010-04-16,5,0.089,0.099
2010-04-16,6,0.194,0.224
2010-04-16,7,0.26,0.296
2010-04-16,8,0.133,0.627
2010-04-16,9,0.513,1.107
2010-04-16,10,0.181,0.247
2010-04-16,11,0.136,0.206
2010-04-16,12,0.176,0.205
2010-04-16,13,0.19,0.513
2010-04-16,14,0.234,0.297
2010-04-16,15,0.264,0.528
2010-04-16,16,0.304,0.323
2010-04-16,17,0.154,0.302
2010-04-16,18,0.159,0.247
2010-04-16,19,0.27,0.474
2010-04-16,20,0.725,2.331
2010-04-16,21,0.773,1.48
2010-04-16,22,0.451,0.545
2010-04-16,23,0.39,0.469
2010-04-16,24,0.377,0.554
2010-04-17,1,0.382,0.5
2010-04-17,2,0.175,1.801
2010-04-17,3,0.09,0.156
2010-04-17,4,0.114,0.24
2010-04-17,5,0.112,0.234
2010-04-17,6,0.098,0.147
2010-04-17,7,0.29,0.319
2010-04-17,8,0.114,0.233
2010-04-17,9,0.38,1.555
2010-04-17,10,1.526,1.834
2010-04-17,11,0.516,1.942
2010-04-17,12,0.547,1.759
2010-04-17,13,0.253,0.288
2010-04-17,14,0.185,0.37
2010-04-17,15,0.572,0.744
2010-04-17,16,0.307,0.307
2010-04-17,17,0.153,1.594
2010-04-17,18,0.1,0.28
2010-04-17,19,0.266,0.341
2010-04-17,20,0.25,0.448
2010-04-17,21,0.201,0.423
2010-04-17,22,0.654,2.076
2010-04-17,23,0.838,0.893
2010-04-17,24,0.763,0.786
2010-04-18,1,0.383,0.387
2010-04-18,2,0.296,0.452
2010-04-18,3,0.214,0.258
2010-04-18,4,0.112,0.122
2010-04-18,5,0.113,0.203
2010-04-18,6,0.183,0.213
2010-04-18,7,0.247,0.275
2010-04-18,8,0.111,0.118
2010-04-18,9,0.283,0.688
2010-04-18,10,0.286,0.406
2010-04-18,11,0.453,0.916
2010-04-18,12,1.161,1.793
2010-04-18,13,1.526,1.602
2010-04-18,14,0.262,1.465
2010-04-18,15,0.273,0.33
2010-04-18,16,0.208,0.234
2010-04-18,17,0.226,0.578
2010-04-18,18,0.352,0.377
2010-04-18,19,0.284,1.088
2010-04-18,20,1.043,1.725
2010-04-18,21,1.53,2.334
2010-04-18,22,0.716,0.88
2010-04-18,23,0.607,0.617
2010-04-18,24,0.407,0.549
2010-04-19,1,0.102,0.178
2010-04-19,2,0.151,0.157
2010-04-19,3,0.124,0.231
2010-04-19,4,0.118,0.161
2010-04-19,5,0.099,0.192
2010-04-19,6,0.163,0.191
2010-04-19,7,0.275,0.326
2010-04-19,8,0.096,0.754
2010-04-19,9,0.645,1.22
2010-04-19,10,0.357,0.406
2010-04-19,11,0.304,0.323
2010-04-19,12,0.216,0.221
2010-04-19,13,0.376,2.803
2010-04-19,14,1.528,1.94
2010-04-19,15,0.2,0.319
2010-04-19,16,0.209,0.24
2010-04-19,17,0.273,0.852
2010-04-19,18,1.428,1.695
2010-04-19,19,0.27,0.525
2010-04-19,20,0.469,0.484
2010-04-19,21,0.097,0.169
2010-04-19,22,0.383,0.489
2010-04-19,23,0.873,1.223
2010-04-19,24,0.216,0.66
2010-04-20,1,0.089,0.125
2010-04-20,2,0.183,0.249
2010-04-20,3,0.09,0.124
2010-04-20,4,0.099,0.152
2010-04-20,5,0.136,0.229
2010-04-20,6,0.089,0.144
2010-04-20,7,0.221,0.301
2010-04-20,8,0.132,0.544
2010-04-20,9,0.421,2.776
2010-04-20,10,0.151,0.246
2010-04-20,11,0.149,0.212
2010-04-20,12,0.1,0.323
2010-04-20,13,0.614,2.458
2010-04-20,14,0.65,1.885
2010-04-20,15,0.221,0.539
2010-04-20,16,0.315,0.329
2010-04-20,17,0.291,0.5
2010-04-20,18,0.289,0.319
2010-04-20,19,0.297,0.451
2010-04-20,20,0.614,0.885
2010-04-20,21,0.807,1.613
2010-04-20,22,0.749,0.959
2010-04-20,23,0.433,0.65
2010-04-20,24,0.182,0.324
2010-04-21,1,0.131,0.182
2010-04-21,2,0.121,0.126
2010-04-21,3,0.093,0.222
2010-04-21,4,0.107,0.249
2010-04-21,5,0.116,0.137
2010-04-21,6,0.09,0.149
2010-04-21,7,0.261,0.429
2010-04-21,8,0.088,0.771
2010-04-21,9,0.981,1.19
2010-04-21,10,1.98,2.312
2010-04-21,11,1.142,1.944
2010-04-21,12,0.951,1.173
2010-04-21,13,1.792,2.142
2010-04-21,14,0.65,1.536
2010-04-21,15,1.015,1.353
2010-04-21,16,0.391,2.896
2010-04-21,17,0.218,0.259
2010-04-21,18,0.266,0.287
2010-04-21,19,0.26,0.376
2010-04-21,20,0.387,0.529
2010-04-21,21,0.114,0.223
2010-04-21,22,0.3,0.332
2010-04-21,23,0.546,0.695
2010-04-21,24,0.431,0.632
2010-04-22,1,0.369,0.791
2010-04-22,2,0.102,0.184
2010-04-22,3,0.116,0.133
2010-04-22,4,0.089,0.208
2010-04-22,5,0.09,0.245
2010-04-22,6,0.112,0.137
2010-04-22,7,0.255,0.287
2010-04-22,8,0.138,0.235
2010-04-22,9,1.298,1.813
2010-04-22,10,0.349,2.53
2010-04-22,11,0.15,0.168
2010-04-22,12,0.088,0.097
2010-04-22,13,0.124,0.259
2010-04-22,14,0.151,0.175
2010-04-22,15,0.157,0.426
2010-04-22,16,0.12,0.259
2010-04-22,17,0.09,0.149
2010-04-22,18,0.235,0.297
2010-04-22,19,0.566,0.637
2010-04-22,20,0.393,0.541
2010-04-22,21,0.284,0.365
2010-04-22,22,0.54,1.117
2010-04-22,23,0.108,0.185
2010-04-22,24,0.096,0.171
2010-04-23,1,0.147,0.227
2010-04-23,2,0.17,0.232
2010-04-23,3,0.134,0.176
2010-04-23,4,0.219,0.241
2010-04-23,5,0.095,0.14
2010-04-23,6,0.091,0.115
2010-04-23,7,0.343,0.349
2010-04-23,8,0.123,0.46
2010-04-23,9,0.468,0.728
2010-04-23,10,0.289,0.416
2010-04-23,11,0.167,0.222
2010-04-23,12,0.164,0.175
2010-04-23,13,0.241,0.348
2010-04-23,14,0.163,0.195
2010-04-23,15,0.189,0.206
2010-04-23,16,0.314,0.358
2010-04-23,17,0.173,0.265
2010-04-23,18,0.199,0.353
2010-04-23,19,0.375,0.48
2010-04-23,20,0.526,0.83
2010-04-23,21,0.355,0.414
2010-04-23,22,0.547,0.768
2010-04-23,23,0.298,0.493
2010-04-23,24,0.243,0.319
2010-04-24,1,0.292,0.36
2010-04-24,2,0.277,0.331
2010-04-24,3,0.292,0.3
2010-04-24,4,0.241,0.323
2010-04-24,5,0.256,0.382
2010-04-24,6,0.258,0.336
2010-04-24,7,0.414,0.491
2010-04-24,8,0.332,0.377
2010-04-24,9,0.302,0.321
2010-04-24,10,0.772,1.752
2010-04-24,11,1.229,1.398
2010-04-24,12,0.188,0.267
2010-04-24,13,0.204,0.26
2010-04-24,14,0.199,0.299
2010-04-24,15,0.166,0.233
2010-04-24,16,0.175,0.329
2010-04-24,17,0.167,0.271
2010-04-24,18,0.394,0.572
2010-04-24,19,0.691,0.691
2010-04-24,20,0.471,0.655
2010-04-24,21,0.388,0.485
2010-04-24,22,0.708,1.223
2010-04-24,23,0.369,0.428
2010-04-24,24,0.492,0.792
2010-04-25,1,0.236,0.434
2010-04-25,2,0.091,0.095
2010-04-25,3,0.156,0.188
2010-04-25,4,0.107,0.266
2010-04-25,5,0.095,0.162
2010-04-25,6,0.094,0.187
2010-04-25,7,0.269,0.389
2010-04-25,8,0.09,0.091
2010-04-25,9,0.138,0.25
2010-04-25,10,0.811,1.04
2010-04-25,11,0.218,2.532
2010-04-25,12,1.138,1.235
2010-04-25,13,1.55,2.15
2010-04-25,14,0.701,1.594
2010-04-25,15,0.339,2.13
2010-04-25,16,0.146,1.729
2010-04-25,17,0.205,0.289
2010-04-25,18,0.395,0.442
2010-04-25,19,0.382,0.513
2010-04-25,20,0.424,1.215
2010-04-25,21,0.297,0.368
2010-04-25,22,0.462,1.5
2010-04-25,23,0.488,0.606
2010-04-25,24,0.495,0.688
2010-04-26,1,0.373,0.451
2010-04-26,2,0.132,0.184
2010-04-26,3,0.156,0.214
2010-04-26,4,0.092,0.144
2010-04-26,5,0.161,0.203
2010-04-26,6,0.133,0.133
2010-04-26,7,0.206,0.287
2010-04-26,8,0.226,0.857
2010-04-26,9,0.657,0.855
2010-04-26,10,0.324,0.41
2010-04-26,11,0.252,0.281
2010-04-26,12,1.083,1.598
2010-04-26,13,1.681,1.707
2010-04-26,14,0.872,1.688
2010-04-26,15,0.396,0.397
2010-04-26,16,0.28,0.296
2010-04-26,17,1.701,1.717
2010-04-26,18,1.134,1.236
2010-04-26,19,0.3,0.587
2010-04-26,20,0.588,0.627
2010-04-26,21,0.309,0.403
2010-04-26,22,0.335,0.35
2010-04-26,23,0.614,0.635
2010-04-26,24,0.13,0.326
2010-04-27,1,0.148,0.156
2010-04-27,2,0.096,0.237
2010-04-27,3,0.123,0.156
2010-04-27,4,0.121,0.179
2010-04-27,5,0.108,0.222
2010-04-27,6,0.092,0.158
2010-04-27,7,0.265,0.297
2010-04-27,8,0.159,0.182
2010-04-27,9,0.571,3.105
2010-04-27,10,0.187,0.241
2010-04-27,11,0.2,0.223
2010-04-27,12,0.113,0.165
2010-04-27,13,1.719,2.34
2010-04-27,14,1.362,2.145
2010-04-27,15,0.433,0.782
2010-04-27,16,0.261,0.304
2010-04-27,17,0.296,0.353
2010-04-27,18,0.309,0.354
2010-04-27,19,0.478,0.688
2010-04-27,20,0.79,0.873
2010-04-27,21,0.857,1.754
2010-04-27,22,0.692,1.729
2010-04-27,23,0.452,0.594
2010-04-27,24,0.129,0.429
2010-04-28,1,0.142,0.199
2010-04-28,2,0.095,0.269
2010-04-28,3,0.144,0.246
2010-04-28,4,0.157,0.258
2010-04-28,5,0.111,0.254
2010-04-28,6,0.099,0.137
2010-04-28,7,0.297,0.315
2010-04-28,8,0.207,0.971
2010-04-28,9,0.477,1.023
2010-04-28,10,0.302,0.318
2010-04-28,11,0.36,1.316
2010-04-28,12,0.882,1.347
2010-04-28,13,1.046,2.638
2010-04-28,14,0.737,2.009
2010-04-28,15,0.327,0.75
2010-04-28,16,0.193,1.986
2010-04-28,17,0.137,0.148
2010-04-28,18,0.182,0.355
2010-04-28,19,0.24,0.255
2010-04-28,20,0.37,0.445
2010-04-28,21,0.131,0.19
2010-04-28,22,0.399,0.491
2010-04-28,23,0.263,0.731
2010-04-28,24,0.387,0.602
2010-04-29,1,0.097,0.313
2010-04-29,2,0.153,0.277
2010-04-29,3,0.095,0.142
2010-04-29,4,0.092,0.15
2010-04-29,5,0.194,0.241
2010-04-29,6,0.09,0.171
2010-04-29,7,0.219,0.287
2010-04-29,8,0.175,1.057
2010-04-29,9,1.274,1.651
2010-04-29,10,0.36,0.386
2010-04-29,11,0.248,0.415
2010-04-29,12,0.132,0.46
2010-04-29,13,0.264,0.3
2010-04-29,14,0.206,0.301
2010-04-29,15,0.121,0.397
2010-04-29,16,0.209,0.211
2010-04-29,17,0.189,0.389
2010-04-29,18,0.142,0.222
2010-04-29,19,0.379,0.38
2010-04-29,20,0.448,2.767
2010-04-29,21,0.45,1.064
2010-04-29,22,0.332,0.532
2010-04-29,23,0.379,0.444
2010-04-29,24,0.394,0.617
2010-04-30,1,0.163,0.22
2010-04-30,2,0.218,0.257
2010-04-30,3,0.229,0.277
2010-04-30,4,0.168,0.216
2010-04-30,5,0.218,0.244
2010-04-30,6,0.253,0.275
2010-04-30,7,0.349,0.986
2010-04-30,8,0.288,0.481
2010-04-30,9,1.735,3.774
2010-04-30,10,1.454,2.836
2010-04-30,11,0.322,0.599
2010-04-30,12,0.314,0.344
2010-04-30,13,0.367,0.516
2010-04-30,14,0.35,0.352
2010-04-30,15,0.41,0.566
2010-04-30,16,0.264,0.357
2010-04-30,17,0.213,0.29
2010-04-30,18,0.29,0.509
2010-04-30,19,0.216,0.327
2010-04-30,20,0.412,0.678
2010-04-30,21,0.223,0.964
2010-04-30,22,0.387,2.033
2010-04-30,23,0.595,1.492
2010-04-30,24,0.592,0.61
2010-05-01,1,0.439,0.647
2010-05-01,2,0.211,0.281
2010-05-01,3,0.094,0.164
2010-05-01,4,0.095,0.142
2010-05-01,5,0.138,0.216
2010-05-01,6,0.097,0.201
2010-05-01,7,0.261,0.262
2010-05-01,8,0.118,0.232
2010-05-01,9,0.182,0.978
2010-05-01,10,0.645,1.217
2010-05-01,11,0.405,0.564
2010-05-01,12,0.262,0.33
2010-05-01,13,0.295,0.422
2010-05-01,14,0.339,0.638
2010-05-01,15,0.27,0.329
2010-05-01,16,0.3,0.495
2010-05-01,17,0.379,0.662
2010-05-01,18,0.235,0.42
2010-05-01,19,0.246,3.089
2010-05-01,20,0.309,0.437
2010-05-01,21,0.126,0.208
2010-05-01,22,0.469,0.625
2010-05-01,23,0.481,0.577
2010-05-01,24,0.429,0.432
2010-05-02,1,0.447,0.589
2010-05-02,2,0.524,0.64
2010-05-02,3,0.33,0.398
2010-05-02,4,0.17,0.309
2010-05-02,5,0.192,0.285
2010-05-02,6,0.183,0.199
2010-05-02,7,0.368,0.409
2010-05-02,8,0.229,0.256
2010-05-02,9,0.169,0.171
2010-05-02,10,0.219,0.265
2010-05-02,11,0.255,0.421
2010-05-02,12,0.166,0.247
2010-05-02,13,0.842,0.954
2010-05-02,14,0.383,0.767
2010-05-02,15,0.248,0.283
2010-05-02,16,0.195,0.234
2010-05-02,17,0.105,0.143
2010-05-02,18,0.142,0.413
2010-05-02,19,0.303,0.455
2010-05-02,20,0.329,0.448
2010-05-02,21,0.659,1.366
2010-05-02,22,1.085,1.724
2010-05-02,23,0.487,1.084
2010-05-02,24,0.486,0.557
2010-05-03,1,0.357,0.624
2010-05-03,2,0.104,0.177
2010-05-03,3,0.091,0.126
2010-05-03,4,0.172,0.195
2010-05-03,5,0.101,0.126
2010-05-03,6,0.092,0.163
2010-05-03,7,0.343,0.444
2010-05-03,8,0.146,0.178
2010-05-03,9,0.104,0.125
2010-05-03,10,0.59,1.214
2010-05-03,11,0.185,0.214
2010-05-03,12,0.108,0.121
2010-05-03,13,0.21,0.34
2010-05-03,14,0.115,0.162
2010-05-03,15,0.178,0.196
2010-05-03,16,0.106,0.181
2010-05-03,17,0.187,0.294
2010-05-03,18,0.115,0.272
2010-05-03,19,0.367,0.536
2010-05-03,20,0.499,0.535
2010-05-03,21,1.07,2.277
2010-05-03,22,0.44,0.455
2010-05-03,23,0.241,0.262
2010-05-03,24,0.217,0.273
2010-05-04,1,0.111,0.219
2010-05-04,2,0.127,0.153
2010-05-04,3,0.162,0.208
2010-05-04,4,0.11,0.272
2010-05-04,5,0.11,0.155
2010-05-04,6,0.152,0.18
2010-05-04,7,0.291,0.392
2010-05-04,8,0.107,0.13
2010-05-04,9,0.738,1.63
2010-05-04,10,0.306,0.355
2010-05-04,11,0.118,0.157
2010-05-04,12,0.122,0.249
2010-05-04,13,1.364,1.859
2010-05-04,14,0.291,1.348
2010-05-04,15,0.267,0.527
2010-05-04,16,0.137,0.177
2010-05-04,17,0.228,0.378
2010-05-04,18,0.978,1.432
2010-05-04,19,0.28,0.424
2010-05-04,20,0.599,0.625
2010-05-04,21,0.347,1.307
2010-05-04,22,0.871,0.893
2010-05-04,23,0.507,1.396
2010-05-04,24,0.11,2.456
2010-05-05,1,0.09,0.151
2010-05-05,2,0.139,0.188
2010-05-05,3,0.127,0.211
2010-05-05,4,0.091,0.14
2010-05-05,5,0.125,0.236
2010-05-05,6,0.125,0.183
2010-05-05,7,0.217,0.273
2010-05-05,8,0.19,0.445
2010-05-05,9,0.757,1.62
2010-05-05,10,0.611,1.712
2010-05-05,11,0.177,1.631
2010-05-05,12,0.09,0.15
2010-05-05,13,0.771,1.638
2010-05-05,14,0.615,1.276
2010-05-05,15,0.326,0.425
2010-05-05,16,0.157,0.19
2010-05-05,17,0.111,0.277
2010-05-05,18,0.895,1.116
2010-05-05,19,0.263,0.607
2010-05-05,20,0.574,0.693
2010-05-05,21,0.271,0.36
2010-05-05,22,0.317,0.413
2010-05-05,23,0.413,0.744
2010-05-05,24,0.389,0.433
2010-05-06,1,0.122,0.156
2010-05-06,2,0.139,0.212
2010-05-06,3,0.097,0.186
2010-05-06,4,0.114,0.132
2010-05-06,5,0.136,0.223
2010-05-06,6,0.127,0.162
2010-05-06,7,0.212,0.251
2010-05-06,8,0.218,0.346
2010-05-06,9,0.407,2.674
2010-05-06,10,0.295,0.464
2010-05-06,11,0.296,0.327
2010-05-06,12,0.25,0.277
2010-05-06,13,0.207,0.231
2010-05-06,14,0.603,1.594
2010-05-06,15,0.335,0.661
2010-05-06,16,0.208,0.25
2010-05-06,17,0.312,0.373
2010-05-06,18,0.39,0.4
2010-05-06,19,0.557,1.637
2010-05-06,20,0.5,0.644
2010-05-06,21,0.304,0.312
2010-05-06,22,0.417,0.428
2010-05-06,23,0.622,0.801
2010-05-06,24,0.464,2.969
2010-05-07,1,0.133,0.159
2010-05-07,2,0.147,0.23
2010-05-07,3,0.185,0.238
2010-05-07,4,0.14,0.184
2010-05-07,5,0.121,0.231
2010-05-07,6,0.12,0.133
2010-05-07,7,0.252,0.267
2010-05-07,8,0.164,0.253
2010-05-07,9,0.65,1.393
2010-05-07,10,0.198,0.29
2010-05-07,11,0.284,0.319
2010-05-07,12,0.31,0.474
2010-05-07,13,0.241,0.282
2010-05-07,14,0.292,0.394
2010-05-07,15,0.162,0.197
2010-05-07,16,0.184,0.451
2010-05-07,17,0.226,0.4
2010-05-07,18,0.268,0.303
2010-05-07,19,0.35,0.473
2010-05-07,20,0.604,0.76
2010-05-07,21,1.9,3.643
2010-05-07,22,0.53,1.677
2010-05-07,23,0.67,0.678
2010-05-07,24,0.461,0.561
2010-05-08,1,0.364,0.468
2010-05-08,2,0.112,0.376
2010-05-08,3,0.095,0.155
2010-05-08,4,0.129,0.224
2010-05-08,5,0.141,0.301
2010-05-08,6,0.129,0.179
2010-05-08,7,0.266,0.375
2010-05-08,8,0.119,0.146
2010-05-08,9,0.161,1.435
2010-05-08,10,1.219,1.863
2010-05-08,11,0.518,1.665
2010-05-08,12,0.282,1.619
2010-05-08,13,0.129,0.206
2010-05-08,14,0.186,0.236
2010-05-08,15,0.186,0.711
2010-05-08,16,0.462,0.685
2010-05-08,17,0.176,0.641
2010-05-08,18,0.251,0.675
2010-05-08,19,0.56,0.971
2010-05-08,20,0.319,0.584
2010-05-08,21,0.175,0.254
2010-05-08,22,0.64,0.712
2010-05-08,23,0.572,0.667
2010-05-08,24,0.421,0.505
2010-05-09,1,0.313,0.449
2010-05-09,2,0.288,0.302
2010-05-09,3,0.15,0.192
2010-05-09,4,0.129,0.149
2010-05-09,5,0.092,0.102
2010-05-09,6,0.184,0.248
2010-05-09,7,0.259,0.269
2010-05-09,8,0.091,0.109
2010-05-09,9,0.191,0.269
2010-05-09,10,0.168,0.652
2010-05-09,11,0.771,2.964
2010-05-09,12,0.852,0.965
2010-05-09,13,1.726,1.777
2010-05-09,14,0.655,0.998
2010-05-09,15,0.187,0.203
2010-05-09,16,0.482,1.234
2010-05-09,17,1.219,1.348
2010-05-09,18,0.393,1.203
2010-05-09,19,0.366,0.714
2010-05-09,20,0.672,0.768
2010-05-09,21,0.407,0.61
2010-05-09,22,0.301,0.337
2010-05-09,23,0.327,0.437
2010-05-09,24,0.206,0.236
2010-05-10,1,0.092,0.172
2010-05-10,2,0.15,0.242
2010-05-10,3,0.091,0.157
2010-05-10,4,0.099,0.175
2010-05-10,5,0.234,0.274
2010-05-10,6,0.089,0.191
2010-05-10,7,0.248,0.254
2010-05-10,8,0.149,0.598
2010-05-10,9,0.555,1.352
2010-05-10,10,0.285,0.34
2010-05-10,11,0.263,0.305
2010-05-10,12,0.254,0.391
2010-05-10,13,0.955,1.785
2010-05-10,14,0.493,1.364
2010-05-10,15,0.202,0.957
2010-05-10,16,0.267,0.46
2010-05-10,17,0.351,0.507
2010-05-10,18,0.384,0.999
2010-05-10,19,1.409,3.47
2010-05-10,20,0.407,0.847
2010-05-10,21,0.346,0.604
2010-05-10,22,0.321,0.541
2010-05-10,23,0.402,0.75
2010-05-10,24,0.271,0.463
2010-05-11,1,0.092,0.133
2010-05-11,2,0.12,0.139
2010-05-11,3,0.159,0.257
2010-05-11,4,0.098,0.126
2010-05-11,5,0.095,0.164
2010-05-11,6,0.187,0.21
2010-05-11,7,0.205,0.258
2010-05-11,8,0.146,0.514
2010-05-11,9,0.65,1.61
2010-05-11,10,0.119,0.183
2010-05-11,11,0.091,0.422
2010-05-11,12,0.169,0.216
2010-05-11,13,0.255,2.48
2010-05-11,14,0.385,1.533
2010-05-11,15,0.172,0.243
2010-05-11,16,0.115,0.162
2010-05-11,17,0.154,0.176
2010-05-11,18,0.515,0.528
2010-05-11,19,1.318,1.807
2010-05-11,20,0.497,1.47
2010-05-11,21,0.361,0.559
2010-05-11,22,0.495,2.833
2010-05-11,23,0.529,0.554
2010-05-11,24,0.508,0.561
2010-05-12,1,0.091,0.177
2010-05-12,2,0.138,0.25
2010-05-12,3,0.164,0.183
2010-05-12,4,0.137,0.208
2010-05-12,5,0.108,0.139
2010-05-12,6,0.09,0.147
2010-05-12,7,0.295,0.368
2010-05-12,8,0.088,0.849
2010-05-12,9,1.165,2.792
2010-05-12,10,0.775,1.896
2010-05-12,11,0.27,0.336
2010-05-12,12,0.225,0.596
2010-05-12,13,2.032,2.068
2010-05-12,14,0.599,1.601
2010-05-12,15,0.295,0.334
2010-05-12,16,0.337,0.343
2010-05-12,17,0.235,0.355
2010-05-12,18,0.725,2.194
2010-05-12,19,0.278,0.413
2010-05-12,20,0.313,0.408
2010-05-12,21,0.22,0.249
2010-05-12,22,0.506,0.645
2010-05-12,23,0.416,0.698
2010-05-12,24,0.303,0.349
2010-05-13,1,0.097,0.133
2010-05-13,2,0.15,0.164
2010-05-13,3,0.116,0.186
2010-05-13,4,0.124,0.18
2010-05-13,5,0.094,0.185
2010-05-13,6,0.091,0.238
2010-05-13,7,0.201,0.329
2010-05-13,8,0.113,0.841
2010-05-13,9,0.834,2.244
2010-05-13,10,0.187,0.481
2010-05-13,11,0.112,0.166
2010-05-13,12,0.198,0.221
2010-05-13,13,0.156,0.181
2010-05-13,14,0.34,0.428
2010-05-13,15,1.971,2.827
2010-05-13,16,0.293,0.591
2010-05-13,17,0.319,0.414
2010-05-13,18,1.174,1.928
2010-05-13,19,0.493,2.012
2010-05-13,20,0.589,2.002
2010-05-13,21,0.315,0.469
2010-05-13,22,0.287,0.412
2010-05-13,23,0.365,0.423
2010-05-13,24,0.317,2.378
2010-05-14,1,0.09,0.15
2010-05-14,2,0.183,0.212
2010-05-14,3,0.111,0.124
2010-05-14,4,0.154,0.174
2010-05-14,5,0.113,0.185
2010-05-14,6,0.09,0.192
2010-05-14,7,0.248,0.262
2010-05-14,8,0.139,0.167
2010-05-14,9,0.62,1.307
2010-05-14,10,0.218,1.587
2010-05-14,11,0.39,0.416
2010-05-14,12,0.561,1.728
2010-05-14,13,0.376,2.327
2010-05-14,14,0.613,1.301
2010-05-14,15,1.705,2.367
2010-05-14,16,0.222,0.258
2010-05-14,17,0.185,0.297
2010-05-14,18,0.252,0.53
2010-05-14,19,0.47,0.526
2010-05-14,20,0.537,0.651
2010-05-14,21,0.44,0.471
2010-05-14,22,0.487,0.67
2010-05-14,23,0.488,0.538
2010-05-14,24,0.351,0.354
2010-05-15,1,0.187,0.357
2010-05-15,2,0.135,0.176
2010-05-15,3,0.131,0.187
2010-05-15,4,0.187,0.194
2010-05-15,5,0.101,0.135
2010-05-15,6,0.111,0.213
2010-05-15,7,0.274,0.349
2010-05-15,8,0.089,0.123
2010-05-15,9,0.145,2.403
2010-05-15,10,1.22,2.08
2010-05-15,11,0.237,0.548
2010-05-15,12,0.266,0.339
2010-05-15,13,0.206,0.251
2010-05-15,14,0.173,0.243
2010-05-15,15,0.34,0.614
2010-05-15,16,0.217,0.32
2010-05-15,17,0.308,0.324
2010-05-15,18,0.295,0.3
2010-05-15,19,0.276,0.297
2010-05-15,20,0.467,0.536
2010-05-15,21,0.232,0.536
2010-05-15,22,0.49,1.249
2010-05-15,23,0.613,0.69
2010-05-15,24,0.486,0.751
2010-05-16,1,0.43,0.477
2010-05-16,2,0.274,0.402
2010-05-16,3,0.11,0.207
2010-05-16,4,0.135,0.266
2010-05-16,5,0.093,0.098
2010-05-16,6,0.184,0.234
2010-05-16,7,0.252,0.389
2010-05-16,8,0.09,0.194
2010-05-16,9,0.156,0.2
2010-05-16,10,0.655,1.191
2010-05-16,11,1.849,2.834
2010-05-16,12,0.919,1.005
2010-05-16,13,1.337,1.957
2010-05-16,14,0.182,0.475
2010-05-16,15,1.068,1.301
2010-05-16,16,0.946,1.012
2010-05-16,17,0.23,0.346
2010-05-16,18,0.21,0.583
2010-05-16,19,0.229,1.21
2010-05-16,20,0.302,0.498
2010-05-16,21,0.185,0.245
2010-05-16,22,0.306,0.458
2010-05-16,23,0.468,0.483
2010-05-16,24,0.29,0.364
2010-05-17,1,0.397,0.564
2010-05-17,2,0.096,0.171
2010-05-17,3,0.09,0.163
2010-05-17,4,0.094,0.23
2010-05-17,5,0.169,0.341
2010-05-17,6,0.159,0.191
2010-05-17,7,0.253,0.27
2010-05-17,8,0.246,0.266
2010-05-17,9,0.73,2.445
2010-05-17,10,0.297,0.361
2010-05-17,11,0.475,0.8
2010-05-17,12,0.793,1.183
2010-05-17,13,0.811,1.975
2010-05-17,14,0.358,4.381
2010-05-17,15,0.137,0.645
2010-05-17,16,0.128,0.222
2010-05-17,17,0.154,0.224
2010-05-17,18,1.676,2.407
2010-05-17,19,0.535,0.66
2010-05-17,20,0.392,0.396
2010-05-17,21,0.406,0.478
2010-05-17,22,0.338,0.44
2010-05-17,23,0.177,0.615
2010-05-17,24,0.181,0.194
2010-05-18,1,0.095,0.24
2010-05-18,2,0.115,0.122
2010-05-18,3,0.107,0.274
2010-05-18,4,0.091,0.165
2010-05-18,5,0.097,0.149
2010-05-18,6,0.202,0.227
2010-05-18,7,0.225,0.316
2010-05-18,8,0.098,0.14
2010-05-18,9,0.7,1.779
2010-05-18,10,0.335,0.47
2010-05-18,11,1.91,3.539
2010-05-18,12,0.261,0.36
2010-05-18,13,0.132,0.148
2010-05-18,14,0.088,0.137
2010-05-18,15,0.408,0.461
2010-05-18,16,0.213,0.26
2010-05-18,17,0.208,0.254
2010-05-18,18,0.28,0.471
2010-05-18,19,0.267,0.329
2010-05-18,20,0.4,0.996
2010-05-18,21,0.364,1.594
2010-05-18,22,0.434,0.631
2010-05-18,23,0.355,0.446
2010-05-18,24,0.216,0.29
2010-05-19,1,0.092,0.194
2010-05-19,2,0.123,0.151
2010-05-19,3,0.184,0.189
2010-05-19,4,0.111,0.196
2010-05-19,5,0.093,0.142
2010-05-19,6,0.11,0.241
2010-05-19,7,0.205,0.32
2010-05-19,8,0.138,0.171
2010-05-19,9,0.807,1.837
2010-05-19,10,0.765,1.801
2010-05-19,11,0.306,1.101
2010-05-19,12,0.168,1.315
2010-05-19,13,1.42,1.826
2010-05-19,14,1.34,2.116
2010-05-19,15,0.313,0.623
2010-05-19,16,0.339,0.485
2010-05-19,17,0.135,0.138
2010-05-19,18,0.193,0.476
2010-05-19,19,0.236,0.422
2010-05-19,20,0.352,0.387
2010-05-19,21,0.252,0.376
2010-05-19,22,0.466,0.741
2010-05-19,23,0.296,0.729
2010-05-19,24,0.402,0.455
2010-05-20,1,0.116,0.212
2010-05-20,2,0.113,0.119
2010-05-20,3,0.197,0.211
2010-05-20,4,0.118,0.142
2010-05-20,5,0.114,0.126
2010-05-20,6,0.197,0.201
2010-05-20,7,0.205,0.305
2010-05-20,8,0.114,0.13
2010-05-20,9,0.407,1.828
2010-05-20,10,0.143,0.199
2010-05-20,11,0.089,0.527
2010-05-20,12,0.256,0.294
2010-05-20,13,0.207,0.268
2010-05-20,14,0.26,0.405
2010-05-20,15,0.165,0.289
2010-05-20,16,0.153,0.189
2010-05-20,17,0.214,0.301
2010-05-20,18,0.804,1.775
2010-05-20,19,0.299,0.607
2010-05-20,20,0.446,1.061
2010-05-20,21,0.3,1.54
2010-05-20,22,0.509,0.513
2010-05-20,23,0.256,0.436
2010-05-20,24,0.11,0.203
2010-05-21,1,0.117,0.25
2010-05-21,2,0.146,0.192
2010-05-21,3,0.085,0.145
2010-05-21,4,0.156,0.256
2010-05-21,5,0.128,0.137
2010-05-21,6,0.116,0.119
2010-05-21,7,0.31,0.405
2010-05-21,8,0.087,0.142
2010-05-21,9,0.632,1.449
2010-05-21,10,0.353,0.431
2010-05-21,11,0.23,0.263
2010-05-21,12,0.286,0.463
2010-05-21,13,0.217,0.57
2010-05-21,14,0.271,0.465
2010-05-21,15,0.376,0.391
2010-05-21,16,0.093,0.114
2010-05-21,17,0.111,0.144
2010-05-21,18,0.7,2.236
2010-05-21,19,0.331,0.582
2010-05-21,20,0.469,0.567
2010-05-21,21,0.336,0.495
2010-05-21,22,0.304,0.349
2010-05-21,23,0.792,0.945
2010-05-21,24,0.461,0.483
2010-05-22,1,0.42,0.5
2010-05-22,2,0.141,0.231
2010-05-22,3,0.1,0.127
2010-05-22,4,0.115,0.284
2010-05-22,5,0.088,0.213
2010-05-22,6,0.11,0.132
2010-05-22,7,0.33,0.333
2010-05-22,8,0.128,0.161
2010-05-22,9,0.091,0.13
2010-05-22,10,1.726,1.866
2010-05-22,11,0.089,1.448
2010-05-22,12,0.17,0.343
2010-05-22,13,0.223,0.275
2010-05-22,14,0.087,0.178
2010-05-22,15,0.382,0.605
2010-05-22,16,0.585,1.325
2010-05-22,17,0.871,1.557
2010-05-22,18,0.389,0.495
2010-05-22,19,0.425,0.446
2010-05-22,20,0.382,0.506
2010-05-22,21,0.25,0.641
2010-05-22,22,0.444,0.562
2010-05-22,23,0.3,0.384
2010-05-22,24,0.407,0.62
2010-05-23,1,0.267,0.372
2010-05-23,2,0.213,1.441
2010-05-23,3,0.16,0.232
2010-05-23,4,0.092,0.152
2010-05-23,5,0.208,0.245
2010-05-23,6,0.127,0.168
2010-05-23,7,0.29,0.32
2010-05-23,8,0.225,0.228
2010-05-23,9,0.152,0.237
2010-05-23,10,0.287,0.642
2010-05-23,11,0.583,2.026
2010-05-23,12,0.747,0.77
2010-05-23,13,1.039,1.691
2010-05-23,14,0.141,1.384
2010-05-23,15,0.206,0.341
2010-05-23,16,0.248,0.404
2010-05-23,17,0.219,0.397
2010-05-23,18,0.17,0.253
2010-05-23,19,0.262,0.642
2010-05-23,20,0.263,0.452
2010-05-23,21,0.197,0.738
2010-05-23,22,0.343,0.635
2010-05-23,23,0.281,0.327
2010-05-23,24,0.17,0.269
2010-05-24,1,0.087,0.243
2010-05-24,2,0.229,0.258
2010-05-24,3,0.087,0.105
2010-05-24,4,0.145,0.156
2010-05-24,5,0.181,0.244
2010-05-24,6,0.087,0.177
2010-05-24,7,0.229,0.249
2010-05-24,8,0.246,0.495
2010-05-24,9,1.38,2.275
2010-05-24,10,1.117,1.444
2010-05-24,11,0.43,1.84
2010-05-24,12,0.225,0.42
2010-05-24,13,0.484,1.365
2010-05-24,14,0.45,0.566
2010-05-24,15,0.649,1.17
2010-05-24,16,0.369,0.588
2010-05-24,17,0.192,1.128
2010-05-24,18,1.531,1.793
2010-05-24,19,0.335,0.34
2010-05-24,20,0.283,0.59
2010-05-24,21,0.242,0.45
2010-05-24,22,0.167,0.23
2010-05-24,23,0.22,0.228
2010-05-24,24,0.394,0.52
2010-05-25,1,0.119,1.193
2010-05-25,2,0.086,0.145
2010-05-25,3,0.186,0.19
2010-05-25,4,0.161,0.182
2010-05-25,5,0.092,0.101
2010-05-25,6,0.182,0.243
2010-05-25,7,0.248,0.385
2010-05-25,8,0.1,0.589
2010-05-25,9,0.675,1.292
2010-05-25,10,0.381,0.415
2010-05-25,11,0.252,0.259
2010-05-25,12,0.213,0.449
2010-05-25,13,0.108,0.236
2010-05-25,14,1.85,2.162
2010-05-25,15,0.529,1.862
2010-05-25,16,0.272,0.305
2010-05-25,17,0.163,0.293
2010-05-25,18,0.236,0.341
2010-05-25,19,0.468,0.705
2010-05-25,20,0.366,0.483
2010-05-25,21,0.395,0.566
2010-05-25,22,0.643,0.716
2010-05-25,23,0.291,0.406
2010-05-25,24,0.247,1.555
2010-05-26,1,0.162,0.275
2010-05-26,2,0.091,0.147
2010-05-26,3,0.104,0.189
2010-05-26,4,0.154,0.239
2010-05-26,5,0.091,0.123
2010-05-26,6,0.177,0.182
2010-05-26,7,0.258,0.413
2010-05-26,8,0.088,0.548
2010-05-26,9,0.735,1.33
2010-05-26,10,1.661,2.061
2010-05-26,11,1.334,2.508
2010-05-26,12,1.029,1.031
2010-05-26,13,1.061,2.031
2010-05-26,14,0.571,1.226
2010-05-26,15,0.299,0.512
2010-05-26,16,0.206,1.742
2010-05-26,17,0.185,0.206
2010-05-26,18,0.089,0.337
2010-05-26,19,0.416,0.703
2010-05-26,20,0.22,0.445
2010-05-26,21,0.108,0.153
2010-05-26,22,0.181,0.216
2010-05-26,23,0.257,0.472
2010-05-26,24,0.439,0.5
2010-05-27,1,0.135,0.159
2010-05-27,2,0.14,0.189
2010-05-27,3,0.174,0.252
2010-05-27,4,0.102,0.193
2010-05-27,5,0.097,0.179
2010-05-27,6,0.117,0.204
2010-05-27,7,0.284,0.311
2010-05-27,8,0.132,1.056
2010-05-27,9,0.591,1.986
2010-05-27,10,0.284,0.345
2010-05-27,11,0.32,0.386
2010-05-27,12,0.176,0.186
2010-05-27,13,0.216,0.291
2010-05-27,14,0.276,0.561
2010-05-27,15,0.251,0.533
2010-05-27,16,0.331,0.583
2010-05-27,17,0.209,0.587
2010-05-27,18,0.208,0.258
2010-05-27,19,1.384,1.612
2010-05-27,20,0.267,0.526
2010-05-27,21,0.283,0.694
2010-05-27,22,0.357,0.406
2010-05-27,23,0.326,0.522
2010-05-27,24,0.281,1.32
2010-05-28,1,0.103,1.056
2010-05-28,2,0.131,0.16
2010-05-28,3,0.177,0.184
2010-05-28,4,0.091,0.177
2010-05-28,5,0.131,0.25
2010-05-28,6,0.261,0.268
2010-05-28,7,0.23,0.27
2010-05-28,8,0.105,0.115
2010-05-28,9,0.85,1.297
2010-05-28,10,0.235,0.289
2010-05-28,11,0.089,0.131
2010-05-28,12,0.211,0.227
2010-05-28,13,0.089,0.147
2010-05-28,14,0.383,0.53
2010-05-28,15,0.271,0.352
2010-05-28,16,0.273,0.274
2010-05-28,17,0.308,0.584
2010-05-28,18,0.213,0.327
2010-05-28,19,0.306,0.374
2010-05-28,20,0.374,0.502
2010-05-28,21,0.209,0.482
2010-05-28,22,0.682,1.93
2010-05-28,23,0.381,0.886
2010-05-28,24,0.177,0.217
2010-05-29,1,0.207,0.454
2010-05-29,2,0.133,0.645
2010-05-29,3,0.112,0.181
2010-05-29,4,0.09,0.237
2010-05-29,5,0.091,0.199
2010-05-29,6,0.099,0.182
2010-05-29,7,0.291,0.295
2010-05-29,8,0.17,0.256
2010-05-29,9,0.115,0.526
2010-05-29,10,0.674,1.818
2010-05-29,11,1.114,1.82
2010-05-29,12,0.174,0.203
2010-05-29,13,0.488,1.834
2010-05-29,14,0.376,1.432
2010-05-29,15,0.757,0.947
2010-05-29,16,0.273,0.404
2010-05-29,17,0.187,0.216
2010-05-29,18,0.173,0.313
2010-05-29,19,0.392,0.58
2010-05-29,20,0.452,0.65
2010-05-29,21,0.315,1.199
2010-05-29,22,2.88,2.921
2010-05-29,23,0.479,0.485
2010-05-29,24,0.796,0.846
2010-05-30,1,0.384,0.392
2010-05-30,2,0.157,0.297
2010-05-30,3,0.181,0.183
2010-05-30,4,0.094,0.146
2010-05-30,5,0.092,0.149
2010-05-30,6,0.156,0.263
2010-05-30,7,0.301,0.319
2010-05-30,8,0.103,0.114
2010-05-30,9,0.163,0.244
2010-05-30,10,0.724,1.598
2010-05-30,11,0.486,3.008
2010-05-30,12,1.174,1.563
2010-05-30,13,0.502,1.615
2010-05-30,14,0.287,0.357
2010-05-30,15,0.293,0.384
2010-05-30,16,0.308,0.571
2010-05-30,17,0.27,0.291
2010-05-30,18,0.223,0.367
2010-05-30,19,0.231,0.288
2010-05-30,20,0.281,0.446
2010-05-30,21,0.212,0.694
2010-05-30,22,0.913,1.412
2010-05-30,23,0.985,1.598
2010-05-30,24,0.252,0.289
2010-05-31,1,0.091,0.193
2010-05-31,2,0.145,0.213
2010-05-31,3,0.091,0.113
2010-05-31,4,0.161,0.186
2010-05-31,5,0.184,0.188
2010-05-31,6,0.093,0.133
2010-05-31,7,0.291,0.294
2010-05-31,8,0.201,0.404
2010-05-31,9,0.285,1.548
2010-05-31,10,0.368,0.413
2010-05-31,11,0.262,0.322
2010-05-31,12,0.216,0.264
2010-05-31,13,0.306,0.313
2010-05-31,14,0.266,0.414
2010-05-31,15,0.241,0.335
2010-05-31,16,0.35,0.369
2010-05-31,17,0.247,0.271
2010-05-31,18,0.339,1.979
2010-05-31,19,0.386,0.619
2010-05-31,20,0.237,0.454
2010-05-31,21,0.237,0.443
2010-05-31,22,0.375,0.603
2010-05-31,23,0.317,0.547
2010-05-31,24,0.167,0.244
2010-06-01,1,0.091,0.137
2010-06-01,2,0.137,0.152
2010-06-01,3,0.173,0.196
2010-06-01,4,0.151,0.187
2010-06-01,5,0.107,0.124
2010-06-01,6,0.158,0.245
2010-06-01,7,0.268,0.297
2010-06-01,8,0.361,1.218
2010-06-01,9,0.229,0.357
2010-06-01,10,0.285,0.481
2010-06-01,11,0.316,0.325
2010-06-01,12,0.308,0.462
2010-06-01,13,0.255,0.325
2010-06-01,14,0.324,0.539
2010-06-01,15,0.269,0.302
2010-06-01,16,0.237,0.48
2010-06-01,17,0.345,0.404
2010-06-01,18,0.202,0.228
2010-06-01,19,0.449,0.555
2010-06-01,20,0.282,0.547
2010-06-01,21,0.275,0.309
2010-06-01,22,0.508,0.521
2010-06-01,23,0.352,1.958
2010-06-01,24,0.091,0.106
2010-06-02,1,0.219,0.232
2010-06-02,2,0.091,0.184
2010-06-02,3,0.104,0.254
2010-06-02,4,0.171,0.277
2010-06-02,5,0.15,0.179
2010-06-02,6,0.179,0.188
2010-06-02,7,0.253,0.355
2010-06-02,8,0.088,0.8
2010-06-02,9,0.55,0.95
2010-06-02,10,0.437,0.679
2010-06-02,11,0.285,0.354
2010-06-02,12,0.586,1.04
2010-06-02,13,0.443,1.074
2010-06-02,14,0.378,0.5
2010-06-02,15,0.302,0.603
2010-06-02,16,0.254,0.297
2010-06-02,17,0.306,0.499
2010-06-02,18,0.429,3.825
2010-06-02,19,0.213,0.383
2010-06-02,20,0.411,0.789
2010-06-02,21,0.304,1.73
2010-06-02,22,0.291,0.341
2010-06-02,23,0.43,0.475
2010-06-02,24,0.355,0.373
2010-06-03,1,0.183,0.203
2010-06-03,2,0.161,0.182
2010-06-03,3,0.088,0.127
2010-06-03,4,0.166,0.211
2010-06-03,5,0.115,0.145
2010-06-03,6,0.129,0.189
2010-06-03,7,0.257,0.374
2010-06-03,8,0.089,0.504
2010-06-03,9,0.427,0.771
2010-06-03,10,0.453,1.662
2010-06-03,11,0.601,1.575
2010-06-03,12,0.187,0.267
2010-06-03,13,0.187,0.381
2010-06-03,14,0.279,0.294
2010-06-03,15,0.299,0.332
2010-06-03,16,0.236,0.358
2010-06-03,17,0.21,0.352
2010-06-03,18,0.561,0.741
2010-06-03,19,0.291,0.63
2010-06-03,20,0.398,0.481
2010-06-03,21,0.206,0.386
2010-06-03,22,0.236,0.348
2010-06-03,23,0.459,0.72
2010-06-03,24,0.345,0.429
2010-06-04,1,0.111,0.186
2010-06-04,2,0.234,0.239
2010-06-04,3,0.097,0.104
2010-06-04,4,0.141,0.163
2010-06-04,5,0.188,0.232
2010-06-04,6,0.092,0.132
2010-06-04,7,0.318,0.672
2010-06-04,8,0.161,0.434
2010-06-04,9,0.249,1.127
2010-06-04,10,0.232,0.233
2010-06-04,11,0.09,0.165
2010-06-04,12,0.127,0.137
2010-06-04,13,0.232,0.96
2010-06-04,14,0.188,0.519
2010-06-04,15,0.187,0.195
2010-06-04,16,0.264,0.28
2010-06-04,17,0.564,0.774
2010-06-04,18,0.237,0.311
2010-06-04,19,0.246,0.495
2010-06-04,20,0.423,0.876
2010-06-04,21,0.423,0.927
2010-06-04,22,0.381,1.281
2010-06-04,23,0.421,0.602
2010-06-04,24,0.476,0.634
2010-06-05,1,0.492,0.545
2010-06-05,2,0.443,0.57
2010-06-05,3,0.2,0.263
2010-06-05,4,0.198,0.198
2010-06-05,5,0.281,0.285
2010-06-05,6,0.098,0.131
2010-06-05,7,0.268,0.29
2010-06-05,8,0.18,0.189
2010-06-05,9,0.174,0.498
2010-06-05,10,1.592,2.105
2010-06-05,11,0.945,1.434
2010-06-05,12,0.194,0.247
2010-06-05,13,0.184,0.206
2010-06-05,14,0.113,0.258
2010-06-05,15,0.113,0.19
2010-06-05,16,0.21,0.286
2010-06-05,17,0.267,0.776
2010-06-05,18,0.297,0.557
2010-06-05,19,0.246,0.7
2010-06-05,20,0.267,0.271
2010-06-05,21,0.192,0.2
2010-06-05,22,0.291,0.687
2010-06-05,23,0.374,0.406
2010-06-05,24,0.403,0.437
2010-06-06,1,0.333,0.381
2010-06-06,2,0.263,0.481
2010-06-06,3,0.107,0.136
2010-06-06,4,0.09,0.182
2010-06-06,5,0.229,0.252
2010-06-06,6,0.193,0.194
2010-06-06,7,0.301,0.319
2010-06-06,8,0.128,0.21
2010-06-06,9,0.093,1.392
2010-06-06,10,1.414,1.548
2010-06-06,11,0.297,0.731
2010-06-06,12,1.036,1.826
2010-06-06,13,1.06,1.084
2010-06-06,14,0.929,1.192
2010-06-06,15,0.305,0.513
2010-06-06,16,0.288,0.364
2010-06-06,17,0.27,0.274
2010-06-06,18,0.223,0.357
2010-06-06,19,0.408,0.445
2010-06-06,20,0.492,0.619
2010-06-06,21,0.377,0.836
2010-06-06,22,0.384,0.399
2010-06-06,23,0.438,1.216
2010-06-06,24,0.841,1.268
2010-06-07,1,0.378,0.382
2010-06-07,2,0.326,0.424
2010-06-07,3,0.261,0.292
2010-06-07,4,0.192,0.198
2010-06-07,5,0.129,0.177
2010-06-07,6,0.135,0.215
2010-06-07,7,0.202,0.297
2010-06-07,8,0.161,0.2
2010-06-07,9,0.182,0.97
2010-06-07,10,0.682,0.765
2010-06-07,11,0.202,0.274
2010-06-07,12,0.117,0.158
2010-06-07,13,0.103,0.246
2010-06-07,14,1.402,1.572
2010-06-07,15,0.204,0.494
2010-06-07,16,0.125,1.184
2010-06-07,17,1.136,1.525
2010-06-07,18,0.22,0.533
2010-06-07,19,0.496,0.991
2010-06-07,20,0.991,1.308
2010-06-07,21,0.327,0.4
2010-06-07,22,0.641,0.703
2010-06-07,23,0.517,0.548
2010-06-07,24,0.093,2.132
2010-06-08,1,0.105,0.141
2010-06-08,2,0.209,0.236
2010-06-08,3,0.096,0.192
2010-06-08,4,0.13,0.145
2010-06-08,5,0.226,0.524
2010-06-08,6,0.238,0.41
2010-06-08,7,0.271,0.444
2010-06-08,8,0.212,0.276
2010-06-08,9,0.249,1.33
2010-06-08,10,0.254,0.316
2010-06-08,11,0.179,0.285
2010-06-08,12,0.124,1.153
2010-06-08,13,1.633,1.769
2010-06-08,14,0.668,2.486
2010-06-08,15,0.276,0.432
2010-06-08,16,0.091,0.221
2010-06-08,17,0.092,0.167
2010-06-08,18,0.147,0.183
2010-06-08,19,0.195,0.961
2010-06-08,20,0.455,0.605
2010-06-08,21,0.782,1.306
2010-06-08,22,0.422,0.625
2010-06-08,23,0.467,0.482
2010-06-08,24,0.232,0.359
2010-06-09,1,0.092,0.154
2010-06-09,2,0.141,0.197
2010-06-09,3,0.121,0.172
2010-06-09,4,0.109,0.181
2010-06-09,5,0.138,0.51
2010-06-09,6,0.266,0.752
2010-06-09,7,0.247,0.255
2010-06-09,8,0.204,0.211
2010-06-09,9,0.66,1.258
2010-06-09,10,0.299,0.357
2010-06-09,11,0.261,0.783
2010-06-09,12,0.298,0.406
2010-06-09,13,0.477,1.205
2010-06-09,14,0.261,1.285
2010-06-09,15,0.529,1.628
2010-06-09,16,0.317,1.523
2010-06-09,17,0.164,0.516
2010-06-09,18,0.873,2.451
2010-06-09,19,0.324,0.455
2010-06-09,20,0.316,0.579
2010-06-09,21,0.264,0.512
2010-06-09,22,0.433,0.487
2010-06-09,23,0.367,0.41
2010-06-09,24,0.779,2.378
2010-06-10,1,0.092,0.138
2010-06-10,2,0.121,0.128
2010-06-10,3,0.17,0.221
2010-06-10,4,0.091,0.158
2010-06-10,5,0.092,0.246
2010-06-10,6,0.336,0.667
2010-06-10,7,0.21,0.251
2010-06-10,8,0.17,0.33
2010-06-10,9,0.435,1.391
2010-06-10,10,0.196,0.251
2010-06-10,11,0.147,0.235
2010-06-10,12,0.099,0.117
2010-06-10,13,0.099,0.181
2010-06-10,14,0.17,0.226
2010-06-10,15,0.181,0.252
2010-06-10,16,0.3,0.44
2010-06-10,17,0.156,0.224
2010-06-10,18,0.6,1.36
2010-06-10,19,0.488,0.657
2010-06-10,20,0.373,0.567
2010-06-10,21,0.2,0.31
2010-06-10,22,0.305,0.346
2010-06-10,23,0.271,0.362
2010-06-10,24,0.207,1.952
2010-06-11,1,0.095,0.173
2010-06-11,2,0.091,0.192
2010-06-11,3,0.156,0.243
2010-06-11,4,0.113,0.144
2010-06-11,5,0.091,0.207
2010-06-11,6,0.164,0.678
2010-06-11,7,0.2,0.315
2010-06-11,8,0.163,0.205
2010-06-11,9,0.471,2.138
2010-06-11,10,0.092,0.275
2010-06-11,11,0.172,0.248
2010-06-11,12,0.09,0.152
2010-06-11,13,0.23,0.447
2010-06-11,14,0.129,0.278
2010-06-11,15,0.093,0.166
2010-06-11,16,0.308,0.383
2010-06-11,17,0.324,0.525
2010-06-11,18,0.119,0.242
2010-06-11,19,0.348,0.528
2010-06-11,20,0.22,0.456
2010-06-11,21,0.136,2.146
2010-06-11,22,0.566,0.571
2010-06-11,23,0.391,0.442
2010-06-11,24,0.427,0.45
2010-06-12,1,0.181,0.357
2010-06-12,2,0.092,0.093
2010-06-12,3,0.162,0.222
2010-06-12,4,0.093,0.197
2010-06-12,5,0.13,0.134
2010-06-12,6,0.093,0.206
2010-06-12,7,0.246,0.432
2010-06-12,8,0.102,0.429
2010-06-12,9,0.795,1.434
2010-06-12,10,0.437,2.041
2010-06-12,11,0.093,1.706
2010-06-12,12,0.199,0.215
2010-06-12,13,0.096,0.369
2010-06-12,14,0.255,0.32
2010-06-12,15,0.27,0.458
2010-06-12,16,0.217,0.236
2010-06-12,17,0.308,0.609
2010-06-12,18,0.304,0.351
2010-06-12,19,0.293,0.453
2010-06-12,20,0.566,2.035
2010-06-12,21,0.349,1.607
2010-06-12,22,0.614,0.696
2010-06-12,23,0.459,0.513
2010-06-12,24,0.395,0.469
2010-06-13,1,0.503,0.509
2010-06-13,2,0.43,0.454
2010-06-13,3,0.19,0.28
2010-06-13,4,0.163,0.247
2010-06-13,5,0.092,0.169
2010-06-13,6,0.092,0.211
2010-06-13,7,0.261,0.395
2010-06-13,8,0.09,0.12
2010-06-13,9,0.136,0.196
2010-06-13,10,0.717,0.985
2010-06-13,11,0.285,2.145
2010-06-13,12,1.086,1.443
2010-06-13,13,1.046,2.245
2010-06-13,14,0.395,1.15
2010-06-13,15,0.305,0.419
2010-06-13,16,0.276,0.307
2010-06-13,17,0.211,0.236
2010-06-13,18,0.314,0.675
2010-06-13,19,0.281,0.697
2010-06-13,20,0.33,0.532
2010-06-13,21,0.252,0.303
2010-06-13,22,0.51,0.615
2010-06-13,23,0.388,0.683
2010-06-13,24,0.122,0.356
2010-06-14,1,0.106,0.18
2010-06-14,2,0.136,0.232
2010-06-14,3,0.091,0.177
2010-06-14,4,0.195,0.22
2010-06-14,5,0.111,0.176
2010-06-14,6,0.17,0.783
2010-06-14,7,0.307,0.392
2010-06-14,8,0.198,0.435
2010-06-14,9,0.455,1.338
2010-06-14,10,0.343,0.918
2010-06-14,11,0.881,2.17
2010-06-14,12,1.815,2.309
2010-06-14,13,1.785,1.817
2010-06-14,14,0.624,0.675
2010-06-14,15,0.13,0.202
2010-06-14,16,0.144,0.434
2010-06-14,17,0.291,0.382
2010-06-14,18,0.296,0.634
2010-06-14,19,0.438,0.525
2010-06-14,20,0.448,0.673
2010-06-14,21,0.215,0.272
2010-06-14,22,0.236,0.469
2010-06-14,23,0.473,0.899
2010-06-14,24,0.248,2.41
2010-06-15,1,0.115,0.166
2010-06-15,2,0.126,0.26
2010-06-15,3,0.096,0.161
2010-06-15,4,0.162,0.21
2010-06-15,5,0.142,0.176
2010-06-15,6,0.221,0.569
2010-06-15,7,0.284,0.319
2010-06-15,8,0.181,0.498
2010-06-15,9,0.316,0.974
2010-06-15,10,0.242,0.278
2010-06-15,11,0.091,0.471
2010-06-15,12,0.089,1.618
2010-06-15,13,1.282,1.822
2010-06-15,14,0.578,2.153
2010-06-15,15,0.18,0.784
2010-06-15,16,0.365,0.412
2010-06-15,17,0.255,0.291
2010-06-15,18,0.293,0.548
2010-06-15,19,0.263,0.504
2010-06-15,20,0.58,0.807
2010-06-15,21,0.259,0.759
2010-06-15,22,0.28,0.648
2010-06-15,23,0.543,0.877
2010-06-15,24,0.506,2.192
2010-06-16,1,0.163,0.234
2010-06-16,2,0.161,0.164
2010-06-16,3,0.13,0.157
2010-06-16,4,0.185,0.219
2010-06-16,5,0.127,0.152
2010-06-16,6,0.247,0.639
2010-06-16,7,0.231,0.348
2010-06-16,8,0.102,0.358
2010-06-16,9,1.104,1.512
2010-06-16,10,0.384,0.663
2010-06-16,11,0.507,0.605
2010-06-16,12,0.709,1.091
2010-06-16,13,1.637,2.077
2010-06-16,14,0.438,1.366
2010-06-16,15,0.444,0.521
2010-06-16,16,0.296,0.302
2010-06-16,17,0.299,0.329
2010-06-16,18,0.191,0.319
2010-06-16,19,0.489,1.919
2010-06-16,20,0.665,1.678
2010-06-16,21,0.194,0.25
2010-06-16,22,0.407,0.66
2010-06-16,23,0.376,0.628
2010-06-16,24,0.381,2.301
2010-06-17,1,0.163,0.24
2010-06-17,2,0.124,0.184
2010-06-17,3,0.105,0.118
2010-06-17,4,0.168,0.263
2010-06-17,5,0.095,0.194
2010-06-17,6,0.93,1.13
2010-06-17,7,0.262,0.431
2010-06-17,8,0.146,0.155
2010-06-17,9,0.328,1.784
2010-06-17,10,0.312,0.515
2010-06-17,11,0.092,0.118
2010-06-17,12,0.204,0.28
2010-06-17,13,0.089,0.125
2010-06-17,14,0.12,0.21
2010-06-17,15,0.118,0.213
2010-06-17,16,0.23,0.521
2010-06-17,17,0.277,0.546
2010-06-17,18,0.795,2.551
2010-06-17,19,0.34,0.665
2010-06-17,20,0.461,0.462
2010-06-17,21,0.364,0.616
2010-06-17,22,0.704,1.566
2010-06-17,23,0.966,1.02
2010-06-17,24,0.389,0.563
2010-06-18,1,0.165,0.226
2010-06-18,2,0.106,0.134
2010-06-18,3,0.143,0.181
2010-06-18,4,0.165,0.209
2010-06-18,5,0.091,0.187
2010-06-18,6,0.274,0.624
2010-06-18,7,0.201,0.361
2010-06-18,8,0.174,0.298
2010-06-18,9,0.593,0.62
2010-06-18,10,0.145,0.513
2010-06-18,11,0.129,0.151
2010-06-18,12,0.191,0.225
2010-06-18,13,0.404,0.475
2010-06-18,14,1.108,2.982
2010-06-18,15,0.128,0.432
2010-06-18,16,0.186,0.186
2010-06-18,17,0.225,0.751
2010-06-18,18,0.229,0.315
2010-06-18,19,0.253,0.482
2010-06-18,20,0.252,0.386
2010-06-18,21,0.198,0.282
2010-06-18,22,0.221,0.245
2010-06-18,23,0.161,0.237
2010-06-18,24,0.167,2.976
2010-06-19,1,0.159,0.197
2010-06-19,2,0.111,0.17
2010-06-19,3,0.09,0.191
2010-06-19,4,0.194,0.252
2010-06-19,5,0.194,0.207
2010-06-19,6,0.196,0.27
2010-06-19,7,0.274,0.456
2010-06-19,8,0.094,0.137
2010-06-19,9,0.131,0.187
2010-06-19,10,1.484,2.34
2010-06-19,11,0.094,0.264
2010-06-19,12,0.176,0.227
2010-06-19,13,0.109,0.169
2010-06-19,14,0.965,1.283
2010-06-19,15,0.236,1.337
2010-06-19,16,0.258,0.374
2010-06-19,17,0.187,0.191
2010-06-19,18,0.208,0.364
2010-06-19,19,0.321,0.351
2010-06-19,20,0.149,0.303
2010-06-19,21,0.125,0.248
2010-06-19,22,0.197,0.599
2010-06-19,23,0.469,0.606
2010-06-19,24,0.403,0.487
2010-06-20,1,0.331,0.354
2010-06-20,2,0.184,0.285
2010-06-20,3,0.18,0.193
2010-06-20,4,0.192,0.21
2010-06-20,5,0.184,0.206
2010-06-20,6,0.092,0.129
2010-06-20,7,0.28,0.321
2010-06-20,8,0.117,0.259
2010-06-20,9,0.099,3.205
2010-06-20,10,0.186,0.327
2010-06-20,11,0.2,0.229
2010-06-20,12,0.152,0.186
2010-06-20,13,0.261,0.281
2010-06-20,14,0.121,0.184
2010-06-20,15,0.104,0.174
2010-06-20,16,0.164,0.182
2010-06-20,17,0.096,0.158
2010-06-20,18,0.104,0.184
2010-06-20,19,0.224,0.245
2010-06-20,20,0.138,0.485
2010-06-20,21,0.637,1.452
2010-06-20,22,0.285,1.545
2010-06-20,23,0.47,0.799
2010-06-20,24,0.225,1.317
2010-06-21,1,0.086,0.18
2010-06-21,2,0.165,0.202
2010-06-21,3,0.136,0.16
2010-06-21,4,0.119,0.164
2010-06-21,5,0.177,0.182
2010-06-21,6,0.207,0.716
2010-06-21,7,0.36,0.365
2010-06-21,8,0.302,0.752
2010-06-21,9,0.25,0.784
2010-06-21,10,0.141,0.283
2010-06-21,11,0.258,2.215
2010-06-21,12,0.808,0.908
2010-06-21,13,1.003,1.103
2010-06-21,14,0.991,2.121
2010-06-21,15,0.263,1.11
2010-06-21,16,0.3,0.632
2010-06-21,17,0.422,1.277
2010-06-21,18,0.395,0.895
2010-06-21,19,0.391,0.481
2010-06-21,20,0.381,0.386
2010-06-21,21,0.244,0.265
2010-06-21,22,0.178,0.285
2010-06-21,23,0.338,1.057
2010-06-21,24,0.159,1.304
2010-06-22,1,0.098,0.131
2010-06-22,2,0.091,0.247
2010-06-22,3,0.182,0.19
2010-06-22,4,0.087,0.125
2010-06-22,5,0.224,0.284
2010-06-22,6,0.155,0.684
2010-06-22,7,0.252,0.256
2010-06-22,8,0.139,0.234
2010-06-22,9,0.63,1.145
2010-06-22,10,0.092,0.107
2010-06-22,11,0.211,0.448
2010-06-22,12,1.533,1.681
2010-06-22,13,1.581,1.818
2010-06-22,14,0.981,2.096
2010-06-22,15,0.13,0.142
2010-06-22,16,0.346,0.444
2010-06-22,17,0.287,0.39
2010-06-22,18,0.276,0.864
2010-06-22,19,0.392,0.564
2010-06-22,20,0.418,0.582
2010-06-22,21,0.345,0.598
2010-06-22,22,0.458,0.829
2010-06-22,23,0.557,0.8
2010-06-22,24,0.601,1.705
2010-06-23,1,0.118,0.27
2010-06-23,2,0.106,0.127
2010-06-23,3,0.16,0.28
2010-06-23,4,0.096,0.166
2010-06-23,5,0.092,0.138
2010-06-23,6,0.338,0.709
2010-06-23,7,0.241,0.394
2010-06-23,8,0.091,0.151
2010-06-23,9,0.318,1.681
2010-06-23,10,0.266,0.266
2010-06-23,11,0.249,1.889
2010-06-23,12,1.035,1.103
2010-06-23,13,1.05,1.46
2010-06-23,14,0.374,1.732
2010-06-23,15,0.18,0.536
2010-06-23,16,0.087,0.262
2010-06-23,17,0.517,0.532
2010-06-23,18,0.712,1.782
2010-06-23,19,0.232,0.234
2010-06-23,20,0.352,1.643
2010-06-23,21,0.901,1.538
2010-06-23,22,0.124,0.428
2010-06-23,23,0.234,0.87
2010-06-23,24,0.159,0.447
2010-06-24,1,0.091,0.167
2010-06-24,2,0.171,0.226
2010-06-24,3,0.136,0.147
2010-06-24,4,0.167,0.192
2010-06-24,5,0.282,0.337
2010-06-24,6,0.279,0.669
2010-06-24,7,0.27,0.296
2010-06-24,8,0.151,0.207
2010-06-24,9,0.51,1.381
2010-06-24,10,0.234,0.344
2010-06-24,11,0.189,0.24
2010-06-24,12,0.09,0.179
2010-06-24,13,0.167,0.233
2010-06-24,14,0.108,0.133
2010-06-24,15,0.114,0.174
2010-06-24,16,0.48,0.916
2010-06-24,17,0.236,0.258
2010-06-24,18,0.252,0.306
2010-06-24,19,0.311,0.333
2010-06-24,20,0.372,0.392
2010-06-24,21,0.389,0.632
2010-06-24,22,0.442,0.773
2010-06-24,23,0.398,0.515
2010-06-24,24,0.647,2.477
2010-06-25,1,0.177,0.192
2010-06-25,2,0.091,0.149
2010-06-25,3,0.163,0.232
2010-06-25,4,0.092,0.203
2010-06-25,5,0.103,0.147
2010-06-25,6,0.36,0.712
2010-06-25,7,0.252,0.256
2010-06-25,8,0.096,0.354
2010-06-25,9,0.306,0.799
2010-06-25,10,0.127,0.249
2010-06-25,11,0.105,0.21
2010-06-25,12,0.158,0.356
2010-06-25,13,0.125,0.184
2010-06-25,14,0.183,0.663
2010-06-25,15,0.48,1.038
2010-06-25,16,0.158,0.162
2010-06-25,17,0.122,0.293
2010-06-25,18,0.251,0.374
2010-06-25,19,0.325,0.725
2010-06-25,20,0.44,0.462
2010-06-25,21,0.308,0.353
2010-06-25,22,0.387,0.451
2010-06-25,23,0.553,0.761
2010-06-25,24,0.089,0.394
2010-06-26,1,0.137,0.174
2010-06-26,2,0.173,0.187
2010-06-26,3,0.119,0.161
2010-06-26,4,0.095,0.215
2010-06-26,5,0.1,0.225
2010-06-26,6,0.161,0.194
2010-06-26,7,0.286,0.357
2010-06-26,8,0.092,0.174
2010-06-26,9,0.258,0.647
2010-06-26,10,1.635,1.907
2010-06-26,11,0.605,1.202
2010-06-26,12,0.445,1.164
2010-06-26,13,0.364,0.483
2010-06-26,14,0.138,0.254
2010-06-26,15,1.888,2.226
2010-06-26,16,0.5,0.612
2010-06-26,17,0.197,0.232
2010-06-26,18,0.309,0.342
2010-06-26,19,0.438,0.624
2010-06-26,20,0.21,0.351
2010-06-26,21,0.17,1.653
2010-06-26,22,0.398,0.614
2010-06-26,23,0.294,0.33
2010-06-26,24,0.203,0.272
2010-06-27,1,0.314,0.374
2010-06-27,2,0.151,0.546
2010-06-27,3,0.168,0.216
2010-06-27,4,0.232,0.26
2010-06-27,5,0.095,0.172
2010-06-27,6,0.174,0.19
2010-06-27,7,0.395,0.414
2010-06-27,8,0.207,0.67
2010-06-27,9,0.242,0.385
2010-06-27,10,0.3,0.385
2010-06-27,11,0.298,0.466
2010-06-27,12,0.285,0.382
2010-06-27,13,0.447,1.8
2010-06-27,14,0.182,0.192
2010-06-27,15,0.089,0.184
2010-06-27,16,0.26,0.341
2010-06-27,17,0.883,1.657
2010-06-27,18,0.871,1.306
2010-06-27,19,0.212,0.278
2010-06-27,20,0.362,1.23
2010-06-27,21,0.473,0.579
2010-06-27,22,0.32,0.386
2010-06-27,23,0.573,1.033
2010-06-27,24,0.377,0.896
2010-06-28,1,0.088,0.098
2010-06-28,2,0.21,0.22
2010-06-28,3,0.112,0.257
2010-06-28,4,0.094,0.166
2010-06-28,5,0.182,0.184
2010-06-28,6,0.234,1.408
2010-06-28,7,0.241,0.311
2010-06-28,8,0.175,0.225
2010-06-28,9,0.619,1.321
2010-06-28,10,0.271,0.289
2010-06-28,11,0.252,1.355
2010-06-28,12,0.342,0.647
2010-06-28,13,0.437,0.593
2010-06-28,14,0.608,1.802
2010-06-28,15,1.418,1.467
2010-06-28,16,0.384,0.97
2010-06-28,17,0.274,0.554
2010-06-28,18,0.206,0.389
2010-06-28,19,0.507,0.572
2010-06-28,20,0.261,0.441
2010-06-28,21,0.256,0.274
2010-06-28,22,0.294,0.302
2010-06-28,23,0.59,1.088
2010-06-28,24,0.44,2.147
2010-06-29,1,0.091,0.247
2010-06-29,2,0.117,0.223
2010-06-29,3,0.183,0.221
2010-06-29,4,0.092,0.131
2010-06-29,5,0.137,0.189
2010-06-29,6,0.167,0.722
2010-06-29,7,0.236,0.279
2010-06-29,8,0.154,0.984
2010-06-29,9,0.222,0.743
2010-06-29,10,0.092,0.258
2010-06-29,11,0.236,1.963
2010-06-29,12,0.568,1.152
2010-06-29,13,0.145,1.386
2010-06-29,14,1.2,2.739
2010-06-29,15,1.086,2.722
2010-06-29,16,0.426,0.537
2010-06-29,17,0.293,0.363
2010-06-29,18,0.262,0.272
2010-06-29,19,0.396,0.466
2010-06-29,20,0.658,0.718
2010-06-29,21,0.364,0.473
2010-06-29,22,0.458,0.472
2010-06-29,23,0.631,0.775
2010-06-29,24,0.229,2.572
2010-06-30,1,0.1,0.19
2010-06-30,2,0.147,0.153
2010-06-30,3,0.158,0.247
2010-06-30,4,0.099,0.288
2010-06-30,5,0.202,0.208
2010-06-30,6,0.279,0.771
2010-06-30,7,0.24,0.328
2010-06-30,8,0.205,1.356
2010-06-30,9,0.207,0.3
2010-06-30,10,0.142,0.158
2010-06-30,11,0.091,0.216
2010-06-30,12,0.116,0.209
2010-06-30,13,0.092,0.183
2010-06-30,14,0.128,0.243
2010-06-30,15,0.138,0.141
2010-06-30,16,0.159,0.489
2010-06-30,17,0.205,0.234
2010-06-30,18,0.096,0.185
2010-06-30,19,0.367,0.991
2010-06-30,20,0.292,0.575
2010-06-30,21,0.254,0.334
2010-06-30,22,0.356,0.873
2010-06-30,23,0.51,0.589
2010-06-30,24,0.303,3.543
2010-07-01,1,0.198,0.206
2010-07-01,2,0.091,0.174
2010-07-01,3,0.131,0.197
2010-07-01,4,0.186,0.192
2010-07-01,5,0.091,0.148
2010-07-01,6,0.281,1.496
2010-07-01,7,0.328,0.358
2010-07-01,8,0.1,0.109
2010-07-01,9,0.782,1.379
2010-07-01,10,0.619,0.773
2010-07-01,11,0.171,0.277
2010-07-01,12,0.225,0.265
2010-07-01,13,0.481,0.964
2010-07-01,14,0.219,0.418
2010-07-01,15,0.215,0.439
2010-07-01,16,0.377,1.219
2010-07-01,17,0.326,0.4
2010-07-01,18,0.288,0.355
2010-07-01,19,0.614,0.63
2010-07-01,20,0.38,0.4
2010-07-01,21,0.497,1.362
2010-07-01,22,0.632,1.069
2010-07-01,23,0.352,0.533
2010-07-01,24,0.249,0.3
2010-07-02,1,0.17,0.21
2010-07-02,2,0.096,0.155
2010-07-02,3,0.126,0.202
2010-07-02,4,0.203,0.218
2010-07-02,5,0.092,0.192
2010-07-02,6,0.425,2.119
2010-07-02,7,0.522,0.812
2010-07-02,8,0.171,0.258
2010-07-02,9,0.659,1.055
2010-07-02,10,0.16,0.194
2010-07-02,11,0.09,0.129
2010-07-02,12,0.213,0.221
2010-07-02,13,0.091,0.161
2010-07-02,14,0.395,2.266
2010-07-02,15,0.28,0.809
2010-07-02,16,0.188,0.2
2010-07-02,17,0.19,0.275
2010-07-02,18,0.248,0.331
2010-07-02,19,0.229,0.239
2010-07-02,20,0.362,0.459
2010-07-02,21,0.378,0.434
2010-07-02,22,0.48,0.489
2010-07-02,23,0.816,1.523
2010-07-02,24,0.92,1.013
2010-07-03,1,0.121,0.129
2010-07-03,2,0.187,0.22
2010-07-03,3,0.114,0.169
2010-07-03,4,0.1,0.121
2010-07-03,5,0.215,0.231
2010-07-03,6,0.118,0.189
2010-07-03,7,0.247,0.38
2010-07-03,8,0.232,0.278
2010-07-03,9,0.11,0.365
2010-07-03,10,0.194,0.201
2010-07-03,11,0.296,0.709
2010-07-03,12,0.143,0.151
2010-07-03,13,0.678,1.0
2010-07-03,14,0.376,0.869
2010-07-03,15,0.132,0.292
2010-07-03,16,0.171,0.391
2010-07-03,17,0.281,0.623
2010-07-03,18,0.306,0.307
2010-07-03,19,0.32,0.424
2010-07-03,20,0.213,0.689
2010-07-03,21,0.239,1.386
2010-07-03,22,0.336,0.912
2010-07-03,23,0.13,0.353
2010-07-03,24,1.259,2.22
2010-07-04,1,0.471,0.564
2010-07-04,2,0.477,0.551
2010-07-04,3,0.155,0.322
2010-07-04,4,0.146,0.214
2010-07-04,5,0.092,0.174
2010-07-04,6,0.113,0.216
2010-07-04,7,0.241,0.358
2010-07-04,8,0.134,0.152
2010-07-04,9,0.091,0.106
2010-07-04,10,0.284,0.764
2010-07-04,11,0.248,0.523
2010-07-04,12,0.382,0.429
2010-07-04,13,0.313,0.401
2010-07-04,14,0.134,0.498
2010-07-04,15,0.151,0.161
2010-07-04,16,0.184,0.196
2010-07-04,17,0.093,0.124
2010-07-04,18,0.124,0.455
2010-07-04,19,0.46,0.676
2010-07-04,20,0.218,0.303
2010-07-04,21,0.384,1.833
2010-07-04,22,0.519,0.52
2010-07-04,23,0.382,0.409
2010-07-04,24,0.413,2.477
2010-07-05,1,0.092,0.123
2010-07-05,2,0.161,0.268
2010-07-05,3,0.093,0.146
2010-07-05,4,0.115,0.147
2010-07-05,5,0.19,0.221
2010-07-05,6,0.413,2.67
2010-07-05,7,0.288,0.406
2010-07-05,8,0.269,0.296
2010-07-05,9,0.187,0.187
2010-07-05,10,0.182,0.231
2010-07-05,11,0.102,0.163
2010-07-05,12,0.09,0.103
2010-07-05,13,0.2,0.241
2010-07-05,14,0.09,0.101
2010-07-05,15,0.151,0.438
2010-07-05,16,0.483,1.947
2010-07-05,17,0.238,1.748
2010-07-05,18,0.782,2.449
2010-07-05,19,0.285,0.718
2010-07-05,20,0.234,0.373
2010-07-05,21,0.257,0.328
2010-07-05,22,0.415,0.43
2010-07-05,23,0.357,0.57
2010-07-05,24,0.523,2.365
2010-07-06,1,0.114,0.143
2010-07-06,2,0.11,0.184
2010-07-06,3,0.186,0.206
2010-07-06,4,0.107,0.145
2010-07-06,5,0.188,0.235
2010-07-06,6,0.306,2.159
2010-07-06,7,0.216,0.278
2010-07-06,8,0.089,0.536
2010-07-06,9,0.171,0.317
2010-07-06,10,0.091,0.094
2010-07-06,11,0.156,0.16
2010-07-06,12,0.173,0.181
2010-07-06,13,0.116,0.223
2010-07-06,14,0.154,0.269
2010-07-06,15,0.186,0.262
2010-07-06,16,0.186,0.36
2010-07-06,17,0.312,0.536
2010-07-06,18,0.244,0.272
2010-07-06,19,0.305,0.503
2010-07-06,20,0.322,0.576
2010-07-06,21,0.521,0.606
2010-07-06,22,0.396,0.581
2010-07-06,23,0.413,0.478
2010-07-06,24,0.199,2.434
2010-07-07,1,0.19,0.281
2010-07-07,2,0.092,0.206
2010-07-07,3,0.091,0.173
2010-07-07,4,0.117,0.264
2010-07-07,5,0.107,0.195
2010-07-07,6,0.246,0.759
2010-07-07,7,0.242,0.368
2010-07-07,8,0.098,0.298
2010-07-07,9,0.191,0.251
2010-07-07,10,0.128,0.212
2010-07-07,11,0.11,0.19
2010-07-07,12,0.188,0.242
2010-07-07,13,0.138,0.344
2010-07-07,14,0.131,0.181
2010-07-07,15,0.09,0.456
2010-07-07,16,0.28,0.439
2010-07-07,17,0.092,0.414
2010-07-07,18,0.102,0.234
2010-07-07,19,0.091,0.172
2010-07-07,20,0.455,0.799
2010-07-07,21,0.132,0.302
2010-07-07,22,0.366,0.663
2010-07-07,23,0.389,1.107
2010-07-07,24,0.187,2.557
2010-07-08,1,0.097,0.167
2010-07-08,2,0.096,0.166
2010-07-08,3,0.191,0.208
2010-07-08,4,0.094,0.122
2010-07-08,5,0.124,0.188
2010-07-08,6,0.291,1.233
2010-07-08,7,0.192,0.301
2010-07-08,8,0.172,0.204
2010-07-08,9,0.183,0.564
2010-07-08,10,0.091,0.155
2010-07-08,11,0.103,0.126
2010-07-08,12,0.214,0.232
2010-07-08,13,0.091,0.091
2010-07-08,14,0.128,0.185
2010-07-08,15,0.183,0.366
2010-07-08,16,0.121,0.196
2010-07-08,17,0.228,0.413
2010-07-08,18,0.188,0.206
2010-07-08,19,0.435,0.475
2010-07-08,20,0.435,0.444
2010-07-08,21,0.671,1.252
2010-07-08,22,0.996,2.111
2010-07-08,23,0.381,1.316
2010-07-08,24,0.588,1.885
2010-07-09,1,0.167,0.179
2010-07-09,2,0.171,0.181
2010-07-09,3,0.093,0.152
2010-07-09,4,0.124,0.297
2010-07-09,5,0.156,0.255
2010-07-09,6,0.339,2.126
2010-07-09,7,0.24,0.424
2010-07-09,8,0.093,0.146
2010-07-09,9,0.208,1.131
2010-07-09,10,0.222,0.234
2010-07-09,11,0.091,0.092
2010-07-09,12,0.138,0.161
2010-07-09,13,0.274,0.551
2010-07-09,14,0.195,0.301
2010-07-09,15,0.262,0.399
2010-07-09,16,0.156,0.228
2010-07-09,17,0.13,0.174
2010-07-09,18,0.163,0.325
2010-07-09,19,0.484,1.501
2010-07-09,20,0.346,0.426
2010-07-09,21,0.626,1.25
2010-07-09,22,0.5,0.535
2010-07-09,23,0.414,0.487
2010-07-09,24,0.603,2.323
2010-07-10,1,0.18,0.208
2010-07-10,2,0.093,0.11
2010-07-10,3,0.193,0.232
2010-07-10,4,0.091,0.187
2010-07-10,5,0.117,0.18
2010-07-10,6,0.258,0.317
2010-07-10,7,0.243,0.395
2010-07-10,8,0.093,0.146
2010-07-10,9,0.224,0.79
2010-07-10,10,0.414,0.911
2010-07-10,11,1.212,1.497
2010-07-10,12,0.461,0.623
2010-07-10,13,0.309,0.449
2010-07-10,14,0.265,0.374
2010-07-10,15,1.466,2.296
2010-07-10,16,1.798,2.609
2010-07-10,17,0.19,0.573
2010-07-10,18,0.189,0.395
2010-07-10,19,0.531,0.587
2010-07-10,20,0.354,0.5
2010-07-10,21,0.406,1.934
2010-07-10,22,0.82,0.974
2010-07-10,23,0.523,0.784
2010-07-10,24,0.333,0.345
2010-07-11,1,0.385,0.723
2010-07-11,2,0.104,0.249
2010-07-11,3,0.14,0.156
2010-07-11,4,0.187,0.194
2010-07-11,5,0.135,0.186
2010-07-11,6,0.093,0.277
2010-07-11,7,0.153,0.381
2010-07-11,8,0.14,0.157
2010-07-11,9,0.187,0.333
2010-07-11,10,1.848,2.273
2010-07-11,11,0.918,1.616
2010-07-11,12,0.746,1.465
2010-07-11,13,1.48,1.882
2010-07-11,14,0.542,1.666
2010-07-11,15,0.129,0.315
2010-07-11,16,0.162,0.181
2010-07-11,17,0.101,0.268
2010-07-11,18,0.101,0.179
2010-07-11,19,0.196,0.518
2010-07-11,20,0.326,0.57
2010-07-11,21,0.406,0.584
2010-07-11,22,0.225,0.29
2010-07-11,23,0.351,0.375
2010-07-11,24,0.199,0.371
2010-07-12,1,0.109,0.27
2010-07-12,2,0.215,0.289
2010-07-12,3,0.104,0.133
2010-07-12,4,0.127,0.178
2010-07-12,5,0.136,0.213
2010-07-12,6,0.252,0.91
2010-07-12,7,0.323,0.333
2010-07-12,8,0.204,0.578
2010-07-12,9,0.229,0.899
2010-07-12,10,0.21,0.294
2010-07-12,11,0.099,0.157
2010-07-12,12,0.587,0.651
2010-07-12,13,0.706,2.558
2010-07-12,14,0.224,2.282
2010-07-12,15,0.207,0.518
2010-07-12,16,0.087,0.421
2010-07-12,17,0.218,0.341
2010-07-12,18,0.298,0.801
2010-07-12,19,0.229,0.392
2010-07-12,20,0.412,0.469
2010-07-12,21,0.201,0.238
2010-07-12,22,0.277,0.497
2010-07-12,23,0.643,0.797
2010-07-12,24,0.089,2.318
2010-07-13,1,0.09,0.175
2010-07-13,2,0.212,0.236
2010-07-13,3,0.095,0.177
2010-07-13,4,0.15,0.193
2010-07-13,5,0.154,0.186
2010-07-13,6,0.228,0.592
2010-07-13,7,0.35,0.35
2010-07-13,8,0.242,0.428
2010-07-13,9,0.781,1.657
2010-07-13,10,1.214,1.234
2010-07-13,11,0.205,0.65
2010-07-13,12,1.117,1.27
2010-07-13,13,1.398,1.834
2010-07-13,14,2.023,2.536
2010-07-13,15,1.431,1.473
2010-07-13,16,0.512,1.953
2010-07-13,17,0.142,0.309
2010-07-13,18,0.317,0.534
2010-07-13,19,0.29,0.311
2010-07-13,20,0.329,0.847
2010-07-13,21,0.561,1.833
2010-07-13,22,0.317,0.636
2010-07-13,23,0.509,0.787
2010-07-13,24,0.338,2.065
2010-07-14,1,0.141,0.151
2010-07-14,2,0.162,0.24
2010-07-14,3,0.118,0.13
2010-07-14,4,0.171,0.188
2010-07-14,5,0.196,0.207
2010-07-14,6,0.413,1.866
2010-07-14,7,0.297,0.321
2010-07-14,8,0.195,0.374
2010-07-14,9,0.203,1.076
2010-07-14,10,0.357,0.461
2010-07-14,11,0.154,0.184
2010-07-14,12,1.406,1.875
2010-07-14,13,0.722,1.88
2010-07-14,14,1.002,1.982
2010-07-14,15,0.111,0.606
2010-07-14,16,0.202,0.843
2010-07-14,17,0.185,0.252
2010-07-14,18,0.161,0.679
2010-07-14,19,0.634,0.912
2010-07-14,20,0.117,0.186
2010-07-14,21,0.185,0.434
2010-07-14,22,0.25,0.637
2010-07-14,23,0.582,0.65
2010-07-14,24,0.458,1.989
2010-07-15,1,0.152,0.161
2010-07-15,2,0.092,0.143
2010-07-15,3,0.176,0.23
2010-07-15,4,0.119,0.158
2010-07-15,5,0.116,0.132
2010-07-15,6,0.382,2.171
2010-07-15,7,0.247,1.001
2010-07-15,8,0.225,0.447
2010-07-15,9,0.345,1.351
2010-07-15,10,0.2,0.238
2010-07-15,11,0.092,0.098
2010-07-15,12,0.21,0.266
2010-07-15,13,0.148,0.231
2010-07-15,14,0.388,0.396
2010-07-15,15,0.35,1.389
2010-07-15,16,0.364,0.503
2010-07-15,17,0.249,0.325
2010-07-15,18,1.041,2.392
2010-07-15,19,0.21,1.594
2010-07-15,20,0.154,0.593
2010-07-15,21,1.246,1.381
2010-07-15,22,0.58,0.742
2010-07-15,23,0.418,0.489
2010-07-15,24,0.259,0.411
2010-07-16,1,0.111,0.171
2010-07-16,2,0.092,0.112
2010-07-16,3,0.239,0.26
2010-07-16,4,0.092,0.126
2010-07-16,5,0.108,0.167
2010-07-16,6,0.908,2.379
2010-07-16,7,0.144,0.336
2010-07-16,8,0.133,0.653
2010-07-16,9,0.215,0.345
2010-07-16,10,0.091,0.161
2010-07-16,11,0.121,0.156
2010-07-16,12,0.184,0.213
2010-07-16,13,0.178,0.189
2010-07-16,14,0.145,0.19
2010-07-16,15,0.952,1.572
2010-07-16,16,0.871,1.121
2010-07-16,17,0.244,0.369
2010-07-16,18,0.21,0.268
2010-07-16,19,0.245,0.479
2010-07-16,20,0.311,0.728
2010-07-16,21,0.256,0.36
2010-07-16,22,0.339,0.344
2010-07-16,23,0.395,0.503
2010-07-16,24,0.401,0.514
2010-07-17,1,0.357,0.435
2010-07-17,2,0.093,1.603
2010-07-17,3,0.106,0.151
2010-07-17,4,0.193,0.199
2010-07-17,5,0.145,0.163
2010-07-17,6,0.094,0.156
2010-07-17,7,0.239,0.415
2010-07-17,8,0.091,0.208
2010-07-17,9,0.33,0.999
2010-07-17,10,0.32,0.403
2010-07-17,11,0.101,0.231
2010-07-17,12,0.093,0.175
2010-07-17,13,0.167,0.285
2010-07-17,14,0.37,4.236
2010-07-17,15,2.216,3.959
2010-07-17,16,0.295,0.356
2010-07-17,17,0.251,0.254
2010-07-17,18,0.323,0.58
2010-07-17,19,0.316,0.323
2010-07-17,20,0.23,0.441
2010-07-17,21,0.135,0.444
2010-07-17,22,0.226,0.421
2010-07-17,23,0.219,0.292
2010-07-17,24,0.269,0.511
2010-07-18,1,0.432,0.733
2010-07-18,2,0.115,0.216
2010-07-18,3,0.12,0.249
2010-07-18,4,0.137,0.162
2010-07-18,5,0.162,0.189
2010-07-18,6,0.123,0.253
2010-07-18,7,0.156,0.376
2010-07-18,8,0.131,0.131
2010-07-18,9,0.187,0.208
2010-07-18,10,0.188,0.302
2010-07-18,11,0.175,0.425
2010-07-18,12,0.214,0.261
2010-07-18,13,0.257,0.309
2010-07-18,14,0.768,1.925
2010-07-18,15,0.157,0.167
2010-07-18,16,0.093,0.164
2010-07-18,17,1.121,2.503
2010-07-18,18,0.241,0.374
2010-07-18,19,0.26,0.313
2010-07-18,20,1.665,2.445
2010-07-18,21,0.254,0.406
2010-07-18,22,0.32,0.466
2010-07-18,23,0.415,2.611
2010-07-18,24,0.427,0.473
2010-07-19,1,0.118,0.37
2010-07-19,2,0.163,0.243
2010-07-19,3,0.092,0.108
2010-07-19,4,0.156,0.192
2010-07-19,5,0.167,0.22
2010-07-19,6,0.67,2.068
2010-07-19,7,0.288,0.322
2010-07-19,8,0.141,0.284
2010-07-19,9,0.162,0.347
2010-07-19,10,0.097,0.237
2010-07-19,11,0.093,0.266
2010-07-19,12,0.121,0.135
2010-07-19,13,0.107,0.236
2010-07-19,14,0.192,0.207
2010-07-19,15,0.101,0.38
2010-07-19,16,0.297,0.311
2010-07-19,17,0.246,0.271
2010-07-19,18,0.427,0.434
2010-07-19,19,0.428,1.647
2010-07-19,20,0.867,1.335
2010-07-19,21,1.029,1.608
2010-07-19,22,0.769,1.732
2010-07-19,23,0.406,0.627
2010-07-19,24,0.16,1.855
2010-07-20,1,0.153,0.207
2010-07-20,2,0.138,0.186
2010-07-20,3,0.118,0.147
2010-07-20,4,0.117,0.258
2010-07-20,5,0.094,0.166
2010-07-20,6,0.341,0.741
2010-07-20,7,0.216,0.352
2010-07-20,8,0.093,0.269
2010-07-20,9,0.263,0.416
2010-07-20,10,0.101,0.111
2010-07-20,11,0.172,0.239
2010-07-20,12,0.261,0.267
2010-07-20,13,0.088,0.158
2010-07-20,14,0.136,0.165
2010-07-20,15,0.216,0.217
2010-07-20,16,0.087,0.135
2010-07-20,17,0.351,0.569
2010-07-20,18,0.33,0.468
2010-07-20,19,0.204,0.241
2010-07-20,20,0.351,2.518
2010-07-20,21,0.983,2.13
2010-07-20,22,0.222,0.389
2010-07-20,23,0.411,0.588
2010-07-20,24,0.192,1.41
2010-07-21,1,0.171,0.184
2010-07-21,2,0.089,0.209
2010-07-21,3,0.092,0.149
2010-07-21,4,0.212,0.267
2010-07-21,5,0.097,0.161
2010-07-21,6,0.397,2.026
2010-07-21,7,0.128,0.466
2010-07-21,8,0.136,0.416
2010-07-21,9,0.235,0.266
2010-07-21,10,0.094,0.22
2010-07-21,11,0.12,0.134
2010-07-21,12,0.18,0.233
2010-07-21,13,0.132,0.186
2010-07-21,14,0.093,0.168
2010-07-21,15,0.155,0.195
2010-07-21,16,0.169,0.366
2010-07-21,17,0.257,0.368
2010-07-21,18,0.206,0.356
2010-07-21,19,0.798,1.465
2010-07-21,20,0.449,0.724
2010-07-21,21,0.492,0.693
2010-07-21,22,0.492,0.651
2010-07-21,23,0.571,0.577
2010-07-21,24,0.135,2.432
2010-07-22,1,0.1,0.16
2010-07-22,2,0.152,0.224
2010-07-22,3,0.156,0.219
2010-07-22,4,0.096,0.146
2010-07-22,5,0.185,0.197
2010-07-22,6,0.393,1.198
2010-07-22,7,0.15,0.273
2010-07-22,8,0.148,0.243
2010-07-22,9,0.434,0.951
2010-07-22,10,0.427,0.893
2010-07-22,11,0.282,0.414
2010-07-22,12,0.157,0.188
2010-07-22,13,0.168,1.228
2010-07-22,14,0.651,1.305
2010-07-22,15,0.941,1.232
2010-07-22,16,0.285,1.532
2010-07-22,17,0.427,2.526
2010-07-22,18,0.245,0.287
2010-07-22,19,0.241,0.278
2010-07-22,20,0.22,1.472
2010-07-22,21,0.402,1.246
2010-07-22,22,0.309,0.362
2010-07-22,23,0.297,0.311
2010-07-22,24,0.157,0.177
2010-07-23,1,0.097,0.121
2010-07-23,2,0.228,0.284
2010-07-23,3,0.112,0.115
2010-07-23,4,0.124,0.162
2010-07-23,5,0.284,0.609
2010-07-23,6,0.289,1.142
2010-07-23,7,0.3,0.307
2010-07-23,8,0.16,0.666
2010-07-23,9,0.246,0.687
2010-07-23,10,0.214,0.348
2010-07-23,11,0.093,0.124
2010-07-23,12,0.121,0.525
2010-07-23,13,0.237,0.288
2010-07-23,14,0.096,0.343
2010-07-23,15,0.251,0.363
2010-07-23,16,0.212,0.567
2010-07-23,17,0.23,0.266
2010-07-23,18,0.27,0.48
2010-07-23,19,0.348,0.429
2010-07-23,20,0.314,0.381
2010-07-23,21,0.374,1.186
2010-07-23,22,0.391,0.662
2010-07-23,23,0.192,0.27
2010-07-23,24,0.33,0.421
2010-07-24,1,0.335,0.493
2010-07-24,2,0.306,0.418
2010-07-24,3,0.144,0.248
2010-07-24,4,0.095,0.149
2010-07-24,5,0.18,0.187
2010-07-24,6,0.162,0.243
2010-07-24,7,0.124,0.278
2010-07-24,8,0.249,0.256
2010-07-24,9,0.139,1.029
2010-07-24,10,1.674,1.996
2010-07-24,11,0.203,0.733
2010-07-24,12,0.331,0.354
2010-07-24,13,0.275,0.45
2010-07-24,14,2.48,2.873
2010-07-24,15,0.292,0.496
2010-07-24,16,0.226,0.268
2010-07-24,17,0.273,0.518
2010-07-24,18,0.249,0.407
2010-07-24,19,0.396,0.542
2010-07-24,20,1.772,2.094
2010-07-24,21,1.018,2.18
2010-07-24,22,0.332,0.527
2010-07-24,23,0.37,0.454
2010-07-24,24,0.455,0.553
2010-07-25,1,0.113,0.212
2010-07-25,2,0.171,0.233
2010-07-25,3,0.114,0.243
2010-07-25,4,0.123,0.141
2010-07-25,5,0.11,0.231
2010-07-25,6,0.197,0.259
2010-07-25,7,0.185,0.29
2010-07-25,8,0.207,0.293
2010-07-25,9,0.225,0.532
2010-07-25,10,0.462,1.411
2010-07-25,11,1.382,3.711
2010-07-25,12,1.218,1.472
2010-07-25,13,1.158,1.992
2010-07-25,14,2.793,3.002
2010-07-25,15,0.545,0.816
2010-07-25,16,0.375,0.833
2010-07-25,17,0.436,0.458
2010-07-25,18,0.284,0.314
2010-07-25,19,0.335,0.49
2010-07-25,20,0.638,0.698
2010-07-25,21,0.487,0.916
2010-07-25,22,0.527,1.689
2010-07-25,23,0.46,0.853
2010-07-25,24,0.317,0.4
2010-07-26,1,0.178,0.286
2010-07-26,2,0.099,0.165
2010-07-26,3,0.095,0.172
2010-07-26,4,0.187,0.272
2010-07-26,5,0.094,0.186
2010-07-26,6,0.527,2.724
2010-07-26,7,0.154,0.377
2010-07-26,8,0.193,0.652
2010-07-26,9,0.628,1.092
2010-07-26,10,0.238,0.559
2010-07-26,11,0.163,1.932
2010-07-26,12,0.998,1.658
2010-07-26,13,2.015,2.194
2010-07-26,14,0.519,1.308
2010-07-26,15,0.28,0.29
2010-07-26,16,0.121,0.201
2010-07-26,17,0.347,0.366
2010-07-26,18,0.181,0.408
2010-07-26,19,0.267,0.267
2010-07-26,20,0.247,0.471
2010-07-26,21,0.234,0.352
2010-07-26,22,0.178,0.276
2010-07-26,23,0.423,0.569
2010-07-26,24,0.087,1.735
2010-07-27,1,0.088,0.171
2010-07-27,2,0.201,0.291
2010-07-27,3,0.089,0.157
2010-07-27,4,0.136,0.153
2010-07-27,5,0.215,0.271
2010-07-27,6,0.336,0.63
2010-07-27,7,0.207,0.31
2010-07-27,8,0.203,0.26
2010-07-27,9,0.341,1.184
2010-07-27,10,0.301,0.384
2010-07-27,11,0.101,0.123
2010-07-27,12,0.437,1.77
2010-07-27,13,1.597,2.126
2010-07-27,14,0.428,1.148
2010-07-27,15,0.186,0.478
2010-07-27,16,0.19,0.195
2010-07-27,17,0.37,0.681
2010-07-27,18,0.396,0.408
2010-07-27,19,0.374,0.459
2010-07-27,20,0.325,1.061
2010-07-27,21,0.765,2.05
2010-07-27,22,0.326,0.445
2010-07-27,23,0.334,2.445
2010-07-27,24,0.137,0.196
2010-07-28,1,0.119,0.161
2010-07-28,2,0.21,0.213
2010-07-28,3,0.096,0.187
2010-07-28,4,0.143,0.155
2010-07-28,5,0.123,0.262
2010-07-28,6,0.384,1.539
2010-07-28,7,0.205,0.394
2010-07-28,8,0.145,0.361
2010-07-28,9,0.708,1.148
2010-07-28,10,0.283,0.299
2010-07-28,11,1.09,1.362
2010-07-28,12,0.944,0.991
2010-07-28,13,1.017,2.396
2010-07-28,14,0.39,2.242
2010-07-28,15,0.173,0.19
2010-07-28,16,0.203,0.516
2010-07-28,17,0.204,0.474
2010-07-28,18,0.303,0.486
2010-07-28,19,0.285,0.348
2010-07-28,20,0.371,0.446
2010-07-28,21,0.345,0.392
2010-07-28,22,0.431,0.656
2010-07-28,23,0.657,0.788
2010-07-28,24,0.43,2.309
2010-07-29,1,0.183,0.237
2010-07-29,2,0.107,0.259
2010-07-29,3,0.094,0.155
2010-07-29,4,0.14,0.293
2010-07-29,5,0.095,0.188
2010-07-29,6,0.487,2.15
2010-07-29,7,0.208,0.445
2010-07-29,8,0.091,0.154
2010-07-29,9,0.658,1.656
2010-07-29,10,0.614,1.349
2010-07-29,11,0.701,1.004
2010-07-29,12,0.147,0.486
2010-07-29,13,0.321,2.25
2010-07-29,14,0.641,2.436
2010-07-29,15,0.212,0.455
2010-07-29,16,0.136,0.341
2010-07-29,17,0.284,0.674
2010-07-29,18,0.38,0.533
2010-07-29,19,0.399,0.544
2010-07-29,20,0.626,0.646
2010-07-29,21,0.348,0.406
2010-07-29,22,0.513,0.641
2010-07-29,23,0.484,0.546
2010-07-29,24,0.211,2.075
2010-07-30,1,0.176,0.29
2010-07-30,2,0.146,0.157
2010-07-30,3,0.1,0.189
2010-07-30,4,0.216,0.225
2010-07-30,5,0.095,0.139
2010-07-30,6,0.495,1.251
2010-07-30,7,0.113,0.375
2010-07-30,8,0.137,0.162
2010-07-30,9,0.804,1.41
2010-07-30,10,0.256,0.381
2010-07-30,11,0.093,0.098
2010-07-30,12,0.363,0.422
2010-07-30,13,0.195,0.356
2010-07-30,14,0.12,0.593
2010-07-30,15,0.231,0.366
2010-07-30,16,0.214,0.26
2010-07-30,17,0.203,0.376
2010-07-30,18,0.262,0.608
2010-07-30,19,0.329,0.482
2010-07-30,20,0.812,1.133
2010-07-30,21,1.475,1.785
2010-07-30,22,0.54,0.949
2010-07-30,23,0.433,0.648
2010-07-30,24,0.173,0.308
2010-07-31,1,0.173,0.231
2010-07-31,2,0.341,0.421
2010-07-31,3,0.185,0.186
2010-07-31,4,0.216,0.256
2010-07-31,5,0.277,0.29
2010-07-31,6,0.276,0.382
2010-07-31,7,0.358,0.387
2010-07-31,8,0.374,0.42
2010-07-31,9,0.78,1.057
2010-07-31,10,1.335,1.66
2010-07-31,11,0.242,1.75
2010-07-31,12,0.094,0.125
2010-07-31,13,0.108,0.246
2010-07-31,14,0.093,0.256
2010-07-31,15,0.093,0.139
2010-07-31,16,0.202,0.235
2010-07-31,17,0.166,0.544
2010-07-31,18,0.986,1.584
2010-07-31,19,1.193,1.247
2010-07-31,20,0.411,2.041
2010-07-31,21,0.179,0.298
2010-07-31,22,1.874,2.237
2010-07-31,23,0.462,0.516
2010-07-31,24,0.377,0.61
2010-08-01,1,0.318,0.34
2010-08-01,2,0.231,0.236
2010-08-01,3,0.354,0.429
2010-08-01,4,0.274,0.371
2010-08-01,5,0.097,0.208
2010-08-01,6,0.099,0.338
2010-08-01,7,0.109,0.425
2010-08-01,8,0.093,0.147
2010-08-01,9,0.257,0.506
2010-08-01,10,0.381,0.951
2010-08-01,11,1.669,1.868
2010-08-01,12,1.03,2.445
2010-08-01,13,1.576,2.47
2010-08-01,14,0.808,1.411
2010-08-01,15,0.246,0.403
2010-08-01,16,0.121,0.148
2010-08-01,17,0.231,0.35
2010-08-01,18,0.318,0.337
2010-08-01,19,0.435,0.491
2010-08-01,20,0.806,1.071
2010-08-01,21,0.367,0.573
2010-08-01,22,0.573,1.882
2010-08-01,23,1.034,1.82
2010-08-01,24,0.539,0.543
2010-08-02,1,0.588,0.614
2010-08-02,2,0.266,0.471
2010-08-02,3,0.147,0.171
2010-08-02,4,0.164,0.227
2010-08-02,5,0.124,0.139
2010-08-02,6,0.163,0.301
2010-08-02,7,0.16,0.39
2010-08-02,8,0.113,0.115
2010-08-02,9,0.132,0.26
2010-08-02,10,0.649,1.468
2010-08-02,11,0.836,2.071
2010-08-02,12,0.32,0.491
2010-08-02,13,0.094,0.182
2010-08-02,14,0.286,0.381
2010-08-02,15,0.313,0.674
2010-08-02,16,2.633,3.84
2010-08-02,17,0.344,1.196
2010-08-02,18,0.275,0.364
2010-08-02,19,0.275,1.029
2010-08-02,20,0.427,0.765
2010-08-02,21,0.213,0.478
2010-08-02,22,0.264,0.265
2010-08-02,23,0.44,0.501
2010-08-02,24,0.197,2.445
2010-08-03,1,0.093,0.232
2010-08-03,2,0.141,0.189
2010-08-03,3,0.114,0.177
2010-08-03,4,0.169,0.202
2010-08-03,5,0.166,0.544
2010-08-03,6,0.393,2.455
2010-08-03,7,0.206,0.372
2010-08-03,8,0.096,0.142
2010-08-03,9,1.462,1.535
2010-08-03,10,1.048,1.348
2010-08-03,11,0.093,0.422
2010-08-03,12,0.463,0.695
2010-08-03,13,0.44,0.543
2010-08-03,14,2.193,3.029
2010-08-03,15,0.213,0.232
2010-08-03,16,0.111,0.566
2010-08-03,17,0.255,0.26
2010-08-03,18,0.241,0.281
2010-08-03,19,0.424,0.547
2010-08-03,20,0.436,0.822
2010-08-03,21,0.332,0.543
2010-08-03,22,1.831,2.061
2010-08-03,23,0.482,0.614
2010-08-03,24,0.246,2.05
2010-08-04,1,0.128,0.133
2010-08-04,2,0.103,0.223
2010-08-04,3,0.166,0.202
2010-08-04,4,0.094,0.144
2010-08-04,5,0.147,0.288
2010-08-04,6,0.47,0.798
2010-08-04,7,0.116,0.299
2010-08-04,8,0.13,0.185
2010-08-04,9,0.245,1.624
2010-08-04,10,0.168,0.224
2010-08-04,11,1.174,2.236
2010-08-04,12,0.833,1.243
2010-08-04,13,1.236,2.603
2010-08-04,14,0.758,1.471
2010-08-04,15,0.186,0.497
2010-08-04,16,0.258,0.302
2010-08-04,17,0.357,0.487
2010-08-04,18,0.228,0.522
2010-08-04,19,0.362,0.724
2010-08-04,20,0.275,0.646
2010-08-04,21,0.175,0.38
2010-08-04,22,0.387,0.434
2010-08-04,23,0.301,0.558
2010-08-04,24,0.209,2.277
2010-08-05,1,0.244,0.271
2010-08-05,2,0.142,0.181
2010-08-05,3,0.194,0.229
2010-08-05,4,0.108,0.208
2010-08-05,5,0.124,0.135
2010-08-05,6,0.4,0.787
2010-08-05,7,0.276,1.036
2010-08-05,8,0.176,0.832
2010-08-05,9,0.612,0.8
2010-08-05,10,0.639,1.66
2010-08-05,11,0.126,0.194
2010-08-05,12,1.404,2.133
2010-08-05,13,0.566,2.316
2010-08-05,14,0.331,1.628
2010-08-05,15,0.148,0.426
2010-08-05,16,0.11,0.123
2010-08-05,17,0.257,0.439
2010-08-05,18,0.176,0.207
2010-08-05,19,0.275,0.414
2010-08-05,20,0.377,1.182
2010-08-05,21,0.618,0.639
2010-08-05,22,0.627,0.651
2010-08-05,23,0.966,1.02
2010-08-05,24,0.934,2.154
2010-08-06,1,0.156,0.164
2010-08-06,2,0.207,0.252
2010-08-06,3,0.124,0.184
2010-08-06,4,0.171,0.189
2010-08-06,5,0.25,0.37
2010-08-06,6,0.395,1.195
2010-08-06,7,0.236,0.302
2010-08-06,8,0.161,0.182
2010-08-06,9,0.28,0.859
2010-08-06,10,0.276,0.818
2010-08-06,11,0.25,0.517
2010-08-06,12,0.404,0.632
2010-08-06,13,1.431,2.065
2010-08-06,14,0.951,0.996
2010-08-06,15,0.535,3.082
2010-08-06,16,0.243,0.453
2010-08-06,17,0.154,0.244
2010-08-06,18,0.279,0.561
2010-08-06,19,0.367,1.425
2010-08-06,20,0.099,0.38
2010-08-06,21,0.324,0.333
2010-08-06,22,0.22,0.224
2010-08-06,23,0.308,0.508
2010-08-06,24,0.418,0.516
2010-08-07,1,0.1,0.142
2010-08-07,2,0.164,0.206
2010-08-07,3,0.124,0.289
2010-08-07,4,0.097,0.16
2010-08-07,5,0.102,0.235
2010-08-07,6,0.198,0.32
2010-08-07,7,0.197,0.361
2010-08-07,8,0.21,0.275
2010-08-07,9,0.149,0.154
2010-08-07,10,0.158,0.632
2010-08-07,11,2.737,2.808
2010-08-07,12,0.293,1.125
2010-08-07,13,0.096,0.154
2010-08-07,14,1.966,2.252
2010-08-07,15,1.304,1.378
2010-08-07,16,0.272,0.447
2010-08-07,17,0.228,0.263
2010-08-07,18,0.295,0.487
2010-08-07,19,0.379,0.546
2010-08-07,20,0.245,0.471
2010-08-07,21,0.095,0.911
2010-08-07,22,0.707,1.899
2010-08-07,23,0.424,0.493
2010-08-07,24,0.383,0.576
2010-08-08,1,0.274,0.324
2010-08-08,2,0.238,0.333
2010-08-08,3,0.318,0.385
2010-08-08,4,0.233,0.235
2010-08-08,5,0.315,0.317
2010-08-08,6,0.329,0.358
2010-08-08,7,0.343,0.504
2010-08-08,8,0.23,0.293
2010-08-08,9,0.688,0.865
2010-08-08,10,0.327,0.86
2010-08-08,11,0.329,0.499
2010-08-08,12,0.228,0.312
2010-08-08,13,0.267,0.273
2010-08-08,14,0.234,0.267
2010-08-08,15,0.181,0.289
2010-08-08,16,0.161,0.927
2010-08-08,17,0.42,0.804
2010-08-08,18,0.282,0.737
2010-08-08,19,0.294,1.969
2010-08-08,20,0.355,0.57
2010-08-08,21,0.321,0.494
2010-08-08,22,0.708,0.729
2010-08-08,23,0.455,0.598
2010-08-08,24,0.087,1.821
2010-08-09,1,0.125,0.253
2010-08-09,2,0.104,0.2
2010-08-09,3,0.145,0.195
2010-08-09,4,0.146,0.234
2010-08-09,5,0.093,0.161
2010-08-09,6,0.563,2.819
2010-08-09,7,0.143,0.402
2010-08-09,8,0.129,0.314
2010-08-09,9,0.38,1.543
2010-08-09,10,0.225,0.282
2010-08-09,11,0.092,0.178
2010-08-09,12,1.132,1.415
2010-08-09,13,1.0,1.798
2010-08-09,14,0.962,2.028
2010-08-09,15,0.323,0.858
2010-08-09,16,0.205,0.225
2010-08-09,17,0.448,0.522
2010-08-09,18,0.395,0.466
2010-08-09,19,0.222,0.407
2010-08-09,20,0.307,0.361
2010-08-09,21,0.661,2.062
2010-08-09,22,0.85,1.824
2010-08-09,23,0.626,0.868
2010-08-09,24,0.507,2.038
2010-08-10,1,0.144,0.176
2010-08-10,2,0.188,0.218
2010-08-10,3,0.126,0.191
2010-08-10,4,0.093,0.218
2010-08-10,5,0.123,0.209
2010-08-10,6,0.392,0.676
2010-08-10,7,0.196,0.324
2010-08-10,8,0.126,0.205
2010-08-10,9,0.329,0.823
2010-08-10,10,0.246,0.367
2010-08-10,11,0.991,1.414
2010-08-10,12,0.844,1.005
2010-08-10,13,0.93,0.932
2010-08-10,14,0.772,0.868
2010-08-10,15,1.096,1.751
2010-08-10,16,0.445,0.601
2010-08-10,17,0.192,0.217
2010-08-10,18,0.168,0.523
2010-08-10,19,0.302,0.436
2010-08-10,20,0.204,0.573
2010-08-10,21,0.23,0.337
2010-08-10,22,0.539,0.759
2010-08-10,23,0.5,1.532
2010-08-10,24,0.638,1.95
2010-08-11,1,0.211,0.292
2010-08-11,2,0.108,0.161
2010-08-11,3,0.094,0.121
2010-08-11,4,0.244,0.286
2010-08-11,5,0.094,0.104
2010-08-11,6,0.429,0.761
2010-08-11,7,0.227,0.365
2010-08-11,8,0.091,0.165
2010-08-11,9,0.856,2.526
2010-08-11,10,0.283,0.431
2010-08-11,11,0.108,0.113
2010-08-11,12,0.187,1.632
2010-08-11,13,1.03,1.958
2010-08-11,14,0.675,1.997
2010-08-11,15,0.18,0.466
2010-08-11,16,0.311,0.459
2010-08-11,17,0.207,0.263
2010-08-11,18,0.351,0.36
2010-08-11,19,0.325,0.546
2010-08-11,20,0.472,0.842
2010-08-11,21,0.38,0.637
2010-08-11,22,0.568,0.695
2010-08-11,23,0.669,0.688
2010-08-11,24,0.495,1.963
2010-08-12,1,0.1,0.281
2010-08-12,2,0.163,0.188
2010-08-12,3,0.093,0.11
2010-08-12,4,0.145,0.266
2010-08-12,5,0.163,0.173
2010-08-12,6,0.377,0.57
2010-08-12,7,0.354,0.459
2010-08-12,8,0.193,0.205
2010-08-12,9,0.447,1.38
2010-08-12,10,0.253,0.38
2010-08-12,11,0.122,0.131
2010-08-12,12,0.998,2.066
2010-08-12,13,1.272,2.168
2010-08-12,14,0.258,1.131
2010-08-12,15,0.32,0.601
2010-08-12,16,0.216,0.251
2010-08-12,17,0.18,0.275
2010-08-12,18,0.46,0.686
2010-08-12,19,0.417,0.639
2010-08-12,20,0.303,0.447
2010-08-12,21,0.508,0.677
2010-08-12,22,0.494,0.579
2010-08-12,23,0.457,0.808
2010-08-12,24,0.529,2.591
2010-08-13,1,0.111,0.148
2010-08-13,2,0.129,0.223
2010-08-13,3,0.186,0.228
2010-08-13,4,0.101,0.25
2010-08-13,5,0.202,0.25
2010-08-13,6,0.407,0.746
2010-08-13,7,0.118,0.353
2010-08-13,8,0.192,0.491
2010-08-13,9,0.334,1.884
2010-08-13,10,0.151,0.264
2010-08-13,11,0.185,0.2
2010-08-13,12,0.149,0.168
2010-08-13,13,0.103,0.146
2010-08-13,14,0.172,0.187
2010-08-13,15,0.319,0.595
2010-08-13,16,0.215,0.287
2010-08-13,17,0.281,1.813
2010-08-13,18,0.749,2.214
2010-08-13,19,0.514,2.084
2010-08-13,20,0.491,0.596
2010-08-13,21,0.357,0.383
2010-08-13,22,0.334,0.747
2010-08-13,23,0.519,0.585
2010-08-13,24,0.395,0.496
2010-08-14,1,0.136,0.211
2010-08-14,2,0.176,0.235
2010-08-14,3,0.106,0.142
2010-08-14,4,0.134,0.184
2010-08-14,5,0.163,0.223
2010-08-14,6,0.266,0.278
2010-08-14,7,0.209,0.378
2010-08-14,8,0.163,0.207
2010-08-14,9,0.512,0.895
2010-08-14,10,0.693,1.314
2010-08-14,11,1.466,1.952
2010-08-14,12,0.947,1.089
2010-08-14,13,0.249,0.268
2010-08-14,14,0.345,0.507
2010-08-14,15,0.852,1.415
2010-08-14,16,0.224,0.604
2010-08-14,17,0.232,0.279
2010-08-14,18,0.193,0.426
2010-08-14,19,0.378,0.629
2010-08-14,20,0.413,0.449
2010-08-14,21,0.375,0.426
2010-08-14,22,0.842,2.444
2010-08-14,23,0.717,0.85
2010-08-14,24,0.525,0.635
2010-08-15,1,0.278,0.57
2010-08-15,2,0.294,0.353
2010-08-15,3,0.162,0.192
2010-08-15,4,0.096,0.113
2010-08-15,5,0.147,0.234
2010-08-15,6,0.173,0.204
2010-08-15,7,0.149,0.344
2010-08-15,8,0.2,0.212
2010-08-15,9,0.21,0.719
2010-08-15,10,0.658,0.99
2010-08-15,11,1.056,3.004
2010-08-15,12,0.575,0.619
2010-08-15,13,0.643,0.684
2010-08-15,14,1.479,1.781
2010-08-15,15,0.682,1.191
2010-08-15,16,1.01,1.483
2010-08-15,17,0.219,0.655
2010-08-15,18,0.189,0.241
2010-08-15,19,0.35,0.631
2010-08-15,20,0.179,0.298
2010-08-15,21,0.099,0.19
2010-08-15,22,0.52,0.605
2010-08-15,23,0.412,3.732
2010-08-15,24,0.415,0.545
2010-08-16,1,0.195,0.208
2010-08-16,2,0.108,0.155
2010-08-16,3,0.105,0.144
2010-08-16,4,0.193,0.258
2010-08-16,5,0.123,0.131
2010-08-16,6,0.496,2.253
2010-08-16,7,0.156,0.364
2010-08-16,8,0.091,0.143
2010-08-16,9,0.658,0.969
2010-08-16,10,0.225,0.324
2010-08-16,11,0.106,0.236
2010-08-16,12,0.212,0.431
2010-08-16,13,0.2,2.45
2010-08-16,14,0.191,2.967
2010-08-16,15,0.235,0.807
2010-08-16,16,0.121,0.246
2010-08-16,17,0.199,0.232
2010-08-16,18,0.389,1.019
2010-08-16,19,0.336,0.531
2010-08-16,20,0.465,0.743
2010-08-16,21,0.59,0.668
2010-08-16,22,0.472,0.746
2010-08-16,23,0.695,2.194
2010-08-16,24,0.158,0.204
2010-08-17,1,0.098,0.125
2010-08-17,2,0.184,0.207
2010-08-17,3,0.179,0.222
2010-08-17,4,0.093,0.153
2010-08-17,5,0.162,0.191
2010-08-17,6,0.428,0.981
2010-08-17,7,0.327,0.826
2010-08-17,8,0.297,0.349
2010-08-17,9,0.296,1.108
2010-08-17,10,0.265,0.302
2010-08-17,11,0.207,0.307
2010-08-17,12,0.437,0.817
2010-08-17,13,0.409,1.658
2010-08-17,14,0.82,2.626
2010-08-17,15,0.24,0.485
2010-08-17,16,0.214,0.328
2010-08-17,17,0.302,0.459
2010-08-17,18,0.554,0.793
2010-08-17,19,0.471,0.603
2010-08-17,20,0.229,0.409
2010-08-17,21,0.485,0.507
2010-08-17,22,0.435,0.447
2010-08-17,23,0.522,2.36
2010-08-17,24,0.188,0.191
2010-08-18,1,0.17,0.272
2010-08-18,2,0.198,0.214
2010-08-18,3,0.202,0.233
2010-08-18,4,0.094,0.137
2010-08-18,5,0.168,0.191
2010-08-18,6,0.61,1.994
2010-08-18,7,0.169,0.274
2010-08-18,8,0.166,0.166
2010-08-18,9,0.898,1.9
2010-08-18,10,0.734,1.584
2010-08-18,11,0.284,0.609
2010-08-18,12,0.238,0.292
2010-08-18,13,0.305,2.51
2010-08-18,14,0.717,2.374
2010-08-18,15,0.201,0.386
2010-08-18,16,0.11,0.67
2010-08-18,17,0.263,0.284
2010-08-18,18,0.293,0.51
2010-08-18,19,0.249,0.304
2010-08-18,20,0.173,0.204
2010-08-18,21,0.412,0.472
2010-08-18,22,0.48,0.535
2010-08-18,23,0.772,0.794
2010-08-18,24,0.585,0.587
2010-08-19,1,0.112,1.508
2010-08-19,2,0.179,0.269
2010-08-19,3,0.17,0.207
2010-08-19,4,0.1,0.12
2010-08-19,5,0.228,0.281
2010-08-19,6,0.51,2.181
2010-08-19,7,0.194,0.367
2010-08-19,8,0.212,0.476
2010-08-19,9,0.46,0.758
2010-08-19,10,0.232,0.317
2010-08-19,11,0.187,0.188
2010-08-19,12,0.097,0.134
2010-08-19,13,1.358,2.601
2010-08-19,14,0.563,1.884
2010-08-19,15,0.1,0.116
2010-08-19,16,0.253,0.439
2010-08-19,17,0.161,0.184
2010-08-19,18,0.236,0.303
2010-08-19,19,1.002,1.29
2010-08-19,20,0.557,0.564
2010-08-19,21,0.298,1.244
2010-08-19,22,0.506,0.521
2010-08-19,23,0.427,0.646
2010-08-19,24,0.408,2.587
2010-08-20,1,0.13,0.172
2010-08-20,2,0.098,0.128
2010-08-20,3,0.201,0.229
2010-08-20,4,0.11,0.201
2010-08-20,5,0.095,0.153
2010-08-20,6,0.739,2.351
2010-08-20,7,0.21,1.026
2010-08-20,8,0.157,0.224
2010-08-20,9,0.422,1.054
2010-08-20,10,0.128,0.453
2010-08-20,11,0.174,0.257
2010-08-20,12,0.219,0.263
2010-08-20,13,0.11,0.166
2010-08-20,14,0.178,0.534
2010-08-20,15,0.385,1.102
2010-08-20,16,0.308,0.486
2010-08-20,17,0.296,0.302
2010-08-20,18,0.321,0.333
2010-08-20,19,0.521,0.66
2010-08-20,20,0.368,0.421
2010-08-20,21,0.489,1.062
2010-08-20,22,0.438,0.594
2010-08-20,23,0.446,0.58
2010-08-20,24,0.377,0.436
2010-08-21,1,0.263,0.478
2010-08-21,2,0.093,0.093
2010-08-21,3,0.195,0.222
2010-08-21,4,0.14,0.18
2010-08-21,5,0.159,0.191
2010-08-21,6,0.164,0.284
2010-08-21,7,0.113,0.357
2010-08-21,8,0.112,0.189
2010-08-21,9,0.34,0.757
2010-08-21,10,2.026,3.056
2010-08-21,11,0.26,0.496
2010-08-21,12,0.564,0.641
2010-08-21,13,0.234,0.733
2010-08-21,14,0.224,0.262
2010-08-21,15,0.098,0.183
2010-08-21,16,0.105,0.149
2010-08-21,17,0.524,1.375
2010-08-21,18,0.743,1.857
2010-08-21,19,0.413,1.891
2010-08-21,20,0.324,0.766
2010-08-21,21,0.265,0.751
2010-08-21,22,1.057,1.563
2010-08-21,23,0.79,3.207
2010-08-21,24,0.528,0.785
2010-08-22,1,0.47,0.5
2010-08-22,2,0.148,0.198
2010-08-22,3,0.094,0.11
2010-08-22,4,0.211,0.251
2010-08-22,5,0.104,0.127
2010-08-22,6,0.151,0.166
2010-08-22,7,0.283,0.379
2010-08-22,8,0.091,0.135
2010-08-22,9,0.127,0.237
2010-08-22,10,0.636,1.048
2010-08-22,11,1.75,1.759
2010-08-22,12,1.069,1.281
2010-08-22,13,0.458,0.757
2010-08-22,14,0.149,0.259
2010-08-22,15,0.192,0.283
2010-08-22,16,0.262,2.542
2010-08-22,17,0.207,0.272
2010-08-22,18,0.27,0.652
2010-08-22,19,0.567,4.046
2010-08-22,20,0.528,0.808
2010-08-22,21,0.386,1.081
2010-08-22,22,0.529,1.832
2010-08-22,23,0.62,1.137
2010-08-22,24,0.095,0.253
2010-08-23,1,0.137,0.149
2010-08-23,2,0.19,0.234
2010-08-23,3,0.128,0.167
2010-08-23,4,0.15,0.228
2010-08-23,5,0.218,0.291
2010-08-23,6,0.866,2.224
2010-08-23,7,0.159,0.278
2010-08-23,8,0.248,0.455
2010-08-23,9,0.566,0.897
2010-08-23,10,0.309,2.514
2010-08-23,11,0.188,0.479
2010-08-23,12,0.09,0.17
2010-08-23,13,0.732,2.322
2010-08-23,14,0.32,1.617
2010-08-23,15,0.203,0.444
2010-08-23,16,0.234,0.273
2010-08-23,17,0.09,0.167
2010-08-23,18,0.327,0.422
2010-08-23,19,0.331,0.44
2010-08-23,20,0.323,0.368
2010-08-23,21,0.519,1.598
2010-08-23,22,0.687,0.932
2010-08-23,23,0.658,0.715
2010-08-23,24,0.283,2.122
2010-08-24,1,0.097,0.149
2010-08-24,2,0.109,0.184
2010-08-24,3,0.172,0.234
2010-08-24,4,0.154,0.191
2010-08-24,5,0.168,0.19
2010-08-24,6,0.763,1.16
2010-08-24,7,0.11,0.321
2010-08-24,8,0.126,0.15
2010-08-24,9,0.293,1.055
2010-08-24,10,0.238,0.273
2010-08-24,11,0.09,0.172
2010-08-24,12,0.204,0.212
2010-08-24,13,0.506,2.242
2010-08-24,14,0.469,1.916
2010-08-24,15,0.271,0.473
2010-08-24,16,0.206,0.354
2010-08-24,17,0.207,0.273
2010-08-24,18,0.672,0.786
2010-08-24,19,0.29,0.76
2010-08-24,20,0.37,0.576
2010-08-24,21,0.475,0.736
2010-08-24,22,0.699,0.812
2010-08-24,23,0.746,2.828
2010-08-24,24,0.222,1.022
2010-08-25,1,0.093,0.11
2010-08-25,2,0.154,0.259
2010-08-25,3,0.094,0.178
2010-08-25,4,0.131,0.132
2010-08-25,5,0.103,0.203
2010-08-25,6,0.305,0.777
2010-08-25,7,0.151,0.295
2010-08-25,8,0.1,0.198
2010-08-25,9,0.564,0.859
2010-08-25,10,0.091,0.2
2010-08-25,11,0.378,0.437
2010-08-25,12,1.519,2.741
2010-08-25,13,0.705,1.862
2010-08-25,14,0.464,1.205
2010-08-25,15,0.21,0.606
2010-08-25,16,0.208,0.381
2010-08-25,17,0.435,0.496
2010-08-25,18,0.534,1.087
2010-08-25,19,0.481,0.718
2010-08-25,20,0.394,0.441
2010-08-25,21,0.277,0.364
2010-08-25,22,0.614,0.936
2010-08-25,23,0.618,0.707
2010-08-25,24,0.166,1.948
2010-08-26,1,0.091,0.138
2010-08-26,2,0.195,0.342
2010-08-26,3,0.147,0.19
2010-08-26,4,0.141,0.189
2010-08-26,5,0.13,0.232
2010-08-26,6,0.159,0.163
2010-08-26,7,0.36,0.507
2010-08-26,8,0.324,0.906
2010-08-26,9,0.643,1.576
2010-08-26,10,0.602,1.463
2010-08-26,11,0.404,0.523
2010-08-26,12,0.128,0.153
2010-08-26,13,0.16,0.454
2010-08-26,14,0.176,0.356
2010-08-26,15,0.09,0.108
2010-08-26,16,0.151,0.23
2010-08-26,17,0.694,1.338
2010-08-26,18,0.943,2.188
2010-08-26,19,0.586,0.8
2010-08-26,20,0.349,0.549
2010-08-26,21,0.43,0.45
2010-08-26,22,0.612,0.613
2010-08-26,23,0.595,0.938
2010-08-26,24,0.114,0.335
2010-08-27,1,0.19,0.194
2010-08-27,2,0.117,0.218
2010-08-27,3,0.092,0.14
2010-08-27,4,0.208,0.213
2010-08-27,5,0.139,0.146
2010-08-27,6,0.116,0.179
2010-08-27,7,0.208,0.402
2010-08-27,8,0.521,2.046
2010-08-27,9,0.363,1.219
2010-08-27,10,0.135,0.323
2010-08-27,11,0.09,0.165
2010-08-27,12,0.121,0.245
2010-08-27,13,0.158,0.182
2010-08-27,14,0.091,0.092
2010-08-27,15,0.169,0.278
2010-08-27,16,0.278,0.601
2010-08-27,17,0.31,0.32
2010-08-27,18,0.304,0.832
2010-08-27,19,0.509,0.521
2010-08-27,20,0.317,0.983
2010-08-27,21,0.703,0.885
2010-08-27,22,0.813,0.827
2010-08-27,23,0.979,1.134
2010-08-27,24,0.745,0.771
2010-08-28,1,0.122,0.484
2010-08-28,2,0.12,0.15
2010-08-28,3,0.268,0.34
2010-08-28,4,0.188,0.203
2010-08-28,5,0.118,0.132
2010-08-28,6,0.28,0.296
2010-08-28,7,0.136,0.375
2010-08-28,8,0.12,0.173
2010-08-28,9,1.829,2.475
2010-08-28,10,1.456,1.804
2010-08-28,11,0.583,1.217
2010-08-28,12,0.327,0.485
2010-08-28,13,0.187,0.358
2010-08-28,14,0.187,0.187
2010-08-28,15,0.185,0.201
2010-08-28,16,1.228,2.039
2010-08-28,17,0.547,1.385
2010-08-28,18,0.263,0.274
2010-08-28,19,0.253,0.491
2010-08-28,20,0.425,0.603
2010-08-28,21,0.519,0.736
2010-08-28,22,0.725,1.012
2010-08-28,23,0.994,2.692
2010-08-28,24,0.833,2.242
2010-08-29,1,1.0,1.26
2010-08-29,2,0.774,0.879
2010-08-29,3,0.096,0.162
2010-08-29,4,0.151,0.257
2010-08-29,5,0.122,0.187
2010-08-29,6,0.15,0.266
2010-08-29,7,0.308,0.381
2010-08-29,8,0.188,0.266
2010-08-29,9,0.608,0.868
2010-08-29,10,0.446,0.771
2010-08-29,11,0.18,4.085
2010-08-29,12,0.83,0.888
2010-08-29,13,0.936,1.718
2010-08-29,14,0.205,1.415
2010-08-29,15,0.285,0.566
2010-08-29,16,0.251,0.282
2010-08-29,17,0.178,0.223
2010-08-29,18,0.245,0.342
2010-08-29,19,0.291,0.722
2010-08-29,20,0.302,0.389
2010-08-29,21,0.672,2.051
2010-08-29,22,0.575,0.76
2010-08-29,23,0.715,2.129
2010-08-29,24,0.614,2.197
2010-08-30,1,0.116,0.161
2010-08-30,2,0.264,0.286
2010-08-30,3,0.189,0.189
2010-08-30,4,0.189,0.229
2010-08-30,5,0.187,0.453
2010-08-30,6,0.366,3.102
2010-08-30,7,0.242,0.348
2010-08-30,8,0.148,0.548
2010-08-30,9,0.428,0.71
2010-08-30,10,0.353,1.108
2010-08-30,11,0.229,0.426
2010-08-30,12,1.149,1.176
2010-08-30,13,1.051,1.875
2010-08-30,14,0.773,0.911
2010-08-30,15,0.194,0.542
2010-08-30,16,0.22,0.259
2010-08-30,17,0.099,0.187
2010-08-30,18,0.455,0.808
2010-08-30,19,0.365,0.6
2010-08-30,20,0.352,0.396
2010-08-30,21,0.319,0.808
2010-08-30,22,0.832,1.044
2010-08-30,23,0.623,0.72
2010-08-30,24,0.554,1.608
2010-08-31,1,0.094,0.158
2010-08-31,2,0.16,0.27
2010-08-31,3,0.093,0.138
2010-08-31,4,0.124,0.124
2010-08-31,5,0.214,0.219
2010-08-31,6,0.401,2.446
2010-08-31,7,0.247,0.28
2010-08-31,8,0.193,0.313
2010-08-31,9,0.201,0.963
2010-08-31,10,0.28,0.334
2010-08-31,11,0.114,0.396
2010-08-31,12,0.124,0.179
2010-08-31,13,0.185,1.602
2010-08-31,14,1.575,2.664
2010-08-31,15,0.183,0.266
2010-08-31,16,0.091,0.179
2010-08-31,17,0.094,0.16
2010-08-31,18,0.272,0.586
2010-08-31,19,0.349,0.358
2010-08-31,20,0.303,1.507
2010-08-31,21,0.582,1.77
2010-08-31,22,0.631,0.784
2010-08-31,23,0.676,0.961
2010-08-31,24,0.873,2.773
2010-09-01,1,0.093,0.103
2010-09-01,2,0.109,0.164
2010-09-01,3,0.19,0.259
2010-09-01,4,0.188,0.189
2010-09-01,5,0.173,0.188
2010-09-01,6,0.189,0.29
2010-09-01,7,0.295,2.043
2010-09-01,8,0.09,0.51
2010-09-01,9,0.574,0.805
2010-09-01,10,0.199,0.253
2010-09-01,11,0.091,0.143
2010-09-01,12,0.145,0.28
2010-09-01,13,0.55,2.425
2010-09-01,14,0.692,2.044
2010-09-01,15,0.136,0.484
2010-09-01,16,0.09,0.154
2010-09-01,17,0.092,1.211
2010-09-01,18,0.62,0.759
2010-09-01,19,0.334,0.511
2010-09-01,20,0.4,0.543
2010-09-01,21,0.448,0.561
2010-09-01,22,0.409,0.429
2010-09-01,23,0.501,0.852
2010-09-01,24,0.593,0.786
2010-09-02,1,0.148,3.599
2010-09-02,2,0.173,0.211
2010-09-02,3,0.195,0.223
2010-09-02,4,0.178,0.192
2010-09-02,5,0.196,0.203
2010-09-02,6,0.102,0.265
2010-09-02,7,1.057,1.184
2010-09-02,8,0.35,0.507
2010-09-02,9,0.296,0.856
2010-09-02,10,0.254,0.292
2010-09-02,11,0.112,0.48
2010-09-02,12,0.126,0.203
2010-09-02,13,0.443,3.058
2010-09-02,14,0.578,1.809
2010-09-02,15,0.298,0.304
2010-09-02,16,0.521,1.29
2010-09-02,17,0.314,0.397
2010-09-02,18,0.619,0.623
2010-09-02,19,0.388,0.432
2010-09-02,20,0.259,0.376
2010-09-02,21,0.293,0.338
2010-09-02,22,0.68,1.02
2010-09-02,23,0.63,0.674
2010-09-02,24,0.426,1.87
2010-09-03,1,0.087,0.092
2010-09-03,2,0.203,0.256
2010-09-03,3,0.148,0.168
2010-09-03,4,0.094,0.133
2010-09-03,5,0.211,0.253
2010-09-03,6,0.12,0.226
2010-09-03,7,0.319,1.839
2010-09-03,8,0.241,1.105
2010-09-03,9,0.208,0.384
2010-09-03,10,0.188,0.264
2010-09-03,11,0.11,0.194
2010-09-03,12,0.116,0.16
2010-09-03,13,0.187,0.187
2010-09-03,14,0.143,0.187
2010-09-03,15,0.087,0.384
2010-09-03,16,0.341,0.384
2010-09-03,17,0.204,0.311
2010-09-03,18,0.25,0.836
2010-09-03,19,0.298,0.51
2010-09-03,20,0.435,1.78
2010-09-03,21,0.456,0.677
2010-09-03,22,0.511,0.626
2010-09-03,23,1.229,1.416
2010-09-03,24,0.884,1.141
2010-09-04,1,0.666,0.74
2010-09-04,2,0.269,0.535
2010-09-04,3,0.099,0.293
2010-09-04,4,0.12,0.143
2010-09-04,5,0.149,0.2
2010-09-04,6,0.209,0.252
2010-09-04,7,0.116,0.27
2010-09-04,8,0.22,0.283
2010-09-04,9,0.6,1.699
2010-09-04,10,0.561,2.169
2010-09-04,11,2.675,3.554
2010-09-04,12,0.474,1.038
2010-09-04,13,0.337,0.483
2010-09-04,14,0.297,0.314
2010-09-04,15,0.299,2.613
2010-09-04,16,0.533,1.842
2010-09-04,17,0.344,0.696
2010-09-04,18,0.177,0.191
2010-09-04,19,0.25,0.852
2010-09-04,20,0.61,1.7
2010-09-04,21,1.471,4.047
2010-09-04,22,0.8,1.233
2010-09-04,23,0.664,0.814
2010-09-04,24,0.445,0.627
2010-09-05,1,0.496,0.566
2010-09-05,2,0.243,0.443
2010-09-05,3,0.093,0.093
2010-09-05,4,0.235,0.27
2010-09-05,5,0.117,0.157
2010-09-05,6,0.166,0.168
2010-09-05,7,0.255,0.417
2010-09-05,8,0.148,0.156
2010-09-05,9,0.112,0.37
2010-09-05,10,0.274,1.206
2010-09-05,11,0.258,3.308
2010-09-05,12,0.112,2.351
2010-09-05,13,1.074,1.675
2010-09-05,14,0.708,2.178
2010-09-05,15,0.859,1.793
2010-09-05,16,0.226,0.306
2010-09-05,17,0.331,0.339
2010-09-05,18,0.216,0.33
2010-09-05,19,0.403,0.576
2010-09-05,20,0.532,0.621
2010-09-05,21,0.447,0.721
2010-09-05,22,0.784,0.934
2010-09-05,23,0.52,1.198
2010-09-05,24,0.293,2.969
2010-09-06,1,0.091,0.177
2010-09-06,2,0.115,0.292
2010-09-06,3,0.152,0.192
2010-09-06,4,0.094,0.16
2010-09-06,5,0.162,0.253
2010-09-06,6,0.184,0.247
2010-09-06,7,0.242,1.279
2010-09-06,8,0.201,0.371
2010-09-06,9,0.504,0.979
2010-09-06,10,0.198,0.207
2010-09-06,11,0.183,0.256
2010-09-06,12,0.55,0.586
2010-09-06,13,1.524,2.363
2010-09-06,14,0.751,2.061
2010-09-06,15,0.106,0.449
2010-09-06,16,0.114,0.188
2010-09-06,17,0.354,0.51
2010-09-06,18,0.415,1.097
2010-09-06,19,0.58,0.684
2010-09-06,20,0.699,0.772
2010-09-06,21,0.797,0.981
2010-09-06,22,0.816,1.069
2010-09-06,23,0.72,0.858
2010-09-06,24,0.225,0.315
2010-09-07,1,0.265,0.3
2010-09-07,2,0.256,0.355
2010-09-07,3,0.245,0.32
2010-09-07,4,0.475,0.796
2010-09-07,5,0.173,0.197
2010-09-07,6,0.201,0.235
2010-09-07,7,0.129,0.327
2010-09-07,8,0.156,0.229
2010-09-07,9,0.23,0.307
2010-09-07,10,0.383,1.863
2010-09-07,11,0.528,1.582
2010-09-07,12,0.093,0.172
2010-09-07,13,0.405,1.712
2010-09-07,14,0.2,0.504
2010-09-07,15,0.182,0.379
2010-09-07,16,0.116,0.184
2010-09-07,17,0.135,0.287
2010-09-07,18,0.115,0.644
2010-09-07,19,0.247,0.509
2010-09-07,20,0.093,0.42
2010-09-07,21,0.139,0.147
2010-09-07,22,0.209,0.284
2010-09-07,23,0.137,0.176
2010-09-07,24,0.093,0.133
2010-09-08,1,0.162,0.285
2010-09-08,2,0.118,0.176
2010-09-08,3,0.093,0.16
2010-09-08,4,0.168,0.255
2010-09-08,5,0.161,0.168
2010-09-08,6,0.092,0.164
2010-09-08,7,0.309,0.36
2010-09-08,8,0.131,0.273
2010-09-08,9,0.154,0.18
2010-09-08,10,0.171,0.185
2010-09-08,11,0.235,0.327
2010-09-08,12,0.091,0.151
2010-09-08,13,0.437,0.728
2010-09-08,14,0.205,0.545
2010-09-08,15,0.354,1.541
2010-09-08,16,0.669,0.855
2010-09-08,17,0.191,0.255
2010-09-08,18,0.091,0.161
2010-09-08,19,0.167,0.943
2010-09-08,20,0.23,0.489
2010-09-08,21,0.096,0.165
2010-09-08,22,0.12,0.177
2010-09-08,23,0.192,0.192
2010-09-08,24,0.095,0.166
2010-09-09,1,0.156,0.196
2010-09-09,2,0.121,0.18
2010-09-09,3,0.105,0.196
2010-09-09,4,0.155,0.208
2010-09-09,5,0.161,0.172
2010-09-09,6,0.152,0.23
2010-09-09,7,0.263,0.269
2010-09-09,8,0.091,0.185
2010-09-09,9,0.144,0.19
2010-09-09,10,0.109,0.219
2010-09-09,11,0.092,0.219
2010-09-09,12,0.092,0.185
2010-09-09,13,0.229,0.278
2010-09-09,14,0.109,0.25
2010-09-09,15,0.157,0.608
2010-09-09,16,0.173,0.23
2010-09-09,17,0.108,0.117
2010-09-09,18,0.14,0.316
2010-09-09,19,0.373,0.397
2010-09-09,20,0.12,0.227
2010-09-09,21,0.089,0.184
2010-09-09,22,0.193,0.223
2010-09-09,23,0.113,0.144
2010-09-09,24,0.098,0.16
2010-09-10,1,0.184,0.228
2010-09-10,2,0.112,0.182
2010-09-10,3,0.126,0.13
2010-09-10,4,0.182,0.193
2010-09-10,5,0.127,0.189
2010-09-10,6,0.102,0.218
2010-09-10,7,0.191,0.338
2010-09-10,8,0.172,0.193
2010-09-10,9,0.091,0.134
2010-09-10,10,0.164,0.183
2010-09-10,11,0.156,0.193
2010-09-10,12,0.09,0.152
2010-09-10,13,0.121,0.183
2010-09-10,14,0.226,0.273
2010-09-10,15,0.142,0.191
2010-09-10,16,0.095,0.212
2010-09-10,17,0.214,0.233
2010-09-10,18,0.262,0.35
2010-09-10,19,0.297,0.552
2010-09-10,20,0.207,0.454
2010-09-10,21,0.203,0.353
2010-09-10,22,0.262,0.856
2010-09-10,23,0.591,0.892
2010-09-10,24,0.185,0.303
2010-09-11,1,0.113,0.189
2010-09-11,2,0.22,0.277
2010-09-11,3,0.112,0.191
2010-09-11,4,0.129,0.257
2010-09-11,5,0.117,0.203
2010-09-11,6,0.2,0.242
2010-09-11,7,0.216,0.298
2010-09-11,8,0.203,0.283
2010-09-11,9,0.11,0.142
2010-09-11,10,0.526,0.925
2010-09-11,11,1.176,1.908
2010-09-11,12,0.499,1.108
2010-09-11,13,0.405,0.407
2010-09-11,14,0.855,0.966
2010-09-11,15,0.1,0.409
2010-09-11,16,0.202,0.232
2010-09-11,17,0.117,0.318
2010-09-11,18,0.259,0.273
2010-09-11,19,0.198,0.26
2010-09-11,20,0.199,0.303
2010-09-11,21,0.576,0.737
2010-09-11,22,0.417,0.569
2010-09-11,23,0.335,0.438
2010-09-11,24,0.464,0.612
2010-09-12,1,0.227,0.231
2010-09-12,2,0.208,0.426
2010-09-12,3,0.2,0.246
2010-09-12,4,0.104,0.246
2010-09-12,5,0.104,0.156
2010-09-12,6,0.17,0.376
2010-09-12,7,0.145,0.368
2010-09-12,8,0.104,0.156
2010-09-12,9,0.168,0.238
2010-09-12,10,0.108,0.228
2010-09-12,11,0.103,0.14
2010-09-12,12,0.215,0.242
2010-09-12,13,0.137,0.184
2010-09-12,14,0.101,0.148
2010-09-12,15,0.178,0.294
2010-09-12,16,0.104,0.165
2010-09-12,17,0.104,0.178
2010-09-12,18,0.157,0.268
2010-09-12,19,0.201,0.269
2010-09-12,20,0.157,0.213
2010-09-12,21,0.229,0.258
2010-09-12,22,0.122,0.142
2010-09-12,23,0.103,0.134
2010-09-12,24,0.208,0.292
2010-09-13,1,0.115,0.196
2010-09-13,2,0.115,0.164
2010-09-13,3,0.194,0.202
2010-09-13,4,0.126,0.202
2010-09-13,5,0.104,0.143
2010-09-13,6,0.242,0.364
2010-09-13,7,0.126,0.436
2010-09-13,8,0.145,0.195
2010-09-13,9,0.17,0.272
2010-09-13,10,0.1,0.174
2010-09-13,11,0.1,0.173
2010-09-13,12,0.162,0.259
2010-09-13,13,0.138,0.153
2010-09-13,14,0.101,0.134
2010-09-13,15,0.249,0.268
2010-09-13,16,0.106,0.122
2010-09-13,17,0.101,0.164
2010-09-13,18,0.144,0.279
2010-09-13,19,0.17,0.256
2010-09-13,20,0.193,0.233
2010-09-13,21,0.195,0.217
2010-09-13,22,0.144,0.17
2010-09-13,23,0.101,0.101
2010-09-13,24,0.21,0.289
2010-09-14,1,0.101,0.167
2010-09-14,2,0.115,0.157
2010-09-14,3,0.121,0.248
2010-09-14,4,0.102,0.231
2010-09-14,5,0.102,0.176
2010-09-14,6,0.208,0.298
2010-09-14,7,0.182,0.338
2010-09-14,8,0.1,0.108
2010-09-14,9,0.155,0.26
2010-09-14,10,0.155,0.176
2010-09-14,11,0.1,0.192
2010-09-14,12,0.111,0.251
2010-09-14,13,0.182,0.235
2010-09-14,14,0.197,0.199
2010-09-14,15,0.166,0.183
2010-09-14,16,0.144,0.212
2010-09-14,17,0.102,0.133
2010-09-14,18,0.192,0.255
2010-09-14,19,0.189,0.267
2010-09-14,20,0.1,0.273
2010-09-14,21,0.16,0.444
2010-09-14,22,0.702,1.99
2010-09-14,23,0.759,1.405
2010-09-14,24,0.644,0.808
2010-09-15,1,0.184,0.241
2010-09-15,2,0.225,0.271
2010-09-15,3,0.28,0.338
2010-09-15,4,0.201,0.252
2010-09-15,5,0.181,0.226
2010-09-15,6,0.589,0.989
2010-09-15,7,0.287,0.406
2010-09-15,8,0.221,0.257
2010-09-15,9,0.261,0.261
2010-09-15,10,0.164,0.216
2010-09-15,11,0.446,1.294
2010-09-15,12,0.199,0.439
2010-09-15,13,0.177,0.5
2010-09-15,14,0.268,0.313
2010-09-15,15,0.307,0.822
2010-09-15,16,0.248,0.398
2010-09-15,17,0.342,0.432
2010-09-15,18,0.531,1.54
2010-09-15,19,0.707,1.631
2010-09-15,20,0.715,3.537
2010-09-15,21,0.865,1.828
2010-09-15,22,0.588,0.661
2010-09-15,23,0.703,0.926
2010-09-15,24,0.24,1.47
2010-09-16,1,0.165,0.178
2010-09-16,2,0.226,0.292
2010-09-16,3,0.177,0.218
2010-09-16,4,0.206,0.212
2010-09-16,5,0.22,0.228
2010-09-16,6,0.431,0.736
2010-09-16,7,0.198,0.323
2010-09-16,8,0.247,0.385
2010-09-16,9,0.111,0.141
2010-09-16,10,0.157,0.163
2010-09-16,11,0.163,0.199
2010-09-16,12,0.115,0.144
2010-09-16,13,0.092,0.209
2010-09-16,14,0.174,0.274
2010-09-16,15,0.092,0.447
2010-09-16,16,0.291,0.91
2010-09-16,17,0.814,1.026
2010-09-16,18,1.621,1.923
2010-09-16,19,0.556,0.69
2010-09-16,20,0.279,0.431
2010-09-16,21,0.453,0.776
2010-09-16,22,0.601,0.617
2010-09-16,23,0.576,0.672
2010-09-16,24,0.24,1.982
2010-09-17,1,0.11,0.251
2010-09-17,2,0.104,0.192
2010-09-17,3,0.114,0.245
2010-09-17,4,0.094,0.184
2010-09-17,5,0.114,0.149
2010-09-17,6,0.589,1.888
2010-09-17,7,0.211,0.339
2010-09-17,8,0.125,0.196
2010-09-17,9,0.247,0.253
2010-09-17,10,0.103,0.175
2010-09-17,11,0.15,0.184
2010-09-17,12,0.123,0.267
2010-09-17,13,0.102,0.165
2010-09-17,14,0.159,0.176
2010-09-17,15,0.4,0.442
2010-09-17,16,0.212,0.337
2010-09-17,17,0.23,0.262
2010-09-17,18,0.302,0.375
2010-09-17,19,0.343,0.409
2010-09-17,20,0.847,1.02
2010-09-17,21,2.013,2.559
2010-09-17,22,0.561,0.611
2010-09-17,23,0.514,0.66
2010-09-17,24,0.419,0.611
2010-09-18,1,0.13,0.437
2010-09-18,2,0.097,0.145
2010-09-18,3,0.134,0.326
2010-09-18,4,0.11,0.192
2010-09-18,5,0.135,0.204
2010-09-18,6,0.235,0.316
2010-09-18,7,0.134,0.419
2010-09-18,8,0.093,0.168
2010-09-18,9,0.19,0.218
2010-09-18,10,1.242,1.696
2010-09-18,11,1.222,1.911
2010-09-18,12,0.168,0.267
2010-09-18,13,0.398,1.671
2010-09-18,14,0.39,2.125
2010-09-18,15,0.33,0.805
2010-09-18,16,0.764,2.317
2010-09-18,17,0.305,0.327
2010-09-18,18,0.202,0.296
2010-09-18,19,0.231,0.469
2010-09-18,20,0.453,0.807
2010-09-18,21,0.752,1.007
2010-09-18,22,0.745,3.817
2010-09-18,23,1.054,1.13
2010-09-18,24,0.79,0.809
2010-09-19,1,0.596,0.694
2010-09-19,2,0.682,1.03
2010-09-19,3,0.092,0.122
2010-09-19,4,0.129,0.137
2010-09-19,5,0.205,0.269
2010-09-19,6,0.093,0.238
2010-09-19,7,0.112,0.291
2010-09-19,8,0.233,0.238
2010-09-19,9,0.252,0.486
2010-09-19,10,0.184,0.662
2010-09-19,11,0.216,0.775
2010-09-19,12,1.125,1.27
2010-09-19,13,1.111,1.568
2010-09-19,14,0.303,1.751
2010-09-19,15,0.291,0.484
2010-09-19,16,0.359,0.54
2010-09-19,17,0.4,0.446
2010-09-19,18,0.292,0.344
2010-09-19,19,0.536,0.611
2010-09-19,20,1.062,1.322
2010-09-19,21,1.086,2.571
2010-09-19,22,1.308,2.323
2010-09-19,23,0.816,0.85
2010-09-19,24,0.715,2.285
2010-09-20,1,0.3,2.061
2010-09-20,2,0.224,0.224
2010-09-20,3,0.144,0.155
2010-09-20,4,0.214,0.297
2010-09-20,5,0.113,0.221
2010-09-20,6,0.124,0.245
2010-09-20,7,0.412,1.664
2010-09-20,8,0.13,0.622
2010-09-20,9,0.203,0.606
2010-09-20,10,0.245,0.359
2010-09-20,11,0.093,0.113
2010-09-20,12,0.115,0.187
2010-09-20,13,0.429,1.329
2010-09-20,14,0.355,1.492
2010-09-20,15,0.223,0.619
2010-09-20,16,0.16,0.426
2010-09-20,17,0.219,0.416
2010-09-20,18,0.628,1.442
2010-09-20,19,0.367,0.553
2010-09-20,20,0.481,0.612
2010-09-20,21,0.57,0.914
2010-09-20,22,0.52,0.531
2010-09-20,23,0.755,0.758
2010-09-20,24,0.184,2.459
2010-09-21,1,0.155,0.183
2010-09-21,2,0.129,0.264
2010-09-21,3,0.185,0.273
2010-09-21,4,0.141,0.144
2010-09-21,5,0.248,0.274
2010-09-21,6,0.176,0.204
2010-09-21,7,0.331,1.377
2010-09-21,8,0.186,0.677
2010-09-21,9,0.293,0.603
2010-09-21,10,0.212,0.366
2010-09-21,11,0.092,0.201
2010-09-21,12,0.156,0.413
2010-09-21,13,0.187,0.21
2010-09-21,14,0.157,0.496
2010-09-21,15,0.642,0.829
2010-09-21,16,1.813,2.401
2010-09-21,17,0.214,0.495
2010-09-21,18,0.194,0.469
2010-09-21,19,0.428,0.592
2010-09-21,20,0.331,1.171
2010-09-21,21,0.738,1.061
2010-09-21,22,1.117,1.496
2010-09-21,23,0.638,0.68
2010-09-21,24,0.287,2.893
2010-09-22,1,0.262,0.335
2010-09-22,2,0.183,0.251
2010-09-22,3,0.262,0.271
2010-09-22,4,0.211,0.217
2010-09-22,5,0.157,0.157
2010-09-22,6,0.179,0.367
2010-09-22,7,0.853,2.595
2010-09-22,8,0.23,1.082
2010-09-22,9,0.506,1.089
2010-09-22,10,0.166,0.241
2010-09-22,11,0.209,0.68
2010-09-22,12,0.169,0.217
2010-09-22,13,0.191,2.363
2010-09-22,14,0.724,1.89
2010-09-22,15,0.248,0.253
2010-09-22,16,0.108,0.43
2010-09-22,17,0.105,0.231
2010-09-22,18,0.442,0.784
2010-09-22,19,0.537,0.736
2010-09-22,20,0.503,0.605
2010-09-22,21,0.523,0.775
2010-09-22,22,0.543,0.636
2010-09-22,23,0.713,1.077
2010-09-22,24,0.506,0.689
2010-09-23,1,0.188,1.517
2010-09-23,2,0.199,0.217
2010-09-23,3,0.193,0.234
2010-09-23,4,0.132,0.169
2010-09-23,5,0.201,0.278
2010-09-23,6,0.348,1.381
2010-09-23,7,0.284,0.344
2010-09-23,8,0.25,0.838
2010-09-23,9,0.202,0.463
2010-09-23,10,0.307,0.314
2010-09-23,11,0.142,0.153
2010-09-23,12,0.137,0.188
2010-09-23,13,0.188,0.191
2010-09-23,14,0.092,0.16
2010-09-23,15,0.407,0.466
2010-09-23,16,0.251,0.506
2010-09-23,17,0.199,0.627
2010-09-23,18,0.282,0.396
2010-09-23,19,0.481,0.516
2010-09-23,20,0.7,1.102
2010-09-23,21,1.716,2.326
2010-09-23,22,2.395,2.722
2010-09-23,23,0.661,1.156
2010-09-23,24,0.338,3.285
2010-09-24,1,0.217,0.292
2010-09-24,2,0.188,0.253
2010-09-24,3,0.348,0.351
2010-09-24,4,0.191,0.268
2010-09-24,5,0.187,0.203
2010-09-24,6,0.659,1.314
2010-09-24,7,0.241,0.484
2010-09-24,8,0.223,0.801
2010-09-24,9,0.408,0.762
2010-09-24,10,0.122,0.224
2010-09-24,11,0.091,0.113
2010-09-24,12,0.208,0.255
2010-09-24,13,0.09,0.091
2010-09-24,14,0.14,0.283
2010-09-24,15,0.322,0.459
2010-09-24,16,0.316,0.576
2010-09-24,17,0.553,1.986
2010-09-24,18,0.275,1.776
2010-09-24,19,0.418,0.506
2010-09-24,20,0.453,0.484
2010-09-24,21,0.424,0.747
2010-09-24,22,0.357,1.386
2010-09-24,23,0.55,0.858
2010-09-24,24,0.43,0.507
2010-09-25,1,0.523,0.696
2010-09-25,2,0.318,0.427
2010-09-25,3,0.137,0.18
2010-09-25,4,0.275,0.287
2010-09-25,5,0.116,0.267
2010-09-25,6,0.129,0.248
2010-09-25,7,0.293,0.32
2010-09-25,8,0.168,0.229
2010-09-25,9,0.102,1.545
2010-09-25,10,0.264,1.81
2010-09-25,11,0.301,1.364
2010-09-25,12,0.2,0.346
2010-09-25,13,0.217,0.292
2010-09-25,14,0.378,1.124
2010-09-25,15,0.099,0.4
2010-09-25,16,0.271,0.287
2010-09-25,17,0.268,0.338
2010-09-25,18,0.35,0.556
2010-09-25,19,0.862,1.013
2010-09-25,20,0.825,0.929
2010-09-25,21,0.783,0.819
2010-09-25,22,0.821,1.249
2010-09-25,23,0.841,0.93
2010-09-25,24,0.823,0.866
2010-09-26,1,0.496,0.71
2010-09-26,2,0.378,0.553
2010-09-26,3,0.17,0.278
2010-09-26,4,0.095,0.141
2010-09-26,5,0.117,0.16
2010-09-26,6,0.189,0.241
2010-09-26,7,0.273,0.369
2010-09-26,8,0.113,0.223
2010-09-26,9,0.188,0.247
2010-09-26,10,0.298,0.922
2010-09-26,11,0.296,1.088
2010-09-26,12,1.443,3.682
2010-09-26,13,1.302,1.437
2010-09-26,14,0.659,1.091
2010-09-26,15,0.171,1.594
2010-09-26,16,0.365,1.612
2010-09-26,17,0.488,0.493
2010-09-26,18,0.18,0.619
2010-09-26,19,0.415,1.504
2010-09-26,20,0.802,0.947
2010-09-26,21,1.011,1.217
2010-09-26,22,1.087,1.165
2010-09-26,23,0.765,0.982
2010-09-26,24,0.719,0.764
2010-09-27,1,0.227,0.301
2010-09-27,2,0.092,0.119
2010-09-27,3,0.128,0.218
2010-09-27,4,0.092,0.239
2010-09-27,5,0.104,0.154
2010-09-27,6,0.423,2.207
2010-09-27,7,0.168,0.36
2010-09-27,8,0.103,0.325
2010-09-27,9,0.619,1.988
2010-09-27,10,0.148,0.338
2010-09-27,11,0.09,0.374
2010-09-27,12,0.221,0.248
2010-09-27,13,0.26,2.181
2010-09-27,14,0.852,2.376
2010-09-27,15,0.17,0.371
2010-09-27,16,0.226,0.287
2010-09-27,17,0.455,0.584
2010-09-27,18,0.308,0.723
2010-09-27,19,0.303,0.46
2010-09-27,20,0.543,0.981
2010-09-27,21,0.643,0.804
2010-09-27,22,0.912,1.029
2010-09-27,23,0.75,0.783
2010-09-27,24,1.161,2.208
2010-09-28,1,0.19,0.2
2010-09-28,2,0.148,0.204
2010-09-28,3,0.193,0.305
2010-09-28,4,0.177,0.21
2010-09-28,5,0.22,0.224
2010-09-28,6,0.531,1.702
2010-09-28,7,0.236,0.48
2010-09-28,8,0.274,0.781
2010-09-28,9,0.366,0.97
2010-09-28,10,0.32,0.358
2010-09-28,11,0.27,0.423
2010-09-28,12,0.257,0.307
2010-09-28,13,0.169,0.231
2010-09-28,14,0.352,1.276
2010-09-28,15,1.552,3.027
2010-09-28,16,0.348,0.691
2010-09-28,17,0.37,0.382
2010-09-28,18,0.712,0.775
2010-09-28,19,0.343,0.582
2010-09-28,20,0.487,0.682
2010-09-28,21,1.067,2.011
2010-09-28,22,0.949,1.157
2010-09-28,23,0.818,2.953
2010-09-28,24,0.144,0.216
2010-09-29,1,0.107,0.184
2010-09-29,2,0.096,0.167
2010-09-29,3,0.129,0.214
2010-09-29,4,0.12,0.173
2010-09-29,5,0.092,0.155
2010-09-29,6,0.315,2.962
2010-09-29,7,0.193,0.281
2010-09-29,8,0.194,0.747
2010-09-29,9,0.486,1.148
2010-09-29,10,0.305,0.443
2010-09-29,11,1.934,1.94
2010-09-29,12,0.658,2.281
2010-09-29,13,1.409,1.621
2010-09-29,14,0.575,1.567
2010-09-29,15,0.336,0.522
2010-09-29,16,0.253,0.257
2010-09-29,17,0.211,0.265
2010-09-29,18,0.59,0.655
2010-09-29,19,0.478,0.694
2010-09-29,20,0.76,1.815
2010-09-29,21,1.158,2.387
2010-09-29,22,0.852,2.066
2010-09-29,23,0.454,0.744
2010-09-29,24,0.686,1.978
2010-09-30,1,0.169,0.216
2010-09-30,2,0.185,0.215
2010-09-30,3,0.091,0.23
2010-09-30,4,0.107,0.145
2010-09-30,5,0.206,0.208
2010-09-30,6,0.146,0.247
2010-09-30,7,0.259,0.267
2010-09-30,8,0.435,0.918
2010-09-30,9,0.315,1.902
2010-09-30,10,0.211,0.319
2010-09-30,11,0.227,1.115
2010-09-30,12,0.091,0.16
2010-09-30,13,0.095,0.111
2010-09-30,14,0.268,0.405
2010-09-30,15,0.479,1.441
2010-09-30,16,0.13,0.178
2010-09-30,17,0.187,0.31
2010-09-30,18,0.585,1.069
2010-09-30,19,0.497,0.72
2010-09-30,20,0.61,0.62
2010-09-30,21,0.569,0.577
2010-09-30,22,0.792,1.002
2010-09-30,23,0.615,0.784
2010-09-30,24,0.184,2.77
2010-10-01,1,0.327,0.373
2010-10-01,2,0.271,0.325
2010-10-01,3,0.19,0.216
2010-10-01,4,0.273,0.292
2010-10-01,5,0.187,0.313
2010-10-01,6,0.233,0.273
2010-10-01,7,0.371,2.438
2010-10-01,8,0.223,0.409
2010-10-01,9,0.263,1.02
2010-10-01,10,0.212,0.262
2010-10-01,11,0.099,0.107
2010-10-01,12,0.142,0.151
2010-10-01,13,0.197,0.198
2010-10-01,14,0.138,0.143
2010-10-01,15,0.214,0.283
2010-10-01,16,0.261,0.487
2010-10-01,17,0.147,0.31
2010-10-01,18,0.261,0.426
2010-10-01,19,0.204,0.429
2010-10-01,20,0.422,0.462
2010-10-01,21,0.723,1.651
2010-10-01,22,0.8,3.318
2010-10-01,23,0.516,0.587
2010-10-01,24,0.492,0.562
2010-10-02,1,0.187,0.39
2010-10-02,2,0.19,0.316
2010-10-02,3,0.228,0.33
2010-10-02,4,0.16,0.171
2010-10-02,5,0.163,0.305
2010-10-02,6,0.359,0.384
2010-10-02,7,0.2,0.322
2010-10-02,8,0.096,0.103
2010-10-02,9,0.163,0.258
2010-10-02,10,0.243,1.102
2010-10-02,11,1.614,1.835
2010-10-02,12,0.376,1.32
2010-10-02,13,0.155,0.187
2010-10-02,14,0.351,0.361
2010-10-02,15,0.248,0.271
2010-10-02,16,0.212,2.454
2010-10-02,17,1.269,2.374
2010-10-02,18,0.327,0.413
2010-10-02,19,0.302,0.464
2010-10-02,20,0.597,1.014
2010-10-02,21,1.4,1.999
2010-10-02,22,0.885,1.436
2010-10-02,23,0.555,0.909
2010-10-02,24,0.278,0.343
2010-10-03,1,0.281,0.34
2010-10-03,2,0.345,0.368
2010-10-03,3,0.326,0.45
2010-10-03,4,0.189,0.298
2010-10-03,5,0.124,0.245
2010-10-03,6,0.135,0.266
2010-10-03,7,0.206,0.327
2010-10-03,8,0.104,0.226
2010-10-03,9,0.09,0.16
2010-10-03,10,0.317,0.833
2010-10-03,11,1.18,2.27
2010-10-03,12,0.847,0.857
2010-10-03,13,1.813,3.398
2010-10-03,14,0.883,1.802
2010-10-03,15,0.185,0.233
2010-10-03,16,0.3,0.556
2010-10-03,17,0.123,0.167
2010-10-03,18,0.099,0.285
2010-10-03,19,0.4,0.544
2010-10-03,20,0.601,1.232
2010-10-03,21,0.782,0.792
2010-10-03,22,0.756,0.773
2010-10-03,23,0.346,0.734
2010-10-03,24,0.336,1.914
2010-10-04,1,0.203,0.261
2010-10-04,2,0.2,0.228
2010-10-04,3,0.203,0.299
2010-10-04,4,0.176,0.191
2010-10-04,5,0.247,0.616
2010-10-04,6,0.585,1.62
2010-10-04,7,0.309,0.351
2010-10-04,8,0.256,0.489
2010-10-04,9,0.464,2.091
2010-10-04,10,0.262,0.425
2010-10-04,11,0.172,0.265
2010-10-04,12,0.261,0.318
2010-10-04,13,0.24,1.061
2010-10-04,14,1.925,2.002
2010-10-04,15,0.686,1.127
2010-10-04,16,0.243,0.551
2010-10-04,17,0.201,0.243
2010-10-04,18,0.662,0.827
2010-10-04,19,0.557,0.712
2010-10-04,20,0.624,0.858
2010-10-04,21,1.028,1.562
2010-10-04,22,0.55,0.722
2010-10-04,23,0.525,0.814
2010-10-04,24,0.201,2.676
2010-10-05,1,0.152,0.208
2010-10-05,2,0.092,0.12
2010-10-05,3,0.138,0.197
2010-10-05,4,0.129,0.196
2010-10-05,5,0.136,0.154
2010-10-05,6,0.82,2.908
2010-10-05,7,0.236,0.39
2010-10-05,8,0.155,0.244
2010-10-05,9,0.386,1.805
2010-10-05,10,0.274,0.389
2010-10-05,11,0.099,0.101
2010-10-05,12,0.151,0.531
2010-10-05,13,0.242,0.753
2010-10-05,14,1.285,1.938
2010-10-05,15,0.565,1.709
2010-10-05,16,0.283,0.284
2010-10-05,17,0.22,0.27
2010-10-05,18,0.572,0.843
2010-10-05,19,0.729,0.733
2010-10-05,20,0.661,2.305
2010-10-05,21,0.722,2.02
2010-10-05,22,0.838,0.933
2010-10-05,23,0.692,0.704
2010-10-05,24,0.158,0.279
2010-10-06,1,0.132,0.332
2010-10-06,2,0.162,0.228
2010-10-06,3,0.131,0.164
2010-10-06,4,0.091,0.243
2010-10-06,5,0.091,0.184
2010-10-06,6,0.156,0.217
2010-10-06,7,0.382,2.545
2010-10-06,8,0.28,0.823
2010-10-06,9,0.681,1.239
2010-10-06,10,0.412,0.474
2010-10-06,11,0.779,0.958
2010-10-06,12,0.287,0.291
2010-10-06,13,0.18,2.748
2010-10-06,14,1.366,2.871
2010-10-06,15,0.185,0.315
2010-10-06,16,0.259,0.578
2010-10-06,17,0.125,0.151
2010-10-06,18,0.206,0.611
2010-10-06,19,0.54,0.669
2010-10-06,20,0.524,0.636
2010-10-06,21,0.48,0.863
2010-10-06,22,0.795,0.867
2010-10-06,23,0.544,0.647
2010-10-06,24,0.097,2.465
2010-10-07,1,0.184,0.217
2010-10-07,2,0.109,0.174
2010-10-07,3,0.092,0.116
2010-10-07,4,0.173,0.187
2010-10-07,5,0.149,0.149
2010-10-07,6,0.229,1.821
2010-10-07,7,0.291,1.219
2010-10-07,8,0.318,0.476
2010-10-07,9,0.266,1.205
2010-10-07,10,0.192,0.223
2010-10-07,11,0.152,0.183
2010-10-07,12,0.09,0.111
2010-10-07,13,0.182,0.229
2010-10-07,14,0.094,0.29
2010-10-07,15,0.091,0.473
2010-10-07,16,0.155,0.51
2010-10-07,17,0.184,0.76
2010-10-07,18,0.091,0.129
2010-10-07,19,0.284,0.572
2010-10-07,20,0.58,0.895
2010-10-07,21,1.212,1.223
2010-10-07,22,0.623,0.705
2010-10-07,23,0.685,1.068
2010-10-07,24,0.609,2.44
2010-10-08,1,0.203,0.214
2010-10-08,2,0.114,0.148
2010-10-08,3,0.109,0.16
2010-10-08,4,0.122,0.213
2010-10-08,5,0.154,0.234
2010-10-08,6,0.251,1.847
2010-10-08,7,0.212,0.382
2010-10-08,8,0.217,0.269
2010-10-08,9,0.464,1.193
2010-10-08,10,0.133,0.246
2010-10-08,11,0.159,0.174
2010-10-08,12,0.106,0.115
2010-10-08,13,0.282,0.563
2010-10-08,14,0.319,0.366
2010-10-08,15,0.304,0.328
2010-10-08,16,0.325,0.643
2010-10-08,17,0.197,0.253
2010-10-08,18,0.226,0.522
2010-10-08,19,0.487,0.534
2010-10-08,20,0.55,0.762
2010-10-08,21,0.973,1.483
2010-10-08,22,1.073,1.239
2010-10-08,23,0.989,1.022
2010-10-08,24,0.764,1.4
2010-10-09,1,0.093,0.357
2010-10-09,2,0.092,0.165
2010-10-09,3,0.137,0.269
2010-10-09,4,0.093,0.157
2010-10-09,5,0.14,0.158
2010-10-09,6,0.194,0.277
2010-10-09,7,0.127,0.362
2010-10-09,8,0.091,0.137
2010-10-09,9,0.216,0.219
2010-10-09,10,0.152,0.557
2010-10-09,11,1.574,2.777
2010-10-09,12,0.532,1.119
2010-10-09,13,0.498,0.77
2010-10-09,14,0.138,0.553
2010-10-09,15,0.394,1.296
2010-10-09,16,0.674,0.869
2010-10-09,17,0.351,0.577
2010-10-09,18,0.313,0.539
2010-10-09,19,0.485,0.837
2010-10-09,20,0.277,0.285
2010-10-09,21,1.026,1.479
2010-10-09,22,0.944,1.299
2010-10-09,23,1.376,1.431
2010-10-09,24,0.243,0.964
2010-10-10,1,0.141,0.273
2010-10-10,2,0.122,0.221
2010-10-10,3,0.216,0.355
2010-10-10,4,0.188,0.211
2010-10-10,5,0.113,0.224
2010-10-10,6,0.146,0.309
2010-10-10,7,0.229,0.287
2010-10-10,8,0.12,0.174
2010-10-10,9,0.092,0.143
2010-10-10,10,0.879,1.169
2010-10-10,11,0.368,3.684
2010-10-10,12,1.012,1.046
2010-10-10,13,1.886,1.951
2010-10-10,14,0.271,1.02
2010-10-10,15,0.173,0.21
2010-10-10,16,0.45,0.451
2010-10-10,17,0.257,0.374
2010-10-10,18,0.256,0.276
2010-10-10,19,0.332,0.618
2010-10-10,20,0.653,0.848
2010-10-10,21,0.769,1.048
2010-10-10,22,0.472,0.475
2010-10-10,23,0.326,0.496
2010-10-10,24,0.189,2.497
2010-10-11,1,0.152,0.194
2010-10-11,2,0.095,0.098
2010-10-11,3,0.192,0.24
2010-10-11,4,0.106,0.185
2010-10-11,5,0.122,0.192
2010-10-11,6,0.177,0.718
2010-10-11,7,0.217,1.077
2010-10-11,8,0.189,0.2
2010-10-11,9,0.506,0.824
2010-10-11,10,0.24,0.255
2010-10-11,11,0.115,0.298
2010-10-11,12,0.204,0.211
2010-10-11,13,0.85,1.859
2010-10-11,14,1.015,2.467
2010-10-11,15,0.166,0.454
2010-10-11,16,0.092,0.547
2010-10-11,17,0.223,0.243
2010-10-11,18,0.844,0.856
2010-10-11,19,0.233,0.246
2010-10-11,20,0.257,0.846
2010-10-11,21,0.59,0.866
2010-10-11,22,0.529,2.632
2010-10-11,23,0.771,0.819
2010-10-11,24,0.112,0.224
2010-10-12,1,0.142,0.337
2010-10-12,2,0.187,0.192
2010-10-12,3,0.135,0.17
2010-10-12,4,0.174,0.191
2010-10-12,5,0.223,0.254
2010-10-12,6,0.432,1.721
2010-10-12,7,0.224,0.248
2010-10-12,8,0.132,0.22
2010-10-12,9,0.204,1.037
2010-10-12,10,0.223,0.368
2010-10-12,11,0.094,0.236
2010-10-12,12,1.233,1.426
2010-10-12,13,1.423,2.313
2010-10-12,14,0.967,2.53
2010-10-12,15,0.094,0.183
2010-10-12,16,0.221,0.493
2010-10-12,17,0.204,0.223
2010-10-12,18,0.241,0.588
2010-10-12,19,0.507,0.607
2010-10-12,20,0.407,0.717
2010-10-12,21,0.912,1.724
2010-10-12,22,0.748,0.803
2010-10-12,23,0.68,0.866
2010-10-12,24,0.195,2.447
2010-10-13,1,0.182,0.2
2010-10-13,2,0.095,0.107
2010-10-13,3,0.157,0.233
2010-10-13,4,0.122,0.263
2010-10-13,5,0.127,0.143
2010-10-13,6,0.415,2.167
2010-10-13,7,0.259,0.328
2010-10-13,8,0.156,0.366
2010-10-13,9,1.141,1.208
2010-10-13,10,1.139,1.222
2010-10-13,11,0.746,1.029
2010-10-13,12,0.45,0.888
2010-10-13,13,0.884,1.554
2010-10-13,14,0.325,0.716
2010-10-13,15,0.204,0.534
2010-10-13,16,0.155,0.155
2010-10-13,17,0.103,0.321
2010-10-13,18,0.47,0.741
2010-10-13,19,0.61,0.689
2010-10-13,20,0.652,0.794
2010-10-13,21,0.745,1.001
2010-10-13,22,0.795,1.108
2010-10-13,23,0.515,0.524
2010-10-13,24,0.242,2.97
2010-10-14,1,0.093,0.179
2010-10-14,2,0.118,0.134
2010-10-14,3,0.103,0.257
2010-10-14,4,0.094,0.244
2010-10-14,5,0.104,0.147
2010-10-14,6,0.322,1.812
2010-10-14,7,0.241,0.398
2010-10-14,8,0.536,0.796
2010-10-14,9,0.65,0.911
2010-10-14,10,0.208,0.26
2010-10-14,11,0.092,0.133
2010-10-14,12,0.136,0.172
2010-10-14,13,0.173,0.344
2010-10-14,14,0.178,0.186
2010-10-14,15,0.098,0.648
2010-10-14,16,0.272,0.406
2010-10-14,17,0.176,0.216
2010-10-14,18,0.523,1.525
2010-10-14,19,0.632,1.201
2010-10-14,20,0.492,0.648
2010-10-14,21,0.725,0.727
2010-10-14,22,0.477,0.507
2010-10-14,23,0.607,0.771
2010-10-14,24,0.095,3.192
2010-10-15,1,0.109,0.185
2010-10-15,2,0.175,0.248
2010-10-15,3,0.094,0.165
2010-10-15,4,0.095,0.095
2010-10-15,5,0.168,0.223
2010-10-15,6,0.2,1.713
2010-10-15,7,0.227,0.345
2010-10-15,8,0.232,0.461
2010-10-15,9,0.416,0.958
2010-10-15,10,0.111,0.198
2010-10-15,11,0.153,0.163
2010-10-15,12,0.173,0.212
2010-10-15,13,0.101,0.156
2010-10-15,14,0.123,0.194
2010-10-15,15,0.283,0.323
2010-10-15,16,0.265,0.435
2010-10-15,17,0.178,0.233
2010-10-15,18,0.281,0.362
2010-10-15,19,0.556,0.758
2010-10-15,20,1.746,2.324
2010-10-15,21,0.913,0.944
2010-10-15,22,0.768,0.789
2010-10-15,23,0.461,0.509
2010-10-15,24,0.255,0.718
2010-10-16,1,0.147,0.148
2010-10-16,2,0.104,0.173
2010-10-16,3,0.094,0.245
2010-10-16,4,0.099,0.191
2010-10-16,5,0.16,0.189
2010-10-16,6,0.194,0.225
2010-10-16,7,0.254,0.308
2010-10-16,8,0.152,0.162
2010-10-16,9,0.391,1.204
2010-10-16,10,1.235,3.395
2010-10-16,11,2.475,2.559
2010-10-16,12,0.259,0.901
2010-10-16,13,0.093,0.164
2010-10-16,14,0.154,0.19
2010-10-16,15,0.164,0.24
2010-10-16,16,0.103,0.158
2010-10-16,17,0.094,0.146
2010-10-16,18,0.198,0.488
2010-10-16,19,0.448,0.5
2010-10-16,20,0.21,0.31
2010-10-16,21,0.985,1.091
2010-10-16,22,0.569,0.723
2010-10-16,23,0.638,1.029
2010-10-16,24,0.705,0.801
2010-10-17,1,0.432,0.475
2010-10-17,2,0.094,0.157
2010-10-17,3,0.147,0.279
2010-10-17,4,0.1,0.131
2010-10-17,5,0.11,0.152
2010-10-17,6,0.095,0.266
2010-10-17,7,0.253,0.438
2010-10-17,8,0.094,0.163
2010-10-17,9,0.093,0.141
2010-10-17,10,0.532,2.548
2010-10-17,11,1.37,1.82
2010-10-17,12,0.842,1.47
2010-10-17,13,1.487,1.717
2010-10-17,14,0.364,0.385
2010-10-17,15,0.201,0.287
2010-10-17,16,0.287,0.45
2010-10-17,17,0.206,0.224
2010-10-17,18,0.245,0.516
2010-10-17,19,0.557,1.193
2010-10-17,20,0.903,0.981
2010-10-17,21,0.831,0.84
2010-10-17,22,0.821,0.836
2010-10-17,23,0.534,0.599
2010-10-17,24,0.165,0.174
2010-10-18,1,0.123,0.259
2010-10-18,2,0.096,0.164
2010-10-18,3,0.096,0.169
2010-10-18,4,0.192,0.325
2010-10-18,5,0.189,1.647
2010-10-18,6,0.36,0.674
2010-10-18,7,0.334,0.484
2010-10-18,8,0.192,0.64
2010-10-18,9,0.332,0.719
2010-10-18,10,0.254,0.268
2010-10-18,11,0.199,0.202
2010-10-18,12,0.308,0.885
2010-10-18,13,0.367,1.377
2010-10-18,14,0.405,1.22
2010-10-18,15,0.434,0.542
2010-10-18,16,0.275,0.774
2010-10-18,17,0.283,0.379
2010-10-18,18,0.85,1.093
2010-10-18,19,0.795,0.814
2010-10-18,20,0.631,0.828
2010-10-18,21,0.541,0.684
2010-10-18,22,0.606,1.148
2010-10-18,23,0.769,2.623
2010-10-18,24,0.152,0.276
2010-10-19,1,0.185,0.197
2010-10-19,2,0.192,0.253
2010-10-19,3,0.208,0.265
2010-10-19,4,0.155,0.156
2010-10-19,5,0.173,0.231
2010-10-19,6,0.369,2.342
2010-10-19,7,0.275,0.339
2010-10-19,8,0.222,0.637
2010-10-19,9,0.754,0.956
2010-10-19,10,0.882,1.651
2010-10-19,11,0.22,1.381
2010-10-19,12,0.102,1.591
2010-10-19,13,1.677,1.927
2010-10-19,14,0.565,0.667
2010-10-19,15,0.194,0.427
2010-10-19,16,0.138,0.267
2010-10-19,17,0.193,0.193
2010-10-19,18,0.54,0.722
2010-10-19,19,0.755,0.864
2010-10-19,20,0.708,0.94
2010-10-19,21,0.747,0.766
2010-10-19,22,0.711,1.018
2010-10-19,23,0.654,0.802
2010-10-19,24,0.102,2.984
2010-10-20,1,0.109,0.252
2010-10-20,2,0.092,0.148
2010-10-20,3,0.142,0.163
2010-10-20,4,0.093,0.201
2010-10-20,5,0.161,0.215
2010-10-20,6,0.233,2.265
2010-10-20,7,0.284,0.406
2010-10-20,8,0.203,0.702
2010-10-20,9,0.503,1.339
2010-10-20,10,0.405,0.485
2010-10-20,11,0.315,0.352
2010-10-20,12,0.16,0.184
2010-10-20,13,0.438,1.958
2010-10-20,14,0.676,1.461
2010-10-20,15,0.386,0.747
2010-10-20,16,0.301,0.457
2010-10-20,17,0.168,0.251
2010-10-20,18,0.465,0.615
2010-10-20,19,0.596,0.782
2010-10-20,20,0.683,0.704
2010-10-20,21,0.63,0.652
2010-10-20,22,1.119,1.215
2010-10-20,23,0.306,0.604
2010-10-20,24,0.484,2.369
2010-10-21,1,0.154,0.27
2010-10-21,2,0.129,0.233
2010-10-21,3,0.093,0.094
2010-10-21,4,0.19,0.243
2010-10-21,5,0.152,0.165
2010-10-21,6,0.263,1.828
2010-10-21,7,0.389,0.432
2010-10-21,8,0.393,0.433
2010-10-21,9,0.506,0.773
2010-10-21,10,0.145,0.187
2010-10-21,11,0.11,0.201
2010-10-21,12,0.092,0.167
2010-10-21,13,0.116,0.279
2010-10-21,14,0.093,0.182
2010-10-21,15,0.325,0.562
2010-10-21,16,0.285,0.611
2010-10-21,17,0.186,0.314
2010-10-21,18,0.92,1.076
2010-10-21,19,0.542,0.828
2010-10-21,20,0.725,0.762
2010-10-21,21,0.725,0.738
2010-10-21,22,0.58,1.158
2010-10-21,23,0.882,1.162
2010-10-21,24,0.747,2.735
2010-10-22,1,0.148,0.227
2010-10-22,2,0.126,0.14
2010-10-22,3,0.111,0.187
2010-10-22,4,0.126,0.262
2010-10-22,5,0.101,0.123
2010-10-22,6,0.274,2.009
2010-10-22,7,0.289,0.336
2010-10-22,8,0.177,0.258
2010-10-22,9,0.3,1.288
2010-10-22,10,0.215,0.232
2010-10-22,11,0.089,0.16
2010-10-22,12,0.097,0.174
2010-10-22,13,0.11,0.157
2010-10-22,14,0.201,0.447
2010-10-22,15,0.459,1.501
2010-10-22,16,0.487,0.618
2010-10-22,17,0.273,0.383
2010-10-22,18,0.285,0.873
2010-10-22,19,0.691,0.728
2010-10-22,20,0.438,0.504
2010-10-22,21,0.503,0.738
2010-10-22,22,0.561,2.317
2010-10-22,23,0.787,1.996
2010-10-22,24,0.518,0.582
2010-10-23,1,0.173,0.178
2010-10-23,2,0.17,0.197
2010-10-23,3,0.099,0.164
2010-10-23,4,0.093,0.142
2010-10-23,5,0.167,0.212
2010-10-23,6,0.143,0.171
2010-10-23,7,0.234,0.336
2010-10-23,8,0.123,0.226
2010-10-23,9,0.17,0.763
2010-10-23,10,0.34,1.0
2010-10-23,11,2.017,2.748
2010-10-23,12,0.269,1.372
2010-10-23,13,0.823,1.548
2010-10-23,14,0.267,0.742
2010-10-23,15,0.293,0.681
2010-10-23,16,0.388,0.508
2010-10-23,17,0.217,1.122
2010-10-23,18,0.394,0.617
2010-10-23,19,0.714,0.76
2010-10-23,20,0.655,1.251
2010-10-23,21,1.236,1.378
2010-10-23,22,0.969,1.016
2010-10-23,23,0.614,0.681
2010-10-23,24,0.711,0.856
2010-10-24,1,0.604,0.704
2010-10-24,2,0.684,0.734
2010-10-24,3,0.238,0.556
2010-10-24,4,0.135,0.17
2010-10-24,5,0.094,0.17
2010-10-24,6,0.093,0.266
2010-10-24,7,0.283,0.384
2010-10-24,8,0.113,0.144
2010-10-24,9,0.153,0.277
2010-10-24,10,0.479,1.116
2010-10-24,11,0.282,2.68
2010-10-24,12,1.057,2.395
2010-10-24,13,1.771,2.165
2010-10-24,14,0.472,1.627
2010-10-24,15,0.19,0.253
2010-10-24,16,0.188,0.206
2010-10-24,17,0.442,0.479
2010-10-24,18,0.298,0.321
2010-10-24,19,0.599,0.623
2010-10-24,20,0.868,1.66
2010-10-24,21,0.759,0.788
2010-10-24,22,1.072,3.48
2010-10-24,23,0.629,0.733
2010-10-24,24,0.282,0.345
2010-10-25,1,0.305,0.34
2010-10-25,2,0.171,0.268
2010-10-25,3,0.094,0.132
2010-10-25,4,0.095,0.128
2010-10-25,5,0.116,0.248
2010-10-25,6,0.118,0.156
2010-10-25,7,0.32,0.367
2010-10-25,8,0.175,0.19
2010-10-25,9,0.237,0.929
2010-10-25,10,0.182,1.112
2010-10-25,11,0.091,1.66
2010-10-25,12,1.079,1.162
2010-10-25,13,0.09,0.914
2010-10-25,14,0.173,0.236
2010-10-25,15,0.243,0.355
2010-10-25,16,0.18,0.196
2010-10-25,17,0.245,0.256
2010-10-25,18,0.411,1.498
2010-10-25,19,0.846,0.945
2010-10-25,20,0.73,0.762
2010-10-25,21,0.503,0.804
2010-10-25,22,0.452,0.468
2010-10-25,23,0.617,1.154
2010-10-25,24,0.113,3.004
2010-10-26,1,0.095,0.177
2010-10-26,2,0.106,0.153
2010-10-26,3,0.138,0.223
2010-10-26,4,0.099,0.167
2010-10-26,5,0.091,0.434
2010-10-26,6,0.512,2.356
2010-10-26,7,0.31,0.466
2010-10-26,8,0.223,0.512
2010-10-26,9,0.517,0.644
2010-10-26,10,0.44,0.454
2010-10-26,11,0.09,0.463
2010-10-26,12,0.159,1.897
2010-10-26,13,1.291,1.67
2010-10-26,14,0.294,1.68
2010-10-26,15,0.208,0.347
2010-10-26,16,0.285,0.289
2010-10-26,17,0.187,0.25
2010-10-26,18,0.19,0.854
2010-10-26,19,0.633,0.688
2010-10-26,20,0.697,0.857
2010-10-26,21,0.484,0.509
2010-10-26,22,0.833,0.836
2010-10-26,23,1.54,2.33
2010-10-26,24,0.107,0.184
2010-10-27,1,0.091,0.105
2010-10-27,2,0.185,0.253
2010-10-27,3,0.095,0.172
2010-10-27,4,0.094,0.099
2010-10-27,5,0.166,0.231
2010-10-27,6,0.211,1.894
2010-10-27,7,0.626,1.353
2010-10-27,8,0.239,0.331
2010-10-27,9,0.388,0.937
2010-10-27,10,0.353,0.407
2010-10-27,11,0.118,0.208
2010-10-27,12,0.169,1.0
2010-10-27,13,0.712,0.786
2010-10-27,14,0.092,1.2
2010-10-27,15,0.412,0.55
2010-10-27,16,0.42,0.87
2010-10-27,17,0.29,0.376
2010-10-27,18,0.564,0.748
2010-10-27,19,0.878,0.936
2010-10-27,20,0.905,1.096
2010-10-27,21,0.722,0.807
2010-10-27,22,0.887,3.64
2010-10-27,23,0.62,0.625
2010-10-27,24,0.094,0.144
2010-10-28,1,0.189,0.207
2010-10-28,2,0.13,0.161
2010-10-28,3,0.093,0.152
2010-10-28,4,0.1,0.202
2010-10-28,5,0.133,0.281
2010-10-28,6,0.205,1.331
2010-10-28,7,0.264,0.328
2010-10-28,8,0.295,0.318
2010-10-28,9,0.291,1.008
2010-10-28,10,0.27,0.415
2010-10-28,11,0.206,0.33
2010-10-28,12,0.092,0.159
2010-10-28,13,0.092,0.141
2010-10-28,14,0.222,0.241
2010-10-28,15,0.286,0.522
2010-10-28,16,0.095,0.131
2010-10-28,17,0.271,1.0
2010-10-28,18,0.545,0.727
2010-10-28,19,0.735,0.76
2010-10-28,20,0.722,0.905
2010-10-28,21,0.769,1.274
2010-10-28,22,0.802,1.146
2010-10-28,23,0.714,0.941
2010-10-28,24,0.136,3.063
2010-10-29,1,0.094,0.11
2010-10-29,2,0.218,0.343
2010-10-29,3,0.147,0.157
2010-10-29,4,0.178,0.2
2010-10-29,5,0.102,0.202
2010-10-29,6,0.222,1.902
2010-10-29,7,0.285,0.311
2010-10-29,8,0.16,0.518
2010-10-29,9,0.36,1.114
2010-10-29,10,0.301,0.308
2010-10-29,11,0.119,0.21
2010-10-29,12,0.188,0.189
2010-10-29,13,0.148,0.149
2010-10-29,14,0.264,0.46
2010-10-29,15,0.291,0.583
2010-10-29,16,0.624,1.999
2010-10-29,17,0.519,2.25
2010-10-29,18,0.536,0.957
2010-10-29,19,0.755,0.927
2010-10-29,20,0.596,0.715
2010-10-29,21,0.765,1.522
2010-10-29,22,0.84,2.138
2010-10-29,23,0.862,0.991
2010-10-29,24,0.733,1.016
2010-10-30,1,0.324,0.448
2010-10-30,2,0.167,0.506
2010-10-30,3,0.126,0.188
2010-10-30,4,0.096,0.245
2010-10-30,5,0.126,0.166
2010-10-30,6,0.229,0.26
2010-10-30,7,0.349,0.472
2010-10-30,8,0.098,0.153
2010-10-30,9,0.173,0.633
2010-10-30,10,1.081,2.393
2010-10-30,11,0.529,2.272
2010-10-30,12,1.007,1.568
2010-10-30,13,0.238,0.244
2010-10-30,14,0.094,0.151
2010-10-30,15,0.135,0.254
2010-10-30,16,0.216,0.273
2010-10-30,17,0.093,0.186
2010-10-30,18,0.192,0.342
2010-10-30,19,1.019,1.207
2010-10-30,20,0.907,1.124
2010-10-30,21,0.873,0.881
2010-10-30,22,1.312,1.647
2010-10-30,23,0.664,1.479
2010-10-30,24,0.376,0.42
2010-10-31,1,0.348,0.365
2010-10-31,2,0.285,0.52
2010-10-31,3,0.117,0.204
2010-10-31,4,0.1,0.124
2010-10-31,5,0.215,0.325
2010-10-31,6,0.373,0.448
2010-10-31,7,0.214,0.272
2010-10-31,8,0.215,0.364
2010-10-31,9,0.29,0.366
2010-10-31,10,1.204,1.711
2010-10-31,11,1.586,1.763
2010-10-31,12,1.197,1.396
2010-10-31,13,0.681,1.617
2010-10-31,14,0.255,0.406
2010-10-31,15,0.221,0.282
2010-10-31,16,0.101,0.151
2010-10-31,17,0.222,0.223
2010-10-31,18,0.611,1.024
2010-10-31,19,0.638,0.901
2010-10-31,20,0.784,0.865
2010-10-31,21,0.683,0.686
2010-10-31,22,3.738,4.402
2010-10-31,23,2.4,3.116
2010-10-31,24,0.133,0.172
2010-11-01,1,0.126,0.241
2010-11-01,2,0.102,0.21
2010-11-01,3,0.127,0.133
2010-11-01,4,0.116,0.208
2010-11-01,5,0.124,0.242
2010-11-01,6,0.498,2.569
2010-11-01,7,0.309,0.326
2010-11-01,8,0.29,0.387
2010-11-01,9,0.878,0.921
2010-11-01,10,0.316,0.341
2010-11-01,11,0.137,0.262
2010-11-01,12,0.166,0.538
2010-11-01,13,0.188,0.249
2010-11-01,14,0.167,0.423
2010-11-01,15,0.128,0.294
2010-11-01,16,0.49,0.704
2010-11-01,17,0.433,0.694
2010-11-01,18,1.985,1.994
2010-11-01,19,1.008,1.085
2010-11-01,20,0.79,0.899
2010-11-01,21,0.646,0.82
2010-11-01,22,0.704,0.803
2010-11-01,23,0.952,2.356
2010-11-01,24,0.168,0.211
2010-11-02,1,0.097,0.164
2010-11-02,2,0.157,0.17
2010-11-02,3,0.189,0.217
2010-11-02,4,0.093,0.144
2010-11-02,5,0.131,0.208
2010-11-02,6,0.511,1.673
2010-11-02,7,0.268,0.318
2010-11-02,8,0.234,0.506
2010-11-02,9,0.812,0.817
2010-11-02,10,0.138,0.412
2010-11-02,11,0.095,0.226
2010-11-02,12,0.261,0.534
2010-11-02,13,0.094,0.383
2010-11-02,14,0.255,0.677
2010-11-02,15,0.268,0.764
2010-11-02,16,0.484,0.512
2010-11-02,17,0.639,0.646
2010-11-02,18,1.86,2.405
2010-11-02,19,0.9,1.264
2010-11-02,20,0.827,0.828
2010-11-02,21,0.917,1.84
2010-11-02,22,0.678,0.713
2010-11-02,23,0.536,1.902
2010-11-02,24,0.21,0.239
2010-11-03,1,0.133,0.188
2010-11-03,2,0.168,0.225
2010-11-03,3,0.133,0.167
2010-11-03,4,0.125,0.141
2010-11-03,5,0.159,0.741
2010-11-03,6,0.482,1.269
2010-11-03,7,0.167,0.206
2010-11-03,8,0.286,0.452
2010-11-03,9,0.722,0.98
2010-11-03,10,0.167,0.367
2010-11-03,11,0.1,0.158
2010-11-03,12,0.093,0.663
2010-11-03,13,0.59,1.179
2010-11-03,14,0.385,0.672
2010-11-03,15,0.205,0.441
2010-11-03,16,0.156,0.573
2010-11-03,17,0.402,1.2
2010-11-03,18,1.315,1.677
2010-11-03,19,0.769,0.974
2010-11-03,20,0.714,0.737
2010-11-03,21,0.732,0.941
2010-11-03,22,1.131,2.752
2010-11-03,23,0.988,1.058
2010-11-03,24,0.145,2.798
2010-11-04,1,0.105,0.139
2010-11-04,2,0.205,0.26
2010-11-04,3,0.104,0.155
2010-11-04,4,0.12,0.201
2010-11-04,5,0.138,0.367
2010-11-04,6,0.568,1.961
2010-11-04,7,0.228,1.127
2010-11-04,8,0.459,0.75
2010-11-04,9,0.66,1.081
2010-11-04,10,0.733,1.576
2010-11-04,11,0.125,0.889
2010-11-04,12,0.206,0.209
2010-11-04,13,0.116,0.136
2010-11-04,14,0.122,0.161
2010-11-04,15,0.269,0.711
2010-11-04,16,0.142,0.163
2010-11-04,17,0.094,0.197
2010-11-04,18,0.481,0.706
2010-11-04,19,0.764,1.364
2010-11-04,20,0.614,1.021
2010-11-04,21,0.911,1.206
2010-11-04,22,0.644,0.747
2010-11-04,23,0.628,1.471
2010-11-04,24,1.478,1.606
2010-11-05,1,0.095,1.153
2010-11-05,2,0.114,0.16
2010-11-05,3,0.195,0.26
2010-11-05,4,0.095,0.159
2010-11-05,5,0.104,0.117
2010-11-05,6,0.576,1.98
2010-11-05,7,0.181,0.233
2010-11-05,8,0.296,0.388
2010-11-05,9,0.78,0.961
2010-11-05,10,0.147,0.357
2010-11-05,11,0.092,0.157
2010-11-05,12,0.17,0.186
2010-11-05,13,0.221,0.225
2010-11-05,14,0.127,0.442
2010-11-05,15,0.294,0.382
2010-11-05,16,0.183,0.338
2010-11-05,17,0.339,0.438
2010-11-05,18,0.642,1.055
2010-11-05,19,0.578,0.672
2010-11-05,20,0.672,1.351
2010-11-05,21,0.968,1.742
2010-11-05,22,0.654,0.996
2010-11-05,23,0.717,0.98
2010-11-05,24,0.596,0.721
2010-11-06,1,0.502,0.613
2010-11-06,2,0.24,0.261
2010-11-06,3,0.127,0.208
2010-11-06,4,0.182,0.186
2010-11-06,5,0.112,0.157
2010-11-06,6,0.353,0.442
2010-11-06,7,0.112,0.14
2010-11-06,8,0.11,0.182
2010-11-06,9,0.181,0.462
2010-11-06,10,1.76,3.314
2010-11-06,11,2.101,3.668
2010-11-06,12,0.414,1.286
2010-11-06,13,0.137,0.194
2010-11-06,14,0.119,0.135
2010-11-06,15,0.418,0.493
2010-11-06,16,0.174,0.701
2010-11-06,17,1.056,1.855
2010-11-06,18,0.87,1.305
2010-11-06,19,0.636,0.756
2010-11-06,20,0.762,0.775
2010-11-06,21,0.697,1.078
2010-11-06,22,0.803,0.949
2010-11-06,23,0.602,0.863
2010-11-06,24,0.493,0.509
2010-11-07,1,0.369,1.146
2010-11-07,2,0.331,0.443
2010-11-07,3,0.095,0.116
2010-11-07,4,0.129,0.165
2010-11-07,5,0.149,0.213
2010-11-07,6,0.265,0.372
2010-11-07,7,0.113,0.19
2010-11-07,8,0.179,0.184
2010-11-07,9,0.211,0.327
2010-11-07,10,0.332,1.49
2010-11-07,11,1.532,1.765
2010-11-07,12,1.223,1.51
2010-11-07,13,1.206,1.456
2010-11-07,14,0.509,0.771
2010-11-07,15,0.769,1.899
2010-11-07,16,0.473,0.724
2010-11-07,17,0.771,0.902
2010-11-07,18,0.863,0.97
2010-11-07,19,0.68,1.492
2010-11-07,20,0.842,0.864
2010-11-07,21,0.792,1.114
2010-11-07,22,0.894,1.043
2010-11-07,23,0.428,0.677
2010-11-07,24,0.164,0.198
2010-11-08,1,0.171,0.191
2010-11-08,2,0.136,0.15
2010-11-08,3,0.093,0.126
2010-11-08,4,0.126,0.227
2010-11-08,5,0.127,0.155
2010-11-08,6,0.477,1.67
2010-11-08,7,0.163,0.205
2010-11-08,8,0.306,0.548
2010-11-08,9,0.462,0.897
2010-11-08,10,0.472,1.033
2010-11-08,11,0.396,0.657
2010-11-08,12,0.769,0.922
2010-11-08,13,1.043,1.76
2010-11-08,14,1.799,2.222
2010-11-08,15,1.296,1.748
2010-11-08,16,1.03,1.093
2010-11-08,17,1.23,1.236
2010-11-08,18,1.249,1.996
2010-11-08,19,0.5,0.611
2010-11-08,20,0.347,0.347
2010-11-08,21,0.481,0.713
2010-11-08,22,0.811,1.064
2010-11-08,23,1.104,3.055
2010-11-08,24,0.098,0.155
2010-11-09,1,0.16,0.192
2010-11-09,2,0.119,0.167
2010-11-09,3,0.09,0.09
2010-11-09,4,0.142,0.19
2010-11-09,5,0.179,0.258
2010-11-09,6,0.523,2.287
2010-11-09,7,0.212,0.256
2010-11-09,8,0.23,0.298
2010-11-09,9,0.56,0.886
2010-11-09,10,0.166,0.173
2010-11-09,11,0.089,1.624
2010-11-09,12,1.778,2.027
2010-11-09,13,1.758,2.37
2010-11-09,14,1.9,2.199
2010-11-09,15,0.869,1.326
2010-11-09,16,0.201,1.123
2010-11-09,17,0.094,0.135
2010-11-09,18,0.668,0.81
2010-11-09,19,0.915,1.095
2010-11-09,20,0.549,0.619
2010-11-09,21,0.598,0.931
2010-11-09,22,0.69,1.047
2010-11-09,23,0.526,0.664
2010-11-09,24,0.174,2.293
2010-11-10,1,0.103,0.221
2010-11-10,2,0.187,0.197
2010-11-10,3,0.091,0.149
2010-11-10,4,0.091,0.161
2010-11-10,5,0.171,0.199
2010-11-10,6,0.439,2.021
2010-11-10,7,0.165,0.232
2010-11-10,8,0.215,0.56
2010-11-10,9,0.516,1.028
2010-11-10,10,0.229,0.677
2010-11-10,11,0.132,0.222
2010-11-10,12,0.893,1.604
2010-11-10,13,1.262,1.324
2010-11-10,14,1.186,1.968
2010-11-10,15,0.878,2.0
2010-11-10,16,0.183,0.518
2010-11-10,17,0.335,0.356
2010-11-10,18,0.631,0.946
2010-11-10,19,0.698,0.91
2010-11-10,20,0.549,0.672
2010-11-10,21,0.46,0.544
2010-11-10,22,0.801,0.89
2010-11-10,23,0.584,0.912
2010-11-10,24,0.617,2.034
2010-11-11,1,0.091,0.113
2010-11-11,2,0.186,0.195
2010-11-11,3,0.128,0.132
2010-11-11,4,0.093,0.122
2010-11-11,5,0.127,0.129
2010-11-11,6,0.578,2.008
2010-11-11,7,0.168,0.215
2010-11-11,8,0.179,0.288
2010-11-11,9,0.53,2.432
2010-11-11,10,0.452,0.556
2010-11-11,11,0.109,0.156
2010-11-11,12,0.091,0.177
2010-11-11,13,0.142,0.233
2010-11-11,14,0.104,0.105
2010-11-11,15,0.314,0.55
2010-11-11,16,0.361,1.268
2010-11-11,17,0.478,0.68
2010-11-11,18,0.825,1.254
2010-11-11,19,0.579,0.617
2010-11-11,20,0.705,0.848
2010-11-11,21,1.097,1.981
2010-11-11,22,1.469,1.64
2010-11-11,23,0.751,1.232
2010-11-11,24,0.846,2.108
2010-11-12,1,0.132,0.658
2010-11-12,2,0.163,0.183
2010-11-12,3,0.14,0.172
2010-11-12,4,0.091,0.117
2010-11-12,5,0.125,0.14
2010-11-12,6,0.556,1.81
2010-11-12,7,0.175,0.249
2010-11-12,8,0.219,0.425
2010-11-12,9,0.791,0.949
2010-11-12,10,0.229,0.462
2010-11-12,11,0.089,0.09
2010-11-12,12,0.112,0.139
2010-11-12,13,0.185,0.212
2010-11-12,14,0.14,0.424
2010-11-12,15,0.197,0.929
2010-11-12,16,0.432,0.715
2010-11-12,17,0.384,0.587
2010-11-12,18,0.779,1.09
2010-11-12,19,0.713,0.764
2010-11-12,20,0.916,2.437
2010-11-12,21,0.816,0.833
2010-11-12,22,1.364,1.815
2010-11-12,23,1.178,1.312
2010-11-12,24,0.858,1.123
2010-11-13,1,0.435,0.479
2010-11-13,2,0.258,0.489
2010-11-13,3,0.115,0.17
2010-11-13,4,0.092,0.146
2010-11-13,5,0.092,0.123
2010-11-13,6,0.342,0.382
2010-11-13,7,0.092,0.098
2010-11-13,8,0.091,0.14
2010-11-13,9,0.532,0.589
2010-11-13,10,1.167,1.639
2010-11-13,11,1.332,1.632
2010-11-13,12,0.278,0.297
2010-11-13,13,0.283,0.598
2010-11-13,14,0.188,0.377
2010-11-13,15,0.809,1.784
2010-11-13,16,0.523,0.98
2010-11-13,17,0.267,0.295
2010-11-13,18,0.521,0.818
2010-11-13,19,0.47,1.023
2010-11-13,20,0.715,1.435
2010-11-13,21,0.723,1.134
2010-11-13,22,0.594,1.723
2010-11-13,23,0.579,0.622
2010-11-13,24,0.492,0.817
2010-11-14,1,0.356,0.473
2010-11-14,2,0.345,0.477
2010-11-14,3,0.115,0.62
2010-11-14,4,0.098,0.14
2010-11-14,5,0.189,0.246
2010-11-14,6,0.253,0.263
2010-11-14,7,0.108,0.129
2010-11-14,8,0.188,0.197
2010-11-14,9,0.299,0.434
2010-11-14,10,0.317,1.13
2010-11-14,11,0.836,1.322
2010-11-14,12,0.638,1.514
2010-11-14,13,1.826,2.026
2010-11-14,14,0.316,0.849
2010-11-14,15,0.289,0.319
2010-11-14,16,0.415,0.691
2010-11-14,17,0.363,0.525
2010-11-14,18,0.686,0.845
2010-11-14,19,0.796,1.069
2010-11-14,20,2.02,2.633
2010-11-14,21,1.579,2.042
2010-11-14,22,2.047,2.628
2010-11-14,23,1.204,2.644
2010-11-14,24,0.147,2.063
2010-11-15,1,0.138,0.14
2010-11-15,2,0.172,0.212
2010-11-15,3,0.092,0.118
2010-11-15,4,0.102,0.131
2010-11-15,5,0.144,0.227
2010-11-15,6,0.404,2.045
2010-11-15,7,0.164,0.194
2010-11-15,8,0.209,0.76
2010-11-15,9,0.497,0.922
2010-11-15,10,0.258,0.356
2010-11-15,11,0.091,0.139
2010-11-15,12,0.133,0.425
2010-11-15,13,0.831,1.653
2010-11-15,14,0.778,1.963
2010-11-15,15,0.206,0.547
2010-11-15,16,0.2,0.476
2010-11-15,17,0.411,0.418
2010-11-15,18,1.17,1.655
2010-11-15,19,0.637,0.818
2010-11-15,20,0.636,0.913
2010-11-15,21,0.469,0.47
2010-11-15,22,0.382,0.483
2010-11-15,23,0.625,0.729
2010-11-15,24,0.091,2.593
2010-11-16,1,0.138,0.162
2010-11-16,2,0.091,0.11
2010-11-16,3,0.127,0.256
2010-11-16,4,0.092,0.139
2010-11-16,5,0.092,0.127
2010-11-16,6,0.629,2.067
2010-11-16,7,0.207,0.211
2010-11-16,8,0.286,0.352
2010-11-16,9,0.963,1.26
2010-11-16,10,0.161,0.495
2010-11-16,11,0.09,0.166
2010-11-16,12,0.424,1.528
2010-11-16,13,1.707,2.259
2010-11-16,14,0.761,2.202
2010-11-16,15,0.142,0.556
2010-11-16,16,0.248,0.488
2010-11-16,17,0.356,0.485
2010-11-16,18,0.895,1.046
2010-11-16,19,0.422,0.548
2010-11-16,20,0.564,0.607
2010-11-16,21,0.561,0.691
2010-11-16,22,0.607,0.959
2010-11-16,23,0.725,1.888
2010-11-16,24,0.613,0.671
2010-11-17,1,0.126,2.096
2010-11-17,2,0.093,0.105
2010-11-17,3,0.174,0.19
2010-11-17,4,0.135,0.17
2010-11-17,5,0.092,0.101
2010-11-17,6,0.414,2.459
2010-11-17,7,0.262,0.287
2010-11-17,8,0.259,0.277
2010-11-17,9,0.523,1.879
2010-11-17,10,0.799,0.924
2010-11-17,11,0.136,0.492
2010-11-17,12,0.091,0.15
2010-11-17,13,0.67,0.716
2010-11-17,14,0.612,0.704
2010-11-17,15,0.229,0.475
2010-11-17,16,0.181,0.222
2010-11-17,17,0.3,0.346
2010-11-17,18,0.94,1.94
2010-11-17,19,0.65,0.962
2010-11-17,20,0.663,1.362
2010-11-17,21,0.69,0.861
2010-11-17,22,0.591,0.637
2010-11-17,23,0.567,0.853
2010-11-17,24,0.126,0.356
2010-11-18,1,0.109,0.15
2010-11-18,2,0.091,0.218
2010-11-18,3,0.132,0.228
2010-11-18,4,0.091,0.091
2010-11-18,5,0.093,0.161
2010-11-18,6,0.638,1.697
2010-11-18,7,0.174,0.196
2010-11-18,8,0.301,0.692
2010-11-18,9,0.482,0.979
2010-11-18,10,0.182,0.458
2010-11-18,11,0.088,0.432
2010-11-18,12,0.134,0.255
2010-11-18,13,0.155,0.361
2010-11-18,14,0.09,0.141
2010-11-18,15,0.553,0.615
2010-11-18,16,0.447,0.486
2010-11-18,17,0.287,0.526
2010-11-18,18,0.797,1.005
2010-11-18,19,1.042,1.605
2010-11-18,20,0.489,0.759
2010-11-18,21,1.362,2.224
2010-11-18,22,0.953,1.783
2010-11-18,23,0.628,0.671
2010-11-18,24,0.248,2.622
2010-11-19,1,0.092,0.223
2010-11-19,2,0.091,0.14
2010-11-19,3,0.11,0.196
2010-11-19,4,0.197,0.295
2010-11-19,5,0.192,0.252
2010-11-19,6,0.571,2.106
2010-11-19,7,0.17,0.269
2010-11-19,8,0.281,0.619
2010-11-19,9,0.541,1.121
2010-11-19,10,0.261,0.463
2010-11-19,11,0.223,0.227
2010-11-19,12,0.175,0.179
2010-11-19,13,0.554,0.57
2010-11-19,14,0.192,0.49
2010-11-19,15,0.303,1.078
2010-11-19,16,0.326,0.579
2010-11-19,17,0.302,0.744
2010-11-19,18,0.919,1.099
2010-11-19,19,0.903,1.062
2010-11-19,20,0.629,1.121
2010-11-19,21,0.538,0.606
2010-11-19,22,0.912,1.509
2010-11-19,23,0.565,0.782
2010-11-19,24,0.482,0.573
2010-11-20,1,0.205,0.689
2010-11-20,2,0.258,0.293
2010-11-20,3,0.138,0.283
2010-11-20,4,0.148,0.19
2010-11-20,5,0.13,0.273
2010-11-20,6,0.271,0.313
2010-11-20,7,0.117,0.143
2010-11-20,8,0.113,0.208
2010-11-20,9,0.458,1.281
2010-11-20,10,0.733,1.411
2010-11-20,11,1.781,2.155
2010-11-20,12,0.186,0.612
2010-11-20,13,0.246,0.419
2010-11-20,14,0.24,0.672
2010-11-20,15,0.581,1.382
2010-11-20,16,0.336,0.515
2010-11-20,17,0.356,0.511
2010-11-20,18,0.801,0.809
2010-11-20,19,0.868,1.082
2010-11-20,20,0.987,3.353
2010-11-20,21,0.436,0.998
2010-11-20,22,0.549,1.024
2010-11-20,23,0.348,0.35
2010-11-20,24,0.163,0.276
2010-11-21,1,0.139,0.154
2010-11-21,2,0.112,0.131
2010-11-21,3,0.295,0.637
2010-11-21,4,0.189,0.263
2010-11-21,5,0.101,0.128
2010-11-21,6,0.325,0.437
2010-11-21,7,0.101,0.106
2010-11-21,8,0.108,0.161
2010-11-21,9,0.12,0.506
2010-11-21,10,0.6,0.859
2010-11-21,11,0.193,0.894
2010-11-21,12,1.045,1.353
2010-11-21,13,1.212,1.772
2010-11-21,14,0.458,1.453
2010-11-21,15,0.189,0.273
2010-11-21,16,0.16,0.238
2010-11-21,17,0.43,0.486
2010-11-21,18,0.774,0.815
2010-11-21,19,2.661,3.061
2010-11-21,20,0.762,0.779
2010-11-21,21,1.663,1.752
2010-11-21,22,1.635,1.808
2010-11-21,23,0.647,0.776
2010-11-21,24,0.187,0.839
2010-11-22,1,0.126,0.189
2010-11-22,2,0.17,0.175
2010-11-22,3,0.094,0.094
2010-11-22,4,0.151,0.156
2010-11-22,5,0.189,0.834
2010-11-22,6,0.391,1.409
2010-11-22,7,0.209,0.25
2010-11-22,8,0.296,0.357
2010-11-22,9,0.809,1.256
2010-11-22,10,0.353,1.284
2010-11-22,11,0.186,0.24
2010-11-22,12,0.16,0.294
2010-11-22,13,0.425,2.708
2010-11-22,14,0.329,1.572
2010-11-22,15,0.125,0.435
2010-11-22,16,0.226,0.582
2010-11-22,17,0.149,0.328
2010-11-22,18,1.066,1.114
2010-11-22,19,0.705,1.024
2010-11-22,20,0.705,0.817
2010-11-22,21,0.603,0.633
2010-11-22,22,0.488,0.819
2010-11-22,23,0.613,0.617
2010-11-22,24,0.192,1.846
2010-11-23,1,0.092,0.25
2010-11-23,2,0.095,0.132
2010-11-23,3,0.092,0.125
2010-11-23,4,0.204,0.218
2010-11-23,5,0.092,0.139
2010-11-23,6,0.484,1.97
2010-11-23,7,0.165,0.304
2010-11-23,8,0.285,0.345
2010-11-23,9,0.444,1.197
2010-11-23,10,0.281,0.573
2010-11-23,11,0.11,0.256
2010-11-23,12,0.091,0.469
2010-11-23,13,1.974,2.359
2010-11-23,14,0.347,1.391
2010-11-23,15,0.321,0.52
2010-11-23,16,0.196,0.228
2010-11-23,17,0.174,0.677
2010-11-23,18,1.174,1.783
2010-11-23,19,0.634,0.905
2010-11-23,20,0.591,0.613
2010-11-23,21,0.875,1.076
2010-11-23,22,0.523,0.847
2010-11-23,23,0.56,0.638
2010-11-23,24,1.001,2.142
2010-11-24,1,0.144,0.558
2010-11-24,2,0.092,0.115
2010-11-24,3,0.146,0.27
2010-11-24,4,0.092,0.132
2010-11-24,5,0.108,0.152
2010-11-24,6,0.468,2.234
2010-11-24,7,0.168,0.329
2010-11-24,8,0.21,0.359
2010-11-24,9,0.752,1.878
2010-11-24,10,0.27,0.932
2010-11-24,11,0.098,0.161
2010-11-24,12,0.208,0.71
2010-11-24,13,0.837,0.858
2010-11-24,14,0.267,0.564
2010-11-24,15,0.268,0.479
2010-11-24,16,0.432,0.638
2010-11-24,17,0.408,0.472
2010-11-24,18,1.417,1.716
2010-11-24,19,0.672,0.821
2010-11-24,20,0.674,0.721
2010-11-24,21,1.64,2.079
2010-11-24,22,0.784,1.231
2010-11-24,23,0.578,0.605
2010-11-24,24,0.511,0.559
2010-11-25,1,0.17,0.365
2010-11-25,2,0.133,0.136
2010-11-25,3,0.183,0.184
2010-11-25,4,0.098,0.118
2010-11-25,5,0.181,0.22
2010-11-25,6,0.268,0.316
2010-11-25,7,0.153,0.188
2010-11-25,8,0.15,0.178
2010-11-25,9,0.716,0.762
2010-11-25,10,1.497,2.078
2010-11-25,11,1.023,1.27
2010-11-25,12,0.09,0.104
2010-11-25,13,0.104,0.148
2010-11-25,14,0.109,0.337
2010-11-25,15,0.338,1.015
2010-11-25,16,0.169,0.202
2010-11-25,17,0.212,0.559
2010-11-25,18,0.437,0.56
2010-11-25,19,0.392,0.428
2010-11-25,20,0.573,0.797
2010-11-25,21,0.578,0.623
2010-11-25,22,0.762,1.072
2010-11-25,23,0.528,0.908
2010-11-25,24,0.365,0.49
2010-11-26,1,0.412,0.722
2010-11-26,2,0.188,0.345
2010-11-26,3,0.091,0.123
2010-11-26,4,0.103,0.156
2010-11-26,5,0.097,0.16
2010-11-26,6,0.254,0.367
2010-11-26,7,0.093,0.142
2010-11-26,8,0.19,0.204
2010-11-26,9,0.549,0.752
2010-11-26,10,0.78,1.127
2010-11-26,11,0.311,3.39
2010-11-26,12,0.179,0.187
2010-11-26,13,0.156,0.184
2010-11-26,14,0.152,0.358
2010-11-26,15,0.173,0.318
2010-11-26,16,0.096,0.137
2010-11-26,17,0.141,0.172
2010-11-26,18,0.32,0.337
2010-11-26,19,0.094,0.142
2010-11-26,20,0.094,0.15
2010-11-26,21,0.148,0.177
2010-11-26,22,0.125,0.136
2010-11-26,23,0.094,0.148
2010-11-26,24,0.1,0.13
2010-11-27,1,0.18,0.189
2010-11-27,2,0.092,0.117
2010-11-27,3,0.099,0.158
2010-11-27,4,0.094,0.188
2010-11-27,5,0.093,0.177
2010-11-27,6,0.218,0.318
2010-11-27,7,0.091,0.106
2010-11-27,8,0.179,0.198
2010-11-27,9,0.208,0.267
2010-11-27,10,0.141,0.172
2010-11-27,11,0.125,0.184
2010-11-27,12,0.09,0.137
2010-11-27,13,0.091,0.164
2010-11-27,14,0.111,0.351
2010-11-27,15,0.116,0.317
2010-11-27,16,0.092,0.129
2010-11-27,17,0.128,0.138
2010-11-27,18,0.323,0.467
2010-11-27,19,0.176,0.178
2010-11-27,20,0.099,0.101
2010-11-27,21,0.127,0.225
2010-11-27,22,0.101,0.12
2010-11-27,23,0.091,0.137
2010-11-27,24,0.164,0.189
2010-11-28,1,0.09,0.091
2010-11-28,2,0.117,0.141
2010-11-28,3,0.106,0.225
2010-11-28,4,0.091,0.116
2010-11-28,5,0.092,0.18
2010-11-28,6,0.236,0.28
2010-11-28,7,0.158,0.173
2010-11-28,8,0.091,0.108
2010-11-28,9,0.279,0.286
2010-11-28,10,0.195,0.197
2010-11-28,11,0.089,0.111
2010-11-28,12,0.105,0.152
2010-11-28,13,0.09,0.146
2010-11-28,14,0.22,0.277
2010-11-28,15,0.129,0.248
2010-11-28,16,0.09,0.152
2010-11-28,17,0.146,0.183
2010-11-28,18,0.246,0.322
2010-11-28,19,0.325,0.732
2010-11-28,20,0.395,0.477
2010-11-28,21,0.993,2.066
2010-11-28,22,0.749,1.128
2010-11-28,23,0.616,0.76
2010-11-28,24,0.227,0.269
2010-11-29,1,0.108,0.152
2010-11-29,2,0.104,0.174
2010-11-29,3,0.094,0.222
2010-11-29,4,0.126,0.192
2010-11-29,5,0.095,1.542
2010-11-29,6,0.388,0.89
2010-11-29,7,0.226,0.247
2010-11-29,8,0.176,0.184
2010-11-29,9,0.283,0.403
2010-11-29,10,0.243,0.696
2010-11-29,11,0.445,1.059
2010-11-29,12,0.107,0.317
2010-11-29,13,1.278,1.861
2010-11-29,14,0.448,1.281
2010-11-29,15,0.09,0.525
2010-11-29,16,0.221,0.36
2010-11-29,17,0.336,0.39
2010-11-29,18,0.475,0.487
2010-11-29,19,0.78,0.986
2010-11-29,20,0.66,0.676
2010-11-29,21,0.654,0.894
2010-11-29,22,0.826,1.112
2010-11-29,23,0.621,0.891
2010-11-29,24,0.158,1.767
2010-11-30,1,0.092,0.1
2010-11-30,2,0.146,0.188
2010-11-30,3,0.093,0.14
2010-11-30,4,0.093,0.168
2010-11-30,5,0.094,0.236
2010-11-30,6,0.392,2.062
2010-11-30,7,0.377,0.442
2010-11-30,8,0.235,0.331
2010-11-30,9,0.824,1.136
2010-11-30,10,0.391,0.408
2010-11-30,11,0.21,0.24
2010-11-30,12,0.176,0.192
2010-11-30,13,0.677,1.644
2010-11-30,14,0.662,0.747
2010-11-30,15,0.211,0.259
2010-11-30,16,0.222,0.446
2010-11-30,17,0.255,0.312
2010-11-30,18,0.293,0.413
2010-11-30,19,0.641,0.909
2010-11-30,20,2.427,2.837
2010-11-30,21,1.662,2.801
2010-11-30,22,1.141,1.881
2010-11-30,23,0.597,0.855
2010-11-30,24,0.184,0.284
2010-12-01,1,0.137,0.145
2010-12-01,2,0.092,0.11
2010-12-01,3,0.107,0.155
2010-12-01,4,0.09,0.104
2010-12-01,5,0.158,0.209
2010-12-01,6,0.326,1.555
2010-12-01,7,0.301,0.378
2010-12-01,8,0.305,0.462
2010-12-01,9,0.734,0.785
2010-12-01,10,0.506,0.55
2010-12-01,11,0.236,0.685
2010-12-01,12,0.364,0.923
2010-12-01,13,1.395,1.422
2010-12-01,14,0.691,0.744
2010-12-01,15,0.212,0.446
2010-12-01,16,0.319,0.421
2010-12-01,17,0.529,0.563
2010-12-01,18,0.741,0.849
2010-12-01,19,0.683,0.765
2010-12-01,20,0.776,0.842
2010-12-01,21,0.588,0.633
2010-12-01,22,0.655,0.954
2010-12-01,23,0.926,1.083
2010-12-01,24,0.32,2.602
2010-12-02,1,0.167,0.219
2010-12-02,2,0.102,0.181
2010-12-02,3,0.101,0.113
2010-12-02,4,0.095,0.14
2010-12-02,5,0.095,0.926
2010-12-02,6,0.228,1.095
2010-12-02,7,0.351,0.356
2010-12-02,8,0.206,0.237
2010-12-02,9,0.537,1.41
2010-12-02,10,0.353,0.381
2010-12-02,11,0.19,0.259
2010-12-02,12,0.435,0.708
2010-12-02,13,0.796,0.826
2010-12-02,14,0.76,1.645
2010-12-02,15,0.187,0.207
2010-12-02,16,0.367,1.543
2010-12-02,17,0.314,0.522
2010-12-02,18,0.401,0.667
2010-12-02,19,0.647,1.183
2010-12-02,20,0.556,0.659
2010-12-02,21,0.661,0.76
2010-12-02,22,0.803,1.271
2010-12-02,23,0.284,0.528
2010-12-02,24,0.138,2.552
2010-12-03,1,0.095,0.129
2010-12-03,2,0.192,0.213
2010-12-03,3,0.094,0.124
2010-12-03,4,0.094,0.142
2010-12-03,5,0.103,0.185
2010-12-03,6,0.247,2.062
2010-12-03,7,0.368,0.485
2010-12-03,8,0.21,0.324
2010-12-03,9,0.765,1.452
2010-12-03,10,0.316,0.406
2010-12-03,11,0.268,0.297
2010-12-03,12,0.217,0.518
2010-12-03,13,0.583,0.624
2010-12-03,14,0.448,0.853
2010-12-03,15,0.432,0.454
2010-12-03,16,0.39,0.61
2010-12-03,17,0.89,1.218
2010-12-03,18,0.531,0.589
2010-12-03,19,0.809,0.882
2010-12-03,20,0.831,1.078
2010-12-03,21,0.716,0.956
2010-12-03,22,1.099,1.36
2010-12-03,23,0.541,0.752
2010-12-03,24,0.497,0.715
2010-12-04,1,0.384,0.649
2010-12-04,2,0.141,0.18
2010-12-04,3,0.099,0.133
2010-12-04,4,0.09,0.138
2010-12-04,5,0.142,0.159
2010-12-04,6,0.193,0.256
2010-12-04,7,0.234,0.291
2010-12-04,8,0.139,1.467
2010-12-04,9,0.621,1.607
2010-12-04,10,0.485,0.585
2010-12-04,11,1.584,1.833
2010-12-04,12,0.392,0.838
2010-12-04,13,0.522,1.894
2010-12-04,14,0.951,2.078
2010-12-04,15,0.317,0.914
2010-12-04,16,0.418,0.515
2010-12-04,17,0.374,0.499
2010-12-04,18,0.551,0.741
2010-12-04,19,0.662,0.673
2010-12-04,20,0.556,0.749
2010-12-04,21,0.527,0.742
2010-12-04,22,0.731,0.951
2010-12-04,23,0.523,0.982
2010-12-04,24,0.526,0.918
2010-12-05,1,0.43,0.573
2010-12-05,2,0.247,0.354
2010-12-05,3,0.13,0.196
2010-12-05,4,0.092,0.117
2010-12-05,5,0.095,0.183
2010-12-05,6,0.159,0.234
2010-12-05,7,0.287,0.326
2010-12-05,8,0.177,0.208
2010-12-05,9,0.102,0.104
2010-12-05,10,0.427,1.282
2010-12-05,11,0.289,0.519
2010-12-05,12,0.471,0.571
2010-12-05,13,0.171,0.19
2010-12-05,14,0.342,0.561
2010-12-05,15,0.106,0.136
2010-12-05,16,0.348,0.691
2010-12-05,17,0.253,0.512
2010-12-05,18,0.402,1.135
2010-12-05,19,1.379,1.389
2010-12-05,20,1.088,1.356
2010-12-05,21,0.526,0.602
2010-12-05,22,0.781,1.072
2010-12-05,23,0.613,1.146
2010-12-05,24,0.205,2.831
2010-12-06,1,0.089,0.089
2010-12-06,2,0.119,0.166
2010-12-06,3,0.091,0.098
2010-12-06,4,0.136,0.162
2010-12-06,5,0.179,0.193
2010-12-06,6,0.253,1.771
2010-12-06,7,0.344,0.383
2010-12-06,8,0.244,0.976
2010-12-06,9,0.71,1.019
2010-12-06,10,0.323,0.424
2010-12-06,11,0.169,0.254
2010-12-06,12,0.228,0.383
2010-12-06,13,0.166,0.266
2010-12-06,14,0.61,0.915
2010-12-06,15,0.321,0.645
2010-12-06,16,0.299,0.371
2010-12-06,17,0.444,0.684
2010-12-06,18,1.631,1.891
2010-12-06,19,0.857,1.134
2010-12-06,20,0.671,0.93
2010-12-06,21,0.632,0.674
2010-12-06,22,0.758,1.295
2010-12-06,23,0.43,0.556
2010-12-06,24,0.689,2.845
2010-12-07,1,0.09,0.139
2010-12-07,2,0.169,0.217
2010-12-07,3,0.09,0.101
2010-12-07,4,0.118,0.154
2010-12-07,5,0.095,0.097
2010-12-07,6,0.322,1.906
2010-12-07,7,0.397,0.442
2010-12-07,8,0.226,0.994
2010-12-07,9,0.582,0.834
2010-12-07,10,0.311,0.437
2010-12-07,11,0.203,0.412
2010-12-07,12,0.17,0.346
2010-12-07,13,0.277,0.549
2010-12-07,14,0.451,0.502
2010-12-07,15,0.319,0.368
2010-12-07,16,0.479,1.203
2010-12-07,17,0.498,1.915
2010-12-07,18,1.059,3.116
2010-12-07,19,0.841,0.854
2010-12-07,20,0.71,1.28
2010-12-07,21,1.005,3.814
2010-12-07,22,1.286,2.852
2010-12-07,23,0.705,0.767
2010-12-07,24,0.187,0.809
2010-12-08,1,0.09,0.139
2010-12-08,2,0.089,0.09
2010-12-08,3,0.222,0.236
2010-12-08,4,0.089,0.094
2010-12-08,5,0.089,0.135
2010-12-08,6,0.353,1.915
2010-12-08,7,0.406,0.47
2010-12-08,8,0.358,0.674
2010-12-08,9,0.781,1.348
2010-12-08,10,0.394,0.446
2010-12-08,11,0.228,0.441
2010-12-08,12,0.296,0.496
2010-12-08,13,1.65,2.424
2010-12-08,14,0.449,1.054
2010-12-08,15,0.298,0.301
2010-12-08,16,0.276,0.312
2010-12-08,17,0.408,3.188
2010-12-08,18,1.324,2.679
2010-12-08,19,0.947,1.08
2010-12-08,20,0.969,1.018
2010-12-08,21,0.808,1.185
2010-12-08,22,0.877,1.026
2010-12-08,23,0.605,1.174
2010-12-08,24,0.787,2.591
2010-12-09,1,0.13,0.2
2010-12-09,2,0.132,0.165
2010-12-09,3,0.133,0.218
2010-12-09,4,0.089,0.169
2010-12-09,5,0.102,0.131
2010-12-09,6,0.396,1.894
2010-12-09,7,0.307,0.354
2010-12-09,8,0.337,0.362
2010-12-09,9,0.828,1.25
2010-12-09,10,0.34,0.426
2010-12-09,11,0.176,0.288
2010-12-09,12,0.128,0.14
2010-12-09,13,1.066,1.98
2010-12-09,14,1.234,1.919
2010-12-09,15,0.198,0.366
2010-12-09,16,0.296,0.545
2010-12-09,17,0.264,1.431
2010-12-09,18,2.766,3.144
2010-12-09,19,1.347,2.059
2010-12-09,20,0.645,0.804
2010-12-09,21,0.606,2.118
2010-12-09,22,1.203,1.26
2010-12-09,23,0.708,1.104
2010-12-09,24,1.543,2.24
2010-12-10,1,0.113,0.152
2010-12-10,2,0.095,0.095
2010-12-10,3,0.107,0.171
2010-12-10,4,0.187,0.196
2010-12-10,5,0.094,0.099
2010-12-10,6,0.351,1.34
2010-12-10,7,0.3,0.353
2010-12-10,8,0.327,0.375
2010-12-10,9,1.176,1.391
2010-12-10,10,1.153,1.898
2010-12-10,11,0.174,1.514
2010-12-10,12,0.263,0.339
2010-12-10,13,0.613,1.205
2010-12-10,14,0.79,1.544
2010-12-10,15,0.495,0.505
2010-12-10,16,0.382,0.526
2010-12-10,17,0.354,0.67
2010-12-10,18,0.615,1.198
2010-12-10,19,0.754,0.838
2010-12-10,20,0.86,0.991
2010-12-10,21,0.915,1.393
2010-12-10,22,0.723,1.108
2010-12-10,23,0.677,0.753
2010-12-10,24,0.917,1.82
2010-12-11,1,0.431,0.795
2010-12-11,2,0.381,0.391
2010-12-11,3,0.094,0.132
2010-12-11,4,0.143,0.238
2010-12-11,5,0.092,0.101
2010-12-11,6,0.129,0.164
2010-12-11,7,0.282,0.307
2010-12-11,8,0.126,0.185
2010-12-11,9,0.157,0.165
2010-12-11,10,0.956,1.402
2010-12-11,11,0.933,1.962
2010-12-11,12,1.201,1.895
2010-12-11,13,1.108,1.749
2010-12-11,14,0.713,1.748
2010-12-11,15,0.131,0.193
2010-12-11,16,0.193,0.262
2010-12-11,17,0.781,0.826
2010-12-11,18,0.686,0.818
2010-12-11,19,0.656,0.659
2010-12-11,20,0.536,0.885
2010-12-11,21,0.737,0.833
2010-12-11,22,1.199,1.285
2010-12-11,23,1.205,2.262
2010-12-11,24,0.535,0.623
2010-12-12,1,0.217,0.296
2010-12-12,2,0.272,0.293
2010-12-12,3,0.222,0.574
2010-12-12,4,0.238,0.697
2010-12-12,5,0.099,0.121
2010-12-12,6,0.131,0.147
2010-12-12,7,0.292,0.311
2010-12-12,8,0.188,0.217
2010-12-12,9,0.244,0.258
2010-12-12,10,0.549,0.819
2010-12-12,11,0.363,0.363
2010-12-12,12,0.483,1.203
2010-12-12,13,0.434,2.65
2010-12-12,14,0.479,0.571
2010-12-12,15,2.057,2.448
2010-12-12,16,0.238,0.84
2010-12-12,17,0.303,0.564
2010-12-12,18,0.619,0.626
2010-12-12,19,0.827,1.304
2010-12-12,20,0.93,1.081
2010-12-12,21,0.96,1.462
2010-12-12,22,1.31,2.199
2010-12-12,23,0.888,2.146
2010-12-12,24,0.112,0.322
2010-12-13,1,0.152,0.201
2010-12-13,2,0.099,0.185
2010-12-13,3,0.127,0.134
2010-12-13,4,0.104,0.182
2010-12-13,5,0.212,0.244
2010-12-13,6,0.252,1.41
2010-12-13,7,0.315,0.421
2010-12-13,8,0.195,0.311
2010-12-13,9,0.908,1.258
2010-12-13,10,0.506,0.536
2010-12-13,11,0.169,0.235
2010-12-13,12,1.124,1.704
2010-12-13,13,1.49,1.791
2010-12-13,14,1.073,1.342
2010-12-13,15,0.519,0.554
2010-12-13,16,0.623,1.244
2010-12-13,17,0.397,0.645
2010-12-13,18,0.85,1.148
2010-12-13,19,0.785,0.823
2010-12-13,20,0.599,0.776
2010-12-13,21,0.439,0.474
2010-12-13,22,0.599,0.739
2010-12-13,23,0.639,1.067
2010-12-13,24,1.269,1.921
2010-12-14,1,0.092,0.167
2010-12-14,2,0.148,0.175
2010-12-14,3,0.156,0.176
2010-12-14,4,0.142,0.248
2010-12-14,5,0.139,0.177
2010-12-14,6,0.439,1.294
2010-12-14,7,0.384,0.408
2010-12-14,8,0.241,0.381
2010-12-14,9,0.456,1.509
2010-12-14,10,0.434,0.57
2010-12-14,11,0.175,0.606
2010-12-14,12,0.192,0.227
2010-12-14,13,0.172,1.154
2010-12-14,14,0.405,0.788
2010-12-14,15,0.168,0.171
2010-12-14,16,0.324,0.459
2010-12-14,17,0.406,0.577
2010-12-14,18,2.064,2.317
2010-12-14,19,0.932,1.032
2010-12-14,20,0.841,0.869
2010-12-14,21,0.784,1.086
2010-12-14,22,0.836,0.961
2010-12-14,23,0.748,0.954
2010-12-14,24,0.725,3.576
2010-12-15,1,0.092,0.092
2010-12-15,2,0.113,0.146
2010-12-15,3,0.096,0.147
2010-12-15,4,0.129,0.227
2010-12-15,5,0.098,0.165
2010-12-15,6,0.289,1.829
2010-12-15,7,0.34,0.413
2010-12-15,8,0.325,0.353
2010-12-15,9,0.871,1.306
2010-12-15,10,0.975,0.984
2010-12-15,11,0.41,0.424
2010-12-15,12,0.304,0.363
2010-12-15,13,0.353,0.578
2010-12-15,14,0.461,1.472
2010-12-15,15,0.267,0.64
2010-12-15,16,0.191,1.061
2010-12-15,17,0.456,0.854
2010-12-15,18,0.83,1.393
2010-12-15,19,0.938,1.072
2010-12-15,20,0.802,1.157
2010-12-15,21,0.705,0.713
2010-12-15,22,1.043,1.098
2010-12-15,23,0.633,0.759
2010-12-15,24,0.993,2.671
2010-12-16,1,0.216,0.283
2010-12-16,2,0.1,0.182
2010-12-16,3,0.141,0.154
2010-12-16,4,0.091,0.092
2010-12-16,5,0.166,0.181
2010-12-16,6,0.161,1.446
2010-12-16,7,0.429,1.41
2010-12-16,8,0.285,0.397
2010-12-16,9,1.422,1.602
2010-12-16,10,0.466,0.84
2010-12-16,11,0.168,0.329
2010-12-16,12,0.169,0.229
2010-12-16,13,0.336,0.381
2010-12-16,14,0.215,0.287
2010-12-16,15,0.09,0.117
2010-12-16,16,0.171,0.357
2010-12-16,17,0.585,0.586
2010-12-16,18,0.654,0.93
2010-12-16,19,0.808,1.04
2010-12-16,20,0.915,1.711
2010-12-16,21,0.722,0.732
2010-12-16,22,1.21,1.271
2010-12-16,23,0.649,1.154
2010-12-16,24,0.852,0.915
2010-12-17,1,0.107,2.294
2010-12-17,2,0.19,0.206
2010-12-17,3,0.09,0.091
2010-12-17,4,0.099,0.16
2010-12-17,5,0.11,0.207
2010-12-17,6,0.134,0.202
2010-12-17,7,0.484,2.203
2010-12-17,8,0.248,0.284
2010-12-17,9,0.378,1.301
2010-12-17,10,0.164,0.324
2010-12-17,11,0.09,0.145
2010-12-17,12,0.091,0.149
2010-12-17,13,0.148,0.184
2010-12-17,14,0.263,0.316
2010-12-17,15,0.096,0.816
2010-12-17,16,0.425,2.378
2010-12-17,17,0.656,2.189
2010-12-17,18,0.607,1.313
2010-12-17,19,0.897,1.094
2010-12-17,20,1.039,3.084
2010-12-17,21,1.213,2.729
2010-12-17,22,0.987,1.005
2010-12-17,23,1.073,1.72
2010-12-17,24,0.729,1.072
2010-12-18,1,0.628,0.924
2010-12-18,2,0.396,0.679
2010-12-18,3,0.29,0.62
2010-12-18,4,0.094,0.188
2010-12-18,5,0.108,0.184
2010-12-18,6,0.12,0.135
2010-12-18,7,0.294,0.365
2010-12-18,8,0.095,0.185
2010-12-18,9,0.098,0.165
2010-12-18,10,1.071,1.157
2010-12-18,11,0.786,2.371
2010-12-18,12,1.012,2.004
2010-12-18,13,0.368,0.677
2010-12-18,14,0.537,0.605
2010-12-18,15,0.887,1.888
2010-12-18,16,0.664,1.015
2010-12-18,17,0.398,0.569
2010-12-18,18,0.495,0.499
2010-12-18,19,0.651,0.764
2010-12-18,20,0.539,0.85
2010-12-18,21,0.749,0.872
2010-12-18,22,1.395,1.439
2010-12-18,23,0.76,0.997
2010-12-18,24,1.153,1.17
2010-12-19,1,0.639,0.668
2010-12-19,2,0.291,0.605
2010-12-19,3,0.157,0.455
2010-12-19,4,0.151,0.188
2010-12-19,5,0.102,0.177
2010-12-19,6,0.133,0.249
2010-12-19,7,0.297,0.367
2010-12-19,8,0.093,0.185
2010-12-19,9,0.21,0.764
2010-12-19,10,0.476,0.964
2010-12-19,11,1.201,3.281
2010-12-19,12,0.895,1.388
2010-12-19,13,1.826,1.954
2010-12-19,14,1.217,2.317
2010-12-19,15,1.3,1.479
2010-12-19,16,1.051,1.31
2010-12-19,17,0.544,0.746
2010-12-19,18,0.64,0.932
2010-12-19,19,1.42,2.1
2010-12-19,20,1.027,1.135
2010-12-19,21,1.124,1.133
2010-12-19,22,0.997,1.486
2010-12-19,23,0.424,0.49
2010-12-19,24,0.087,0.638
2010-12-20,1,0.172,0.224
2010-12-20,2,0.087,0.15
2010-12-20,3,0.1,0.105
2010-12-20,4,0.115,0.131
2010-12-20,5,0.088,0.162
2010-12-20,6,0.238,1.905
2010-12-20,7,0.389,1.011
2010-12-20,8,0.232,0.488
2010-12-20,9,0.954,1.09
2010-12-20,10,0.28,0.366
2010-12-20,11,0.169,0.392
2010-12-20,12,0.303,0.384
2010-12-20,13,0.257,1.171
2010-12-20,14,0.848,1.254
2010-12-20,15,0.148,0.254
2010-12-20,16,0.093,0.164
2010-12-20,17,0.432,0.708
2010-12-20,18,1.654,2.27
2010-12-20,19,0.764,0.923
2010-12-20,20,0.668,0.723
2010-12-20,21,0.705,0.717
2010-12-20,22,1.079,2.336
2010-12-20,23,0.844,0.851
2010-12-20,24,0.321,0.335
2010-12-21,1,0.088,0.088
2010-12-21,2,0.141,0.148
2010-12-21,3,0.147,0.19
2010-12-21,4,0.088,0.119
2010-12-21,5,0.092,0.156
2010-12-21,6,0.128,0.697
2010-12-21,7,0.395,1.658
2010-12-21,8,0.284,0.553
2010-12-21,9,0.719,1.145
2010-12-21,10,0.286,0.386
2010-12-21,11,0.17,0.357
2010-12-21,12,0.357,0.7
2010-12-21,13,1.615,2.101
2010-12-21,14,0.868,1.73
2010-12-21,15,0.29,0.689
2010-12-21,16,0.197,0.293
2010-12-21,17,0.704,0.737
2010-12-21,18,1.058,1.493
2010-12-21,19,1.023,1.166
2010-12-21,20,0.771,0.842
2010-12-21,21,0.795,1.716
2010-12-21,22,3.693,4.728
2010-12-21,23,0.742,1.676
2010-12-21,24,0.179,0.837
2010-12-22,1,0.099,0.217
2010-12-22,2,0.087,0.152
2010-12-22,3,0.088,0.149
2010-12-22,4,0.087,0.101
2010-12-22,5,0.139,0.144
2010-12-22,6,0.133,0.179
2010-12-22,7,0.335,2.151
2010-12-22,8,0.219,0.485
2010-12-22,9,0.344,1.429
2010-12-22,10,0.254,0.318
2010-12-22,11,0.308,0.357
2010-12-22,12,0.173,0.304
2010-12-22,13,0.28,0.736
2010-12-22,14,0.316,0.672
2010-12-22,15,0.236,0.635
2010-12-22,16,0.217,0.878
2010-12-22,17,1.032,1.118
2010-12-22,18,0.81,1.89
2010-12-22,19,0.763,0.791
2010-12-22,20,0.705,1.904
2010-12-22,21,0.822,1.007
2010-12-22,22,0.946,0.969
2010-12-22,23,0.99,1.559
2010-12-22,24,0.871,0.984
2010-12-23,1,0.344,0.598
2010-12-23,2,0.373,0.415
2010-12-23,3,0.241,0.244
2010-12-23,4,0.257,0.313
2010-12-23,5,0.237,0.289
2010-12-23,6,0.238,0.289
2010-12-23,7,0.61,2.489
2010-12-23,8,0.404,0.699
2010-12-23,9,0.851,1.925
2010-12-23,10,0.39,0.463
2010-12-23,11,0.423,0.611
2010-12-23,12,0.497,0.927
2010-12-23,13,0.317,0.396
2010-12-23,14,0.511,0.621
2010-12-23,15,0.759,2.172
2010-12-23,16,0.65,0.695
2010-12-23,17,0.806,1.0
2010-12-23,18,2.522,2.546
2010-12-23,19,1.567,1.628
2010-12-23,20,0.972,1.122
2010-12-23,21,1.039,1.39
2010-12-23,22,1.117,1.338
2010-12-23,23,0.615,0.66
2010-12-23,24,0.544,0.545
2010-12-24,1,0.602,0.725
2010-12-24,2,0.689,1.072
2010-12-24,3,0.287,0.397
2010-12-24,4,0.272,0.32
2010-12-24,5,0.236,0.245
2010-12-24,6,0.268,0.29
2010-12-24,7,0.425,0.538
2010-12-24,8,0.298,0.324
2010-12-24,9,0.255,0.344
2010-12-24,10,0.475,0.927
2010-12-24,11,0.486,4.352
2010-12-24,12,0.674,2.338
2010-12-24,13,1.354,1.807
2010-12-24,14,1.303,1.491
2010-12-24,15,1.038,1.756
2010-12-24,16,1.304,1.755
2010-12-24,17,1.04,1.527
2010-12-24,18,0.926,1.388
2010-12-24,19,1.312,2.747
2010-12-24,20,1.372,1.759
2010-12-24,21,0.888,0.922
2010-12-24,22,1.048,1.446
2010-12-24,23,1.068,1.477
2010-12-24,24,0.833,0.927
2010-12-25,1,0.596,1.071
2010-12-25,2,0.291,0.507
2010-12-25,3,0.233,0.235
2010-12-25,4,0.274,0.291
2010-12-25,5,0.266,0.322
2010-12-25,6,0.273,0.275
2010-12-25,7,0.436,0.474
2010-12-25,8,0.254,0.27
2010-12-25,9,0.334,0.711
2010-12-25,10,0.825,0.957
2010-12-25,11,0.582,0.713
2010-12-25,12,1.36,2.563
2010-12-25,13,1.47,3.212
2010-12-25,14,2.858,4.71
2010-12-25,15,0.878,2.22
2010-12-25,16,0.948,1.591
2010-12-25,17,0.684,1.047
2010-12-25,18,0.654,0.706
2010-12-25,19,0.807,1.488
2010-12-25,20,1.409,1.87
2010-12-25,21,0.927,1.061
2010-12-25,22,1.238,1.505
2010-12-25,23,0.95,1.816
2010-12-25,24,0.605,0.702
2010-12-26,1,0.481,0.951
2010-12-26,2,0.237,0.341
2010-12-26,3,0.265,0.28
2010-12-26,4,0.236,0.238
2010-12-26,5,0.269,0.31
2010-12-26,6,0.31,0.332
2010-12-26,7,0.411,0.443
2010-12-26,8,0.252,0.293
2010-12-26,9,0.262,1.733
2010-12-26,10,0.873,1.092
2010-12-26,11,0.783,1.111
2010-12-26,12,1.895,2.087
2010-12-26,13,2.339,2.481
2010-12-26,14,1.443,1.451
2010-12-26,15,0.667,1.261
2010-12-26,16,0.621,2.311
2010-12-26,17,0.746,0.84
2010-12-26,18,0.728,0.832
2010-12-26,19,0.914,1.167
2010-12-26,20,0.891,1.07
2010-12-26,21,1.215,1.279
2010-12-26,22,1.428,1.8
2010-12-26,23,0.751,0.845
2010-12-26,24,0.85,1.039
2010-12-27,1,0.603,0.736
2010-12-27,2,0.638,0.835
2010-12-27,3,0.235,0.45
2010-12-27,4,0.33,0.338
2010-12-27,5,0.248,0.257
2010-12-27,6,0.243,0.326
2010-12-27,7,0.431,0.438
2010-12-27,8,0.287,0.318
2010-12-27,9,0.33,0.405
2010-12-27,10,0.568,0.803
2010-12-27,11,0.596,1.555
2010-12-27,12,0.492,1.083
2010-12-27,13,0.683,0.692
2010-12-27,14,0.898,0.996
2010-12-27,15,0.96,1.502
2010-12-27,16,0.746,1.967
2010-12-27,17,1.94,2.648
2010-12-27,18,0.816,1.436
2010-12-27,19,1.041,1.151
2010-12-27,20,0.832,1.93
2010-12-27,21,0.862,0.87
2010-12-27,22,0.766,1.462
2010-12-27,23,0.704,0.824
2010-12-27,24,0.64,0.689
2010-12-28,1,0.376,0.649
2010-12-28,2,0.27,0.438
2010-12-28,3,0.208,0.253
2010-12-28,4,0.156,0.179
2010-12-28,5,0.088,0.102
2010-12-28,6,0.135,0.146
2010-12-28,7,0.269,0.449
2010-12-28,8,0.09,0.157
2010-12-28,9,0.175,0.244
2010-12-28,10,1.162,2.571
2010-12-28,11,0.707,2.043
2010-12-28,12,0.151,0.182
2010-12-28,13,0.087,0.087
2010-12-28,14,0.268,0.381
2010-12-28,15,0.093,0.157
2010-12-28,16,0.087,0.088
2010-12-28,17,0.311,0.614
2010-12-28,18,1.376,1.524
2010-12-28,19,0.465,1.206
2010-12-28,20,0.549,0.629
2010-12-28,21,0.635,1.029
2010-12-28,22,0.913,1.204
2010-12-28,23,0.255,0.638
2010-12-28,24,0.22,0.245
2010-12-29,1,0.215,0.28
2010-12-29,2,0.31,0.523
2010-12-29,3,0.256,0.487
2010-12-29,4,0.134,0.138
2010-12-29,5,0.17,0.2
2010-12-29,6,0.1,0.154
2010-12-29,7,0.232,0.317
2010-12-29,8,0.101,0.179
2010-12-29,9,0.252,0.321
2010-12-29,10,0.148,0.633
2010-12-29,11,0.442,0.692
2010-12-29,12,0.469,1.241
2010-12-29,13,0.283,0.319
2010-12-29,14,0.378,0.502
2010-12-29,15,0.302,0.737
2010-12-29,16,0.49,0.706
2010-12-29,17,0.631,0.641
2010-12-29,18,0.508,1.023
2010-12-29,19,1.707,2.342
2010-12-29,20,1.169,1.646
2010-12-29,21,0.966,2.002
2010-12-29,22,1.169,1.418
2010-12-29,23,0.634,0.801
2010-12-29,24,0.429,0.483
2010-12-30,1,0.201,0.606
2010-12-30,2,0.089,0.093
2010-12-30,3,0.115,0.148
2010-12-30,4,0.142,0.187
2010-12-30,5,0.09,0.165
2010-12-30,6,0.119,0.137
2010-12-30,7,0.223,0.373
2010-12-30,8,0.146,0.172
2010-12-30,9,0.089,0.089
2010-12-30,10,0.246,2.236
2010-12-30,11,1.627,2.104
2010-12-30,12,1.615,1.878
2010-12-30,13,2.253,3.417
2010-12-30,14,0.793,2.679
2010-12-30,15,0.289,0.916
2010-12-30,16,0.567,0.704
2010-12-30,17,0.852,0.957
2010-12-30,18,0.831,1.191
2010-12-30,19,0.819,1.526
2010-12-30,20,1.542,1.62
2010-12-30,21,0.766,0.827
2010-12-30,22,1.113,1.127
2010-12-30,23,0.616,0.799
2010-12-30,24,0.729,0.892
2010-12-31,1,0.114,0.122
2010-12-31,2,0.166,0.208
2010-12-31,3,0.098,0.153
2010-12-31,4,0.093,0.154
2010-12-31,5,0.187,0.203
2010-12-31,6,0.105,0.918
2010-12-31,7,0.373,0.536
2010-12-31,8,0.15,0.283
2010-12-31,9,0.211,0.224
2010-12-31,10,0.345,0.654
2010-12-31,11,1.019,1.21
2010-12-31,12,0.593,1.856
2010-12-31,13,0.523,1.908
2010-12-31,14,0.484,0.714
2010-12-31,15,0.36,0.369
2010-12-31,16,0.281,0.299
2010-12-31,17,0.784,1.095
2010-12-31,18,0.591,0.617
2010-12-31,19,0.655,0.781
2010-12-31,20,0.731,0.983
2010-12-31,21,0.742,0.792
2010-12-31,22,1.034,1.619
2010-12-31,23,0.492,1.153
2010-12-31,24,0.186,0.232
