date,time,lower,upper
2009-07-14,1,0.087,0.098
2009-07-14,2,0.061,0.09
2009-07-14,3,0.062,0.081
2009-07-14,4,0.055,0.089
2009-07-14,5,0.083,0.09
2009-07-14,6,0.062,0.091
2009-07-14,7,0.057,0.077
2009-07-14,8,0.027,0.062
2009-07-14,9,0.047,0.062
2009-07-14,10,0.065,0.085
2009-07-14,11,0.149,0.448
2009-07-14,12,0.054,0.169
2009-07-14,13,0.042,0.092
2009-07-14,14,0.227,0.234
2009-07-14,15,0.109,0.343
2009-07-14,16,0.089,0.121
2009-07-14,17,0.11,0.122
2009-07-14,18,0.117,0.152
2009-07-14,19,0.122,0.903
2009-07-14,20,0.671,0.78
2009-07-14,21,1.756,2.121
2009-07-14,22,0.41,0.666
2009-07-14,23,0.213,0.295
2009-07-14,24,0.254,0.333
2009-07-15,1,0.192,0.248
2009-07-15,2,0.065,0.086
2009-07-15,3,0.074,0.089
2009-07-15,4,0.072,0.092
2009-07-15,5,0.055,0.09
2009-07-15,6,0.055,0.09
2009-07-15,7,0.055,0.081
2009-07-15,8,0.033,0.061
2009-07-15,9,0.039,0.051
2009-07-15,10,0.068,0.533
2009-07-15,11,0.065,0.129
2009-07-15,12,0.036,0.061
2009-07-15,13,0.031,0.066
2009-07-15,14,0.06,0.068
2009-07-15,15,0.038,0.067
2009-07-15,16,0.042,0.057
2009-07-15,17,0.031,0.065
2009-07-15,18,0.067,0.068
2009-07-15,19,0.037,0.833
2009-07-15,20,0.114,0.439
2009-07-15,21,0.144,0.164
2009-07-15,22,0.268,0.689
2009-07-15,23,0.279,0.606
2009-07-15,24,0.241,0.254
2009-07-16,1,0.134,0.213
2009-07-16,2,0.09,0.093
2009-07-16,3,0.089,0.092
2009-07-16,4,0.096,0.103
2009-07-16,5,0.096,0.103
2009-07-16,6,0.088,0.091
2009-07-16,7,0.089,0.09
2009-07-16,8,0.097,0.28
2009-07-16,9,0.09,0.103
2009-07-16,10,0.108,0.459
2009-07-16,11,0.072,0.139
2009-07-16,12,0.218,0.47
2009-07-16,13,0.046,0.103
2009-07-16,14,0.064,0.068
2009-07-16,15,1.108,1.397
2009-07-16,16,0.101,0.534
2009-07-16,17,0.346,1.526
2009-07-16,18,0.065,0.444
2009-07-16,19,0.564,1.916
2009-07-16,20,0.248,0.419
2009-07-16,21,0.451,0.849
2009-07-16,22,0.439,0.442
2009-07-16,23,0.307,0.308
2009-07-16,24,0.227,0.333
2009-07-17,1,0.072,0.111
2009-07-17,2,0.087,0.1
2009-07-17,3,0.074,0.081
2009-07-17,4,0.076,0.099
2009-07-17,5,0.078,0.099
2009-07-17,6,0.075,0.079
2009-07-17,7,0.07,0.097
2009-07-17,8,0.082,0.268
2009-07-17,9,0.051,0.343
2009-07-17,10,0.07,0.072
2009-07-17,11,0.034,0.071
2009-07-17,12,0.072,0.334
2009-07-17,13,0.227,0.232
2009-07-17,14,0.136,0.427
2009-07-17,15,0.16,0.178
2009-07-17,16,0.077,0.127
2009-07-17,17,0.068,0.3
2009-07-17,18,0.145,0.446
2009-07-17,19,0.108,0.201
2009-07-17,20,0.138,0.142
2009-07-17,21,0.089,0.601
2009-07-17,22,0.175,0.332
2009-07-17,23,0.232,0.288
2009-07-17,24,0.129,0.244
2009-07-18,1,0.09,0.128
2009-07-18,2,0.089,0.123
2009-07-18,3,0.119,0.124
2009-07-18,4,0.096,0.114
2009-07-18,5,0.095,0.122
2009-07-18,6,0.11,0.123
2009-07-18,7,0.093,0.115
2009-07-18,8,0.124,0.264
2009-07-18,9,0.125,1.088
2009-07-18,10,0.152,1.43
2009-07-18,11,0.136,0.198
2009-07-18,12,0.101,0.113
2009-07-18,13,0.107,0.126
2009-07-18,14,0.107,0.488
2009-07-18,15,0.342,2.031
2009-07-18,16,0.153,0.173
2009-07-18,17,0.154,0.281
2009-07-18,18,0.156,0.162
2009-07-18,19,1.358,1.963
2009-07-18,20,0.913,1.272
2009-07-18,21,0.501,0.504
2009-07-18,22,0.259,0.356
2009-07-18,23,0.223,0.25
2009-07-18,24,0.253,0.365
2009-07-19,1,0.259,0.391
2009-07-19,2,0.336,0.378
2009-07-19,3,0.37,0.381
2009-07-19,4,0.339,0.37
2009-07-19,5,0.345,0.373
2009-07-19,6,0.379,0.381
2009-07-19,7,0.345,0.379
2009-07-19,8,0.378,0.517
2009-07-19,9,0.422,0.546
2009-07-19,10,0.255,0.393
2009-07-19,11,0.527,1.352
2009-07-19,12,0.169,0.199
2009-07-19,13,0.685,1.938
2009-07-19,14,1.082,2.948
2009-07-19,15,0.248,0.661
2009-07-19,16,0.135,0.171
2009-07-19,17,0.18,0.354
2009-07-19,18,0.136,0.406
2009-07-19,19,0.127,1.322
2009-07-19,20,0.298,0.585
2009-07-19,21,0.141,0.142
2009-07-19,22,0.228,0.323
2009-07-19,23,0.317,0.42
2009-07-19,24,0.434,0.482
2009-07-20,1,0.094,0.271
2009-07-20,2,0.055,0.09
2009-07-20,3,0.081,0.092
2009-07-20,4,0.068,0.09
2009-07-20,5,0.068,0.09
2009-07-20,6,0.092,0.093
2009-07-20,7,0.073,0.075
2009-07-20,8,0.091,0.253
2009-07-20,9,0.106,0.276
2009-07-20,10,0.204,0.323
2009-07-20,11,0.243,0.706
2009-07-20,12,0.208,0.993
2009-07-20,13,0.146,0.247
2009-07-20,14,0.336,0.59
2009-07-20,15,0.147,0.23
2009-07-20,16,0.164,0.435
2009-07-20,17,0.209,0.403
2009-07-20,18,0.175,0.204
2009-07-20,19,0.215,0.22
2009-07-20,20,0.453,0.929
2009-07-20,21,0.265,0.512
2009-07-20,22,0.258,1.843
2009-07-20,23,0.49,1.623
2009-07-20,24,0.274,0.315
2009-07-21,1,0.131,0.152
2009-07-21,2,0.114,0.13
2009-07-21,3,0.13,0.132
2009-07-21,4,0.095,0.13
2009-07-21,5,0.095,0.131
2009-07-21,6,0.13,0.131
2009-07-21,7,0.094,0.13
2009-07-21,8,0.13,0.267
2009-07-21,9,0.182,0.786
2009-07-21,10,0.393,0.418
2009-07-21,11,0.258,1.887
2009-07-21,12,0.337,0.487
2009-07-21,13,0.059,0.077
2009-07-21,14,0.062,0.079
2009-07-21,15,0.155,0.374
2009-07-21,16,0.144,0.813
2009-07-21,17,0.226,0.737
2009-07-21,18,0.061,0.195
2009-07-21,19,0.416,0.941
2009-07-21,20,0.133,0.146
2009-07-21,21,0.195,0.216
2009-07-21,22,0.271,0.515
2009-07-21,23,0.229,0.253
2009-07-21,24,0.253,0.281
2009-07-22,1,0.092,0.114
2009-07-22,2,0.093,0.099
2009-07-22,3,0.071,0.101
2009-07-22,4,0.066,0.101
2009-07-22,5,0.099,0.1
2009-07-22,6,0.065,0.101
2009-07-22,7,0.065,0.102
2009-07-22,8,0.1,0.57
2009-07-22,9,0.456,0.644
2009-07-22,10,2.468,2.608
2009-07-22,11,0.182,1.402
2009-07-22,12,0.141,0.165
2009-07-22,13,0.138,0.149
2009-07-22,14,0.118,0.141
2009-07-22,15,0.142,0.161
2009-07-22,16,0.138,0.171
2009-07-22,17,0.183,0.3
2009-07-22,18,0.14,0.574
2009-07-22,19,0.167,0.18
2009-07-22,20,0.145,0.387
2009-07-22,21,0.117,0.144
2009-07-22,22,0.224,0.496
2009-07-22,23,0.301,0.494
2009-07-22,24,0.206,0.301
2009-07-23,1,0.082,0.09
2009-07-23,2,0.088,0.103
2009-07-23,3,0.077,0.101
2009-07-23,4,0.084,0.09
2009-07-23,5,0.09,0.099
2009-07-23,6,0.074,0.099
2009-07-23,7,0.073,0.091
2009-07-23,8,0.102,0.262
2009-07-23,9,0.084,0.521
2009-07-23,10,0.125,0.235
2009-07-23,11,0.152,0.17
2009-07-23,12,0.092,0.134
2009-07-23,13,0.041,0.076
2009-07-23,14,0.078,0.078
2009-07-23,15,0.164,0.484
2009-07-23,16,0.096,0.139
2009-07-23,17,0.133,0.329
2009-07-23,18,0.162,0.218
2009-07-23,19,1.241,1.417
2009-07-23,20,0.23,0.318
2009-07-23,21,0.215,0.237
2009-07-23,22,0.265,0.291
2009-07-23,23,0.237,0.393
2009-07-23,24,0.245,0.248
2009-07-24,1,0.095,0.104
2009-07-24,2,0.088,0.1
2009-07-24,3,0.077,0.103
2009-07-24,4,0.069,0.099
2009-07-24,5,0.102,0.104
2009-07-24,6,0.067,0.102
2009-07-24,7,0.066,0.102
2009-07-24,8,0.1,0.274
2009-07-24,9,0.16,0.598
2009-07-24,10,0.194,0.207
2009-07-24,11,0.126,0.136
2009-07-24,12,0.049,0.075
2009-07-24,13,0.078,0.079
2009-07-24,14,0.042,0.483
2009-07-24,15,0.194,0.784
2009-07-24,16,0.142,0.161
2009-07-24,17,0.152,0.332
2009-07-24,18,0.169,0.444
2009-07-24,19,0.207,1.394
2009-07-24,20,0.566,1.208
2009-07-24,21,1.692,1.88
2009-07-24,22,0.322,1.252
2009-07-24,23,0.299,0.308
2009-07-24,24,0.474,0.672
2009-07-25,1,0.187,0.296
2009-07-25,2,0.043,0.085
2009-07-25,3,0.081,0.083
2009-07-25,4,0.058,0.061
2009-07-25,5,0.071,0.08
2009-07-25,6,0.046,0.079
2009-07-25,7,0.037,0.078
2009-07-25,8,0.077,0.251
2009-07-25,9,0.189,0.255
2009-07-25,10,0.121,0.17
2009-07-25,11,0.147,0.16
2009-07-25,12,0.253,0.256
2009-07-25,13,0.048,0.085
2009-07-25,14,0.074,0.075
2009-07-25,15,0.048,0.064
2009-07-25,16,0.065,0.074
2009-07-25,17,0.043,0.254
2009-07-25,18,0.126,0.153
2009-07-25,19,0.045,0.427
2009-07-25,20,0.346,0.434
2009-07-25,21,0.206,0.213
2009-07-25,22,0.489,0.586
2009-07-25,23,0.269,0.28
2009-07-25,24,0.266,0.282
2009-07-26,1,0.134,0.241
2009-07-26,2,0.095,0.136
2009-07-26,3,0.072,0.072
2009-07-26,4,0.041,0.069
2009-07-26,5,0.068,0.071
2009-07-26,6,0.058,0.072
2009-07-26,7,0.05,0.059
2009-07-26,8,0.073,0.24
2009-07-26,9,0.052,0.468
2009-07-26,10,0.175,0.177
2009-07-26,11,0.203,1.131
2009-07-26,12,0.21,0.23
2009-07-26,13,0.228,0.463
2009-07-26,14,0.125,0.17
2009-07-26,15,0.077,0.097
2009-07-26,16,0.042,0.074
2009-07-26,17,0.075,0.224
2009-07-26,18,0.058,0.071
2009-07-26,19,0.042,0.07
2009-07-26,20,0.074,0.074
2009-07-26,21,0.278,0.543
2009-07-26,22,0.294,0.33
2009-07-26,23,0.283,0.313
2009-07-26,24,0.328,0.491
2009-07-27,1,0.246,0.28
2009-07-27,2,0.27,0.285
2009-07-27,3,0.052,0.131
2009-07-27,4,0.077,0.079
2009-07-27,5,0.039,0.074
2009-07-27,6,0.038,0.074
2009-07-27,7,0.072,0.074
2009-07-27,8,0.043,0.244
2009-07-27,9,0.079,0.43
2009-07-27,10,0.193,0.229
2009-07-27,11,0.204,0.215
2009-07-27,12,0.188,0.215
2009-07-27,13,0.589,3.908
2009-07-27,14,0.067,0.289
2009-07-27,15,0.059,0.079
2009-07-27,16,0.074,0.08
2009-07-27,17,0.048,0.249
2009-07-27,18,0.076,0.186
2009-07-27,19,0.438,2.175
2009-07-27,20,0.209,1.024
2009-07-27,21,0.146,0.147
2009-07-27,22,0.538,0.638
2009-07-27,23,0.326,0.558
2009-07-27,24,0.288,0.377
2009-07-28,1,0.081,0.169
2009-07-28,2,0.073,0.079
2009-07-28,3,0.051,0.106
2009-07-28,4,0.063,0.088
2009-07-28,5,0.079,0.088
2009-07-28,6,0.056,0.085
2009-07-28,7,0.079,0.087
2009-07-28,8,0.048,0.244
2009-07-28,9,0.078,0.439
2009-07-28,10,0.275,0.298
2009-07-28,11,0.235,0.264
2009-07-28,12,0.263,0.28
2009-07-28,13,0.231,0.856
2009-07-28,14,0.143,0.198
2009-07-28,15,0.048,0.077
2009-07-28,16,0.079,0.08
2009-07-28,17,0.044,0.253
2009-07-28,18,0.063,0.08
2009-07-28,19,0.056,0.078
2009-07-28,20,0.182,0.192
2009-07-28,21,0.227,0.594
2009-07-28,22,0.737,0.802
2009-07-28,23,0.371,0.494
2009-07-28,24,0.5,1.302
2009-07-29,1,0.289,0.426
2009-07-29,2,0.077,0.091
2009-07-29,3,0.049,0.066
2009-07-29,4,0.047,0.073
2009-07-29,5,0.072,0.083
2009-07-29,6,0.043,0.069
2009-07-29,7,0.037,0.073
2009-07-29,8,0.074,0.244
2009-07-29,9,0.038,0.384
2009-07-29,10,0.138,0.164
2009-07-29,11,0.181,0.211
2009-07-29,12,1.235,1.26
2009-07-29,13,1.368,2.292
2009-07-29,14,0.366,1.66
2009-07-29,15,0.113,0.393
2009-07-29,16,0.156,0.175
2009-07-29,17,0.176,0.34
2009-07-29,18,0.222,0.237
2009-07-29,19,0.219,0.221
2009-07-29,20,0.207,0.209
2009-07-29,21,0.172,0.212
2009-07-29,22,0.206,0.533
2009-07-29,23,0.354,0.598
2009-07-29,24,0.27,0.291
2009-07-30,1,0.078,0.212
2009-07-30,2,0.038,0.073
2009-07-30,3,0.071,0.072
2009-07-30,4,0.051,0.061
2009-07-30,5,0.057,0.075
2009-07-30,6,0.053,0.075
2009-07-30,7,0.046,0.064
2009-07-30,8,0.074,0.371
2009-07-30,9,0.165,0.576
2009-07-30,10,0.169,0.366
2009-07-30,11,0.18,0.445
2009-07-30,12,0.199,1.693
2009-07-30,13,0.423,0.841
2009-07-30,14,0.127,0.177
2009-07-30,15,0.148,0.438
2009-07-30,16,0.126,0.196
2009-07-30,17,0.236,0.402
2009-07-30,18,0.193,0.213
2009-07-30,19,0.127,0.147
2009-07-30,20,0.117,0.179
2009-07-30,21,0.21,0.444
2009-07-30,22,0.536,1.145
2009-07-30,23,0.283,0.487
2009-07-30,24,0.076,0.088
2009-07-31,1,0.045,0.071
2009-07-31,2,0.07,0.072
2009-07-31,3,0.045,0.063
2009-07-31,4,0.057,0.072
2009-07-31,5,0.053,0.073
2009-07-31,6,0.047,0.062
2009-07-31,7,0.12,0.359
2009-07-31,8,0.316,0.729
2009-07-31,9,0.078,0.078
2009-07-31,10,0.046,0.076
2009-07-31,11,0.054,0.08
2009-07-31,12,0.064,0.075
2009-07-31,13,0.061,0.066
2009-07-31,14,0.428,1.42
2009-07-31,15,1.421,2.289
2009-07-31,16,1.568,1.782
2009-07-31,17,0.487,0.69
2009-07-31,18,0.177,0.191
2009-07-31,19,0.203,1.167
2009-07-31,20,0.892,2.629
2009-07-31,21,0.305,0.548
2009-07-31,22,0.218,0.466
2009-07-31,23,0.348,0.653
2009-07-31,24,0.239,0.271
2009-08-01,1,0.155,0.192
2009-08-01,2,0.11,0.194
2009-08-01,3,0.056,0.094
2009-08-01,4,0.056,0.094
2009-08-01,5,0.085,0.093
2009-08-01,6,0.062,0.092
2009-08-01,7,0.069,0.078
2009-08-01,8,0.092,0.243
2009-08-01,9,0.073,0.082
2009-08-01,10,0.036,0.24
2009-08-01,11,0.264,1.087
2009-08-01,12,0.138,0.216
2009-08-01,13,0.478,0.707
2009-08-01,14,0.432,1.039
2009-08-01,15,0.317,2.581
2009-08-01,16,0.066,0.067
2009-08-01,17,0.042,0.237
2009-08-01,18,0.132,0.195
2009-08-01,19,0.775,1.634
2009-08-01,20,0.206,0.211
2009-08-01,21,0.177,0.23
2009-08-01,22,0.218,0.597
2009-08-01,23,0.298,0.338
2009-08-01,24,0.197,0.341
2009-08-02,1,0.135,0.143
2009-08-02,2,0.064,0.09
2009-08-02,3,0.092,0.095
2009-08-02,4,0.058,0.092
2009-08-02,5,0.054,0.092
2009-08-02,6,0.091,0.092
2009-08-02,7,0.061,0.088
2009-08-02,8,0.056,0.211
2009-08-02,9,0.051,0.064
2009-08-02,10,0.036,0.074
2009-08-02,11,0.169,0.261
2009-08-02,12,0.066,0.066
2009-08-02,13,0.031,0.068
2009-08-02,14,0.031,0.066
2009-08-02,15,0.068,0.069
2009-08-02,16,0.168,0.426
2009-08-02,17,0.168,0.358
2009-08-02,18,0.217,1.859
2009-08-02,19,0.424,0.772
2009-08-02,20,0.585,0.777
2009-08-02,21,0.365,0.603
2009-08-02,22,0.519,0.568
2009-08-02,23,0.447,0.556
2009-08-02,24,0.308,0.325
2009-08-03,1,0.116,0.277
2009-08-03,2,0.154,0.159
2009-08-03,3,0.073,0.093
2009-08-03,4,0.058,0.094
2009-08-03,5,0.092,0.093
2009-08-03,6,0.058,0.094
2009-08-03,7,0.057,0.094
2009-08-03,8,0.101,0.273
2009-08-03,9,0.056,0.092
2009-08-03,10,0.096,0.385
2009-08-03,11,0.068,0.223
2009-08-03,12,0.219,0.34
2009-08-03,13,0.64,0.876
2009-08-03,14,0.653,1.827
2009-08-03,15,0.128,0.129
2009-08-03,16,0.109,0.113
2009-08-03,17,0.146,0.295
2009-08-03,18,1.421,2.057
2009-08-03,19,0.658,1.56
2009-08-03,20,0.27,1.742
2009-08-03,21,0.2,0.299
2009-08-03,22,0.214,0.41
2009-08-03,23,0.67,0.681
2009-08-03,24,0.284,0.307
2009-08-04,1,0.28,0.312
2009-08-04,2,0.211,0.309
2009-08-04,3,0.158,0.167
2009-08-04,4,0.065,0.102
2009-08-04,5,0.103,0.103
2009-08-04,6,0.066,0.102
2009-08-04,7,0.065,0.102
2009-08-04,8,0.106,0.277
2009-08-04,9,0.064,0.101
2009-08-04,10,0.091,0.099
2009-08-04,11,0.077,0.516
2009-08-04,12,0.239,1.062
2009-08-04,13,0.285,2.357
2009-08-04,14,0.171,0.709
2009-08-04,15,0.117,0.126
2009-08-04,16,0.127,0.141
2009-08-04,17,0.112,0.3
2009-08-04,18,0.113,0.554
2009-08-04,19,1.699,7.43
2009-08-04,20,0.957,1.862
2009-08-04,21,0.378,0.627
2009-08-04,22,0.339,0.359
2009-08-04,23,0.188,0.206
2009-08-04,24,0.313,0.564
2009-08-05,1,0.374,0.419
2009-08-05,2,0.274,0.318
2009-08-05,3,0.129,0.203
2009-08-05,4,0.103,0.121
2009-08-05,5,0.064,0.103
2009-08-05,6,0.064,0.103
2009-08-05,7,0.1,0.101
2009-08-05,8,0.063,0.274
2009-08-05,9,0.063,0.1
2009-08-05,10,0.1,0.1
2009-08-05,11,0.264,0.545
2009-08-05,12,0.151,0.178
2009-08-05,13,0.09,0.107
2009-08-05,14,0.051,0.076
2009-08-05,15,0.064,1.11
2009-08-05,16,0.215,0.984
2009-08-05,17,0.29,0.655
2009-08-05,18,0.176,0.197
2009-08-05,19,0.189,0.208
2009-08-05,20,0.179,0.2
2009-08-05,21,0.168,0.202
2009-08-05,22,0.325,0.74
2009-08-05,23,0.243,0.257
2009-08-05,24,0.24,0.279
2009-08-06,1,0.098,0.127
2009-08-06,2,0.068,0.085
2009-08-06,3,0.083,0.093
2009-08-06,4,0.063,0.09
2009-08-06,5,0.059,0.084
2009-08-06,6,0.089,0.09
2009-08-06,7,0.055,0.09
2009-08-06,8,0.072,0.2
2009-08-06,9,0.061,0.061
2009-08-06,10,0.027,0.395
2009-08-06,11,0.057,0.128
2009-08-06,12,0.037,0.064
2009-08-06,13,0.031,0.066
2009-08-06,14,0.067,1.064
2009-08-06,15,0.032,0.132
2009-08-06,16,0.066,0.067
2009-08-06,17,0.268,0.695
2009-08-06,18,0.486,1.533
2009-08-06,19,0.205,0.243
2009-08-06,20,0.172,0.196
2009-08-06,21,0.197,0.241
2009-08-06,22,0.22,0.633
2009-08-06,23,0.248,0.253
2009-08-06,24,0.292,0.292
2009-08-07,1,0.099,0.175
2009-08-07,2,0.067,0.086
2009-08-07,3,0.094,0.1
2009-08-07,4,0.061,0.09
2009-08-07,5,0.073,0.094
2009-08-07,6,0.076,0.094
2009-08-07,7,0.064,0.087
2009-08-07,8,0.086,0.233
2009-08-07,9,0.035,0.067
2009-08-07,10,0.066,0.263
2009-08-07,11,0.071,0.071
2009-08-07,12,0.049,0.05
2009-08-07,13,0.066,0.069
2009-08-07,14,0.076,0.264
2009-08-07,15,0.069,0.143
2009-08-07,16,0.069,0.07
2009-08-07,17,0.072,0.279
2009-08-07,18,0.13,0.14
2009-08-07,19,0.101,0.143
2009-08-07,20,0.092,0.127
2009-08-07,21,0.134,0.482
2009-08-07,22,0.227,0.415
2009-08-07,23,0.325,0.339
2009-08-07,24,0.248,0.329
2009-08-08,1,0.212,0.235
2009-08-08,2,0.095,0.171
2009-08-08,3,0.058,0.092
2009-08-08,4,0.056,0.094
2009-08-08,5,0.094,0.098
2009-08-08,6,0.079,0.208
2009-08-08,7,0.03,0.12
2009-08-08,8,0.066,0.241
2009-08-08,9,0.029,0.067
2009-08-08,10,0.044,0.066
2009-08-08,11,0.066,0.331
2009-08-08,12,0.037,0.06
2009-08-08,13,0.101,0.585
2009-08-08,14,0.137,0.656
2009-08-08,15,0.108,0.158
2009-08-08,16,0.135,0.144
2009-08-08,17,0.137,0.275
2009-08-08,18,0.165,0.198
2009-08-08,19,0.199,0.549
2009-08-08,20,0.21,0.274
2009-08-08,21,0.185,0.212
2009-08-08,22,0.241,0.28
2009-08-08,23,0.228,0.51
2009-08-08,24,0.233,0.242
2009-08-09,1,0.096,0.205
2009-08-09,2,0.058,0.095
2009-08-09,3,0.091,0.093
2009-08-09,4,0.055,0.088
2009-08-09,5,0.063,0.092
2009-08-09,6,0.083,0.093
2009-08-09,7,0.061,0.086
2009-08-09,8,0.093,0.233
2009-08-09,9,0.092,0.094
2009-08-09,10,0.054,0.37
2009-08-09,11,0.051,0.067
2009-08-09,12,0.046,0.067
2009-08-09,13,0.042,0.248
2009-08-09,14,0.206,1.103
2009-08-09,15,0.221,0.225
2009-08-09,16,0.176,0.193
2009-08-09,17,0.183,0.639
2009-08-09,18,0.156,0.191
2009-08-09,19,0.189,0.192
2009-08-09,20,0.172,0.215
2009-08-09,21,0.203,0.208
2009-08-09,22,0.398,1.112
2009-08-09,23,0.399,0.802
2009-08-09,24,0.255,0.363
2009-08-10,1,0.093,0.095
2009-08-10,2,0.055,0.09
2009-08-10,3,0.064,0.094
2009-08-10,4,0.084,0.091
2009-08-10,5,0.069,0.078
2009-08-10,6,0.082,0.093
2009-08-10,7,0.066,0.089
2009-08-10,8,0.089,0.237
2009-08-10,9,0.088,0.089
2009-08-10,10,0.074,0.453
2009-08-10,11,0.042,0.169
2009-08-10,12,0.056,0.066
2009-08-10,13,0.037,0.058
2009-08-10,14,0.07,0.478
2009-08-10,15,0.086,0.122
2009-08-10,16,0.122,0.122
2009-08-10,17,0.113,0.273
2009-08-10,18,0.624,1.488
2009-08-10,19,0.172,0.359
2009-08-10,20,0.208,0.221
2009-08-10,21,0.167,0.182
2009-08-10,22,0.2,0.6
2009-08-10,23,0.309,0.344
2009-08-10,24,0.253,0.33
2009-08-11,1,0.096,0.1
2009-08-11,2,0.07,0.095
2009-08-11,3,0.077,0.093
2009-08-11,4,0.068,0.079
2009-08-11,5,0.082,0.093
2009-08-11,6,0.065,0.091
2009-08-11,7,0.06,0.086
2009-08-11,8,0.092,0.252
2009-08-11,9,0.033,0.069
2009-08-11,10,0.071,0.301
2009-08-11,11,0.066,0.31
2009-08-11,12,0.045,0.052
2009-08-11,13,0.29,0.372
2009-08-11,14,0.046,0.051
2009-08-11,15,0.064,0.066
2009-08-11,16,0.034,0.067
2009-08-11,17,0.068,0.262
2009-08-11,18,0.189,1.6
2009-08-11,19,0.171,0.596
2009-08-11,20,0.213,0.224
2009-08-11,21,0.198,0.204
2009-08-11,22,0.22,0.227
2009-08-11,23,0.282,0.593
2009-08-11,24,0.144,0.255
2009-08-12,1,0.072,0.092
2009-08-12,2,0.064,0.093
2009-08-12,3,0.095,0.1
2009-08-12,4,0.056,0.092
2009-08-12,5,0.06,0.091
2009-08-12,6,0.087,0.093
2009-08-12,7,0.055,0.09
2009-08-12,8,0.091,0.235
2009-08-12,9,0.082,0.09
2009-08-12,10,0.07,0.333
2009-08-12,11,0.065,0.066
2009-08-12,12,0.181,0.236
2009-08-12,13,0.052,0.068
2009-08-12,14,0.047,0.069
2009-08-12,15,0.051,0.062
2009-08-12,16,0.121,0.121
2009-08-12,17,0.09,0.291
2009-08-12,18,0.128,0.16
2009-08-12,19,0.166,0.167
2009-08-12,20,0.192,0.195
2009-08-12,21,0.153,0.192
2009-08-12,22,0.317,0.353
2009-08-12,23,0.347,0.962
2009-08-12,24,0.287,0.604
2009-08-13,1,0.096,0.106
2009-08-13,2,0.054,0.094
2009-08-13,3,0.09,0.09
2009-08-13,4,0.065,0.079
2009-08-13,5,0.079,0.09
2009-08-13,6,0.064,0.09
2009-08-13,7,0.054,0.09
2009-08-13,8,0.092,0.265
2009-08-13,9,0.054,0.092
2009-08-13,10,0.095,0.337
2009-08-13,11,0.056,0.198
2009-08-13,12,0.035,0.061
2009-08-13,13,0.066,0.069
2009-08-13,14,0.034,0.063
2009-08-13,15,0.058,0.067
2009-08-13,16,0.042,0.068
2009-08-13,17,0.067,0.2
2009-08-13,18,0.066,0.068
2009-08-13,19,0.047,0.248
2009-08-13,20,0.261,0.349
2009-08-13,21,0.17,0.186
2009-08-13,22,0.199,0.569
2009-08-13,23,0.305,0.322
2009-08-13,24,0.367,0.403
2009-08-14,1,0.096,0.331
2009-08-14,2,0.072,0.078
2009-08-14,3,0.077,0.091
2009-08-14,4,0.07,0.09
2009-08-14,5,0.059,0.085
2009-08-14,6,0.089,0.091
2009-08-14,7,0.054,0.091
2009-08-14,8,0.091,0.229
2009-08-14,9,0.089,0.09
2009-08-14,10,0.055,0.093
2009-08-14,11,0.15,0.377
2009-08-14,12,0.142,0.153
2009-08-14,13,0.113,0.133
2009-08-14,14,0.104,0.147
2009-08-14,15,0.105,0.5
2009-08-14,16,0.146,0.179
2009-08-14,17,0.181,0.357
2009-08-14,18,0.458,0.956
2009-08-14,19,0.221,0.236
2009-08-14,20,0.177,0.184
2009-08-14,21,0.234,0.661
2009-08-14,22,0.303,0.466
2009-08-14,23,0.294,0.31
2009-08-14,24,0.247,0.265
2009-08-15,1,0.159,0.275
2009-08-15,2,0.098,0.106
2009-08-15,3,0.059,0.099
2009-08-15,4,0.068,0.087
2009-08-15,5,0.076,0.099
2009-08-15,6,0.079,0.098
2009-08-15,7,0.062,0.089
2009-08-15,8,0.097,0.227
2009-08-15,9,0.093,0.093
2009-08-15,10,0.054,0.533
2009-08-15,11,0.697,1.972
2009-08-15,12,0.4,1.362
2009-08-15,13,0.054,0.123
2009-08-15,14,0.051,0.069
2009-08-15,15,0.048,0.07
2009-08-15,16,0.055,0.309
2009-08-15,17,0.114,0.344
2009-08-15,18,0.105,0.158
2009-08-15,19,0.129,0.197
2009-08-15,20,0.202,0.494
2009-08-15,21,0.207,0.213
2009-08-15,22,0.326,0.449
2009-08-15,23,0.281,0.299
2009-08-15,24,0.251,0.289
2009-08-16,1,0.198,0.232
2009-08-16,2,0.108,0.167
2009-08-16,3,0.087,0.092
2009-08-16,4,0.061,0.091
2009-08-16,5,0.056,0.092
2009-08-16,6,0.092,0.093
2009-08-16,7,0.056,0.093
2009-08-16,8,0.097,0.238
2009-08-16,9,0.091,0.092
2009-08-16,10,0.055,0.352
2009-08-16,11,0.381,2.459
2009-08-16,12,0.071,0.1
2009-08-16,13,0.054,0.255
2009-08-16,14,0.06,0.072
2009-08-16,15,0.049,0.093
2009-08-16,16,0.047,0.058
2009-08-16,17,0.071,0.224
2009-08-16,18,0.099,0.124
2009-08-16,19,0.105,0.107
2009-08-16,20,0.101,0.124
2009-08-16,21,0.286,0.567
2009-08-16,22,0.293,0.299
2009-08-16,23,0.29,0.304
2009-08-16,24,0.292,0.301
2009-08-17,1,0.081,0.211
2009-08-17,2,0.073,0.093
2009-08-17,3,0.07,0.078
2009-08-17,4,0.061,0.093
2009-08-17,5,0.087,0.093
2009-08-17,6,0.056,0.091
2009-08-17,7,0.032,0.091
2009-08-17,8,0.068,0.237
2009-08-17,9,0.027,0.064
2009-08-17,10,0.287,1.253
2009-08-17,11,0.29,0.396
2009-08-17,12,0.067,0.118
2009-08-17,13,0.432,0.613
2009-08-17,14,2.346,3.818
2009-08-17,15,0.101,0.218
2009-08-17,16,0.064,0.1
2009-08-17,17,0.041,0.297
2009-08-17,18,0.114,0.138
2009-08-17,19,0.13,0.188
2009-08-17,20,0.125,0.15
2009-08-17,21,0.132,0.142
2009-08-17,22,0.117,0.145
2009-08-17,23,0.33,1.372
2009-08-17,24,0.284,0.358
2009-08-18,1,0.14,0.298
2009-08-18,2,0.078,0.093
2009-08-18,3,0.056,0.089
2009-08-18,4,0.092,0.093
2009-08-18,5,0.055,0.092
2009-08-18,6,0.055,0.092
2009-08-18,7,0.092,0.092
2009-08-18,8,0.056,0.263
2009-08-18,9,0.054,0.088
2009-08-18,10,0.13,0.552
2009-08-18,11,0.16,0.292
2009-08-18,12,0.037,0.067
2009-08-18,13,0.062,0.068
2009-08-18,14,0.034,0.065
2009-08-18,15,0.031,0.069
2009-08-18,16,0.068,0.069
2009-08-18,17,0.033,0.232
2009-08-18,18,0.069,0.117
2009-08-18,19,0.204,0.214
2009-08-18,20,0.168,0.193
2009-08-18,21,0.181,0.194
2009-08-18,22,0.524,1.91
2009-08-18,23,0.345,0.346
2009-08-18,24,0.295,0.324
2009-08-19,1,0.093,0.136
2009-08-19,2,0.07,0.076
2009-08-19,3,0.073,0.092
2009-08-19,4,0.075,0.092
2009-08-19,5,0.068,0.079
2009-08-19,6,0.062,0.092
2009-08-19,7,0.084,0.092
2009-08-19,8,0.057,0.261
2009-08-19,9,0.054,0.096
2009-08-19,10,0.092,0.114
2009-08-19,11,0.145,0.569
2009-08-19,12,0.068,0.171
2009-08-19,13,0.075,0.243
2009-08-19,14,0.044,0.056
2009-08-19,15,0.047,0.093
2009-08-19,16,0.135,0.191
2009-08-19,17,0.171,0.349
2009-08-19,18,0.197,0.201
2009-08-19,19,0.201,0.301
2009-08-19,20,0.222,0.235
2009-08-19,21,0.205,0.243
2009-08-19,22,0.236,0.238
2009-08-19,23,0.286,0.311
2009-08-19,24,0.19,0.213
2009-08-20,1,0.062,0.092
2009-08-20,2,0.153,0.163
2009-08-20,3,0.074,0.097
2009-08-20,4,0.076,0.076
2009-08-20,5,0.065,0.093
2009-08-20,6,0.085,0.094
2009-08-20,7,0.055,0.092
2009-08-20,8,0.093,0.226
2009-08-20,9,0.089,0.091
2009-08-20,10,0.054,0.34
2009-08-20,11,0.039,0.068
2009-08-20,12,0.058,0.508
2009-08-20,13,0.042,0.057
2009-08-20,14,0.061,0.069
2009-08-20,15,0.039,0.069
2009-08-20,16,0.072,0.13
2009-08-20,17,0.243,0.373
2009-08-20,18,0.122,0.127
2009-08-20,19,0.153,0.159
2009-08-20,20,0.202,0.382
2009-08-20,21,0.192,0.204
2009-08-20,22,0.492,0.957
2009-08-20,23,0.308,0.325
2009-08-20,24,0.185,0.266
2009-08-21,1,0.224,0.292
2009-08-21,2,0.188,0.192
2009-08-21,3,0.055,0.092
2009-08-21,4,0.056,0.093
2009-08-21,5,0.092,0.093
2009-08-21,6,0.057,0.093
2009-08-21,7,0.066,0.081
2009-08-21,8,0.093,0.246
2009-08-21,9,0.077,0.091
2009-08-21,10,0.054,0.363
2009-08-21,11,0.132,0.155
2009-08-21,12,0.162,0.197
2009-08-21,13,0.136,0.376
2009-08-21,14,0.104,0.216
2009-08-21,15,0.063,0.069
2009-08-21,16,0.035,0.066
2009-08-21,17,0.104,0.292
2009-08-21,18,0.126,0.366
2009-08-21,19,0.118,0.241
2009-08-21,20,0.183,0.195
2009-08-21,21,0.208,0.234
2009-08-21,22,0.45,0.562
2009-08-21,23,0.309,0.314
2009-08-21,24,0.276,0.301
2009-08-22,1,0.061,0.103
2009-08-22,2,0.067,0.095
2009-08-22,3,0.082,0.094
2009-08-22,4,0.056,0.094
2009-08-22,5,0.061,0.089
2009-08-22,6,0.06,0.089
2009-08-22,7,0.055,0.094
2009-08-22,8,0.094,0.221
2009-08-22,9,0.056,0.059
2009-08-22,10,0.181,1.161
2009-08-22,11,0.397,0.932
2009-08-22,12,0.038,0.107
2009-08-22,13,0.035,0.071
2009-08-22,14,0.068,0.671
2009-08-22,15,0.031,0.069
2009-08-22,16,0.086,0.127
2009-08-22,17,0.375,0.427
2009-08-22,18,0.174,0.249
2009-08-22,19,0.658,2.113
2009-08-22,20,0.521,1.361
2009-08-22,21,0.273,0.293
2009-08-22,22,0.266,0.293
2009-08-22,23,0.299,0.568
2009-08-22,24,0.276,0.294
2009-08-23,1,0.082,0.1
2009-08-23,2,0.068,0.091
2009-08-23,3,0.093,0.093
2009-08-23,4,0.065,0.083
2009-08-23,5,0.092,0.092
2009-08-23,6,0.062,0.092
2009-08-23,7,0.086,0.092
2009-08-23,8,0.096,0.233
2009-08-23,9,0.088,0.091
2009-08-23,10,0.086,0.451
2009-08-23,11,0.195,0.21
2009-08-23,12,0.04,0.076
2009-08-23,13,0.287,1.424
2009-08-23,14,0.567,1.293
2009-08-23,15,0.383,0.567
2009-08-23,16,0.174,0.177
2009-08-23,17,0.207,0.371
2009-08-23,18,0.176,0.2
2009-08-23,19,0.236,0.289
2009-08-23,20,0.222,0.227
2009-08-23,21,0.405,0.823
2009-08-23,22,0.848,0.861
2009-08-23,23,0.461,1.196
2009-08-23,24,0.311,0.392
2009-08-24,1,0.196,1.076
2009-08-24,2,0.059,0.126
2009-08-24,3,0.092,0.094
2009-08-24,4,0.057,0.094
2009-08-24,5,0.056,0.095
2009-08-24,6,0.091,0.094
2009-08-24,7,0.057,0.091
2009-08-24,8,0.082,0.238
2009-08-24,9,0.052,0.079
2009-08-24,10,0.067,0.284
2009-08-24,11,0.036,0.164
2009-08-24,12,0.055,0.178
2009-08-24,13,0.043,0.069
2009-08-24,14,0.052,0.172
2009-08-24,15,0.046,0.285
2009-08-24,16,0.067,0.128
2009-08-24,17,0.092,0.313
2009-08-24,18,0.807,1.311
2009-08-24,19,0.143,0.199
2009-08-24,20,0.232,0.319
2009-08-24,21,0.194,0.243
2009-08-24,22,0.223,0.788
2009-08-24,23,0.339,1.24
2009-08-24,24,0.231,0.328
2009-08-25,1,0.091,0.102
2009-08-25,2,0.06,0.093
2009-08-25,3,0.074,0.076
2009-08-25,4,0.056,0.093
2009-08-25,5,0.093,0.094
2009-08-25,6,0.056,0.093
2009-08-25,7,0.064,0.083
2009-08-25,8,0.093,0.212
2009-08-25,9,0.045,0.064
2009-08-25,10,0.045,0.069
2009-08-25,11,0.032,0.069
2009-08-25,12,0.067,0.393
2009-08-25,13,0.115,0.622
2009-08-25,14,0.031,0.067
2009-08-25,15,0.033,0.067
2009-08-25,16,0.05,0.069
2009-08-25,17,0.053,0.236
2009-08-25,18,0.18,0.356
2009-08-25,19,0.208,0.222
2009-08-25,20,0.204,0.206
2009-08-25,21,0.162,0.206
2009-08-25,22,0.725,1.291
2009-08-25,23,0.304,0.305
2009-08-25,24,0.329,0.362
2009-08-26,1,0.098,0.134
2009-08-26,2,0.056,0.095
2009-08-26,3,0.078,0.096
2009-08-26,4,0.072,0.096
2009-08-26,5,0.055,0.095
2009-08-26,6,0.055,0.095
2009-08-26,7,0.068,0.095
2009-08-26,8,0.082,0.275
2009-08-26,9,0.054,0.169
2009-08-26,10,0.248,0.561
2009-08-26,11,0.106,0.165
2009-08-26,12,0.153,0.192
2009-08-26,13,0.044,0.153
2009-08-26,14,0.034,0.069
2009-08-26,15,0.066,0.068
2009-08-26,16,0.193,0.294
2009-08-26,17,0.222,0.329
2009-08-26,18,0.138,0.144
2009-08-26,19,0.131,0.134
2009-08-26,20,0.142,0.32
2009-08-26,21,0.248,0.377
2009-08-26,22,0.264,0.597
2009-08-26,23,0.301,0.302
2009-08-26,24,0.254,0.287
2009-08-27,1,0.154,0.215
2009-08-27,2,0.094,0.097
2009-08-27,3,0.056,0.093
2009-08-27,4,0.055,0.092
2009-08-27,5,0.078,0.092
2009-08-27,6,0.07,0.09
2009-08-27,7,0.062,0.083
2009-08-27,8,0.093,0.213
2009-08-27,9,0.059,0.069
2009-08-27,10,0.033,0.307
2009-08-27,11,0.27,0.344
2009-08-27,12,0.177,0.203
2009-08-27,13,0.121,0.133
2009-08-27,14,0.177,0.184
2009-08-27,15,0.175,0.198
2009-08-27,16,0.184,0.215
2009-08-27,17,0.138,0.294
2009-08-27,18,0.168,0.192
2009-08-27,19,0.199,1.477
2009-08-27,20,0.334,0.882
2009-08-27,21,0.195,0.226
2009-08-27,22,0.314,0.641
2009-08-27,23,0.263,0.308
2009-08-27,24,0.371,0.527
2009-08-28,1,0.078,0.111
2009-08-28,2,0.076,0.092
2009-08-28,3,0.055,0.092
2009-08-28,4,0.057,0.092
2009-08-28,5,0.06,0.094
2009-08-28,6,0.089,0.093
2009-08-28,7,0.055,0.092
2009-08-28,8,0.062,0.261
2009-08-28,9,0.278,0.367
2009-08-28,10,0.304,0.496
2009-08-28,11,0.053,0.071
2009-08-28,12,0.034,0.071
2009-08-28,13,0.037,0.068
2009-08-28,14,0.066,0.148
2009-08-28,15,0.033,0.067
2009-08-28,16,0.031,0.069
2009-08-28,17,0.072,0.241
2009-08-28,18,0.096,0.137
2009-08-28,19,0.18,0.225
2009-08-28,20,0.227,0.342
2009-08-28,21,0.263,0.266
2009-08-28,22,0.302,0.791
2009-08-28,23,0.288,0.294
2009-08-28,24,0.304,0.348
2009-08-29,1,0.097,0.154
2009-08-29,2,0.069,0.078
2009-08-29,3,0.056,0.092
2009-08-29,4,0.091,0.093
2009-08-29,5,0.055,0.093
2009-08-29,6,0.069,0.078
2009-08-29,7,0.055,0.092
2009-08-29,8,0.096,0.258
2009-08-29,9,0.06,0.091
2009-08-29,10,0.058,0.322
2009-08-29,11,0.034,0.153
2009-08-29,12,0.232,0.291
2009-08-29,13,0.15,0.17
2009-08-29,14,0.043,0.053
2009-08-29,15,0.029,0.066
2009-08-29,16,0.045,0.066
2009-08-29,17,0.055,0.239
2009-08-29,18,0.027,0.426
2009-08-29,19,0.183,0.223
2009-08-29,20,0.198,0.308
2009-08-29,21,0.239,0.305
2009-08-29,22,0.243,0.348
2009-08-29,23,0.231,0.268
2009-08-29,24,0.207,0.244
2009-08-30,1,0.087,0.218
2009-08-30,2,0.065,0.095
2009-08-30,3,0.056,0.093
2009-08-30,4,0.074,0.075
2009-08-30,5,0.056,0.094
2009-08-30,6,0.055,0.094
2009-08-30,7,0.072,0.092
2009-08-30,8,0.081,0.269
2009-08-30,9,0.058,0.097
2009-08-30,10,0.054,0.404
2009-08-30,11,0.103,0.261
2009-08-30,12,0.036,0.065
2009-08-30,13,0.062,0.063
2009-08-30,14,0.036,0.068
2009-08-30,15,0.031,0.069
2009-08-30,16,0.044,0.056
2009-08-30,17,0.072,0.304
2009-08-30,18,0.177,0.223
2009-08-30,19,0.298,1.108
2009-08-30,20,0.311,0.344
2009-08-30,21,0.39,1.307
2009-08-30,22,0.413,1.48
2009-08-30,23,0.393,0.618
2009-08-30,24,0.201,0.242
2009-08-31,1,0.064,0.201
2009-08-31,2,0.091,0.093
2009-08-31,3,0.057,0.094
2009-08-31,4,0.056,0.094
2009-08-31,5,0.063,0.087
2009-08-31,6,0.056,0.094
2009-08-31,7,0.08,0.093
2009-08-31,8,0.072,0.266
2009-08-31,9,0.058,0.099
2009-08-31,10,0.264,0.554
2009-08-31,11,0.096,0.2
2009-08-31,12,0.055,0.068
2009-08-31,13,0.031,1.117
2009-08-31,14,0.045,0.864
2009-08-31,15,0.068,0.068
2009-08-31,16,0.195,0.241
2009-08-31,17,0.193,0.347
2009-08-31,18,0.212,1.299
2009-08-31,19,0.227,0.385
2009-08-31,20,0.186,0.28
2009-08-31,21,0.204,0.232
2009-08-31,22,0.244,0.535
2009-08-31,23,0.351,1.65
2009-08-31,24,0.218,0.304
2009-09-01,1,0.074,0.087
2009-09-01,2,0.055,0.093
2009-09-01,3,0.078,0.092
2009-09-01,4,0.069,0.091
2009-09-01,5,0.055,0.093
2009-09-01,6,0.07,0.076
2009-09-01,7,0.055,0.091
2009-09-01,8,0.094,0.226
2009-09-01,9,0.079,0.092
2009-09-01,10,0.387,0.393
2009-09-01,11,0.038,0.068
2009-09-01,12,0.035,0.065
2009-09-01,13,0.207,0.316
2009-09-01,14,0.062,0.069
2009-09-01,15,0.031,0.068
2009-09-01,16,0.031,0.068
2009-09-01,17,0.033,0.067
2009-09-01,18,0.064,0.067
2009-09-01,19,0.036,0.068
2009-09-01,20,0.031,0.263
2009-09-01,21,0.203,0.558
2009-09-01,22,0.303,0.392
2009-09-01,23,0.318,0.335
2009-09-01,24,0.344,0.498
2009-09-02,1,0.302,0.329
2009-09-02,2,0.193,0.33
2009-09-02,3,0.077,0.094
2009-09-02,4,0.071,0.093
2009-09-02,5,0.056,0.093
2009-09-02,6,0.066,0.082
2009-09-02,7,0.056,0.093
2009-09-02,8,0.054,0.091
2009-09-02,9,0.072,0.092
2009-09-02,10,0.072,0.382
2009-09-02,11,0.066,0.223
2009-09-02,12,0.046,0.199
2009-09-02,13,0.033,0.072
2009-09-02,14,0.066,0.068
2009-09-02,15,0.241,0.545
2009-09-02,16,0.18,0.185
2009-09-02,17,0.169,0.201
2009-09-02,18,0.201,0.212
2009-09-02,19,0.302,0.414
2009-09-02,20,0.254,0.291
2009-09-02,21,0.247,0.786
2009-09-02,22,0.288,0.356
2009-09-02,23,0.293,0.305
2009-09-02,24,0.166,0.373
2009-09-03,1,0.057,0.095
2009-09-03,2,0.064,0.086
2009-09-03,3,0.055,0.092
2009-09-03,4,0.066,0.093
2009-09-03,5,0.083,0.09
2009-09-03,6,0.059,0.091
2009-09-03,7,0.055,0.096
2009-09-03,8,0.053,0.425
2009-09-03,9,0.031,0.069
2009-09-03,10,0.031,0.069
2009-09-03,11,0.039,0.07
2009-09-03,12,0.059,0.061
2009-09-03,13,0.042,0.07
2009-09-03,14,0.032,0.07
2009-09-03,15,0.032,0.07
2009-09-03,16,0.033,0.068
2009-09-03,17,0.057,0.164
2009-09-03,18,0.269,0.292
2009-09-03,19,0.209,0.472
2009-09-03,20,0.215,0.314
2009-09-03,21,0.36,0.379
2009-09-03,22,0.293,0.584
2009-09-03,23,0.261,0.299
2009-09-03,24,0.222,0.373
2009-09-04,1,0.095,0.096
2009-09-04,2,0.056,0.092
2009-09-04,3,0.056,0.093
2009-09-04,4,0.056,0.093
2009-09-04,5,0.074,0.077
2009-09-04,6,0.06,0.089
2009-09-04,7,0.056,0.092
2009-09-04,8,0.055,0.096
2009-09-04,9,0.054,0.092
2009-09-04,10,0.129,0.324
2009-09-04,11,0.06,0.123
2009-09-04,12,0.036,0.069
2009-09-04,13,0.031,0.069
2009-09-04,14,0.031,0.07
2009-09-04,15,0.03,0.07
2009-09-04,16,0.07,0.356
2009-09-04,17,0.096,0.185
2009-09-04,18,0.177,0.186
2009-09-04,19,0.208,2.573
2009-09-04,20,0.158,0.36
2009-09-04,21,0.103,0.147
2009-09-04,22,0.362,0.776
2009-09-04,23,0.32,0.518
2009-09-04,24,0.224,0.273
2009-09-05,1,0.062,0.1
2009-09-05,2,0.064,0.087
2009-09-05,3,0.056,0.096
2009-09-05,4,0.075,0.096
2009-09-05,5,0.077,0.096
2009-09-05,6,0.057,0.095
2009-09-05,7,0.056,0.094
2009-09-05,8,0.081,0.247
2009-09-05,9,0.055,0.093
2009-09-05,10,0.097,0.852
2009-09-05,11,0.139,0.309
2009-09-05,12,0.105,0.141
2009-09-05,13,0.109,0.122
2009-09-05,14,0.115,0.131
2009-09-05,15,0.102,0.137
2009-09-05,16,0.088,0.175
2009-09-05,17,0.199,0.375
2009-09-05,18,0.169,0.201
2009-09-05,19,0.183,0.342
2009-09-05,20,0.156,0.196
2009-09-05,21,0.311,0.565
2009-09-05,22,0.272,0.31
2009-09-05,23,0.266,0.313
2009-09-05,24,0.077,0.288
2009-09-06,1,0.059,0.096
2009-09-06,2,0.063,0.094
2009-09-06,3,0.087,0.088
2009-09-06,4,0.063,0.094
2009-09-06,5,0.056,0.093
2009-09-06,6,0.055,0.089
2009-09-06,7,0.064,0.083
2009-09-06,8,0.097,0.227
2009-09-06,9,0.061,0.092
2009-09-06,10,0.372,0.381
2009-09-06,11,0.851,1.135
2009-09-06,12,0.031,0.065
2009-09-06,13,0.205,0.461
2009-09-06,14,0.031,0.065
2009-09-06,15,0.069,0.072
2009-09-06,16,0.069,0.108
2009-09-06,17,0.035,0.229
2009-09-06,18,0.032,0.084
2009-09-06,19,0.128,0.195
2009-09-06,20,0.448,0.653
2009-09-06,21,0.462,1.251
2009-09-06,22,0.562,1.02
2009-09-06,23,0.325,0.383
2009-09-06,24,0.059,0.118
2009-09-07,1,0.064,0.096
2009-09-07,2,0.087,0.09
2009-09-07,3,0.06,0.094
2009-09-07,4,0.056,0.094
2009-09-07,5,0.065,0.082
2009-09-07,6,0.056,0.09
2009-09-07,7,0.054,0.092
2009-09-07,8,0.097,0.232
2009-09-07,9,0.084,0.087
2009-09-07,10,0.066,0.391
2009-09-07,11,0.051,0.206
2009-09-07,12,0.032,0.068
2009-09-07,13,0.049,0.069
2009-09-07,14,0.507,1.384
2009-09-07,15,0.4,0.433
2009-09-07,16,0.421,0.422
2009-09-07,17,0.181,0.35
2009-09-07,18,0.154,0.566
2009-09-07,19,0.199,0.373
2009-09-07,20,0.221,0.275
2009-09-07,21,0.281,0.292
2009-09-07,22,0.264,0.31
2009-09-07,23,0.315,0.515
2009-09-07,24,0.272,0.34
2009-09-08,1,0.077,0.155
2009-09-08,2,0.076,0.094
2009-09-08,3,0.056,0.094
2009-09-08,4,0.066,0.084
2009-09-08,5,0.057,0.094
2009-09-08,6,0.056,0.093
2009-09-08,7,0.084,0.094
2009-09-08,8,0.068,0.267
2009-09-08,9,0.061,0.091
2009-09-08,10,0.266,0.368
2009-09-08,11,0.034,0.193
2009-09-08,12,0.066,0.068
2009-09-08,13,0.031,0.067
2009-09-08,14,0.062,0.51
2009-09-08,15,0.031,0.069
2009-09-08,16,0.056,0.067
2009-09-08,17,0.049,0.628
2009-09-08,18,0.224,0.42
2009-09-08,19,0.219,0.22
2009-09-08,20,0.189,0.209
2009-09-08,21,0.362,0.534
2009-09-08,22,0.304,0.611
2009-09-08,23,0.324,0.348
2009-09-08,24,0.295,0.325
2009-09-09,1,0.066,0.093
2009-09-09,2,0.056,0.093
2009-09-09,3,0.088,0.094
2009-09-09,4,0.06,0.093
2009-09-09,5,0.055,0.092
2009-09-09,6,0.073,0.075
2009-09-09,7,0.055,0.09
2009-09-09,8,0.097,0.229
2009-09-09,9,0.049,0.063
2009-09-09,10,0.068,0.261
2009-09-09,11,0.031,0.069
2009-09-09,12,0.063,0.214
2009-09-09,13,0.077,0.087
2009-09-09,14,0.12,0.13
2009-09-09,15,0.069,0.075
2009-09-09,16,0.032,0.07
2009-09-09,17,0.052,0.226
2009-09-09,18,0.07,1.16
2009-09-09,19,0.203,0.255
2009-09-09,20,0.209,0.316
2009-09-09,21,0.287,0.439
2009-09-09,22,0.291,0.598
2009-09-09,23,0.284,0.3
2009-09-09,24,0.303,0.505
2009-09-10,1,0.202,0.301
2009-09-10,2,0.071,0.082
2009-09-10,3,0.055,0.094
2009-09-10,4,0.056,0.094
2009-09-10,5,0.063,0.094
2009-09-10,6,0.084,0.087
2009-09-10,7,0.064,0.094
2009-09-10,8,0.059,0.27
2009-09-10,9,0.055,0.093
2009-09-10,10,0.066,0.292
2009-09-10,11,0.165,0.235
2009-09-10,12,0.056,0.069
2009-09-10,13,0.068,0.259
2009-09-10,14,0.031,0.908
2009-09-10,15,0.05,1.7
2009-09-10,16,0.088,0.277
2009-09-10,17,0.132,0.296
2009-09-10,18,0.11,0.141
2009-09-10,19,0.109,0.229
2009-09-10,20,0.161,0.202
2009-09-10,21,0.306,0.449
2009-09-10,22,0.294,0.574
2009-09-10,23,0.263,0.296
2009-09-10,24,0.302,0.391
2009-09-11,1,0.068,0.242
2009-09-11,2,0.088,0.097
2009-09-11,3,0.056,0.094
2009-09-11,4,0.061,0.089
2009-09-11,5,0.06,0.09
2009-09-11,6,0.056,0.093
2009-09-11,7,0.073,0.092
2009-09-11,8,0.079,0.263
2009-09-11,9,0.054,0.093
2009-09-11,10,0.063,0.303
2009-09-11,11,0.185,0.307
2009-09-11,12,0.031,0.069
2009-09-11,13,0.054,0.068
2009-09-11,14,0.045,0.072
2009-09-11,15,0.042,0.057
2009-09-11,16,0.051,0.067
2009-09-11,17,0.053,1.338
2009-09-11,18,0.049,0.05
2009-09-11,19,0.068,0.091
2009-09-11,20,0.173,0.22
2009-09-11,21,0.328,2.879
2009-09-11,22,0.277,0.832
2009-09-11,23,0.291,0.323
2009-09-11,24,0.158,0.291
2009-09-12,1,0.058,0.095
2009-09-12,2,0.082,0.091
2009-09-12,3,0.066,0.092
2009-09-12,4,0.056,0.095
2009-09-12,5,0.063,0.087
2009-09-12,6,0.056,0.093
2009-09-12,7,0.077,0.095
2009-09-12,8,0.078,0.277
2009-09-12,9,0.056,0.092
2009-09-12,10,0.061,0.457
2009-09-12,11,0.146,0.259
2009-09-12,12,0.196,0.961
2009-09-12,13,0.131,0.239
2009-09-12,14,0.036,0.074
2009-09-12,15,0.037,0.075
2009-09-12,16,0.076,0.09
2009-09-12,17,0.134,0.291
2009-09-12,18,0.13,0.145
2009-09-12,19,0.111,0.152
2009-09-12,20,0.206,0.207
2009-09-12,21,0.241,1.863
2009-09-12,22,0.482,1.608
2009-09-12,23,0.335,0.336
2009-09-12,24,0.274,0.332
2009-09-13,1,0.18,0.299
2009-09-13,2,0.061,0.096
2009-09-13,3,0.099,0.1
2009-09-13,4,0.064,0.088
2009-09-13,5,0.072,0.097
2009-09-13,6,0.08,0.096
2009-09-13,7,0.075,0.078
2009-09-13,8,0.101,0.252
2009-09-13,9,0.081,0.095
2009-09-13,10,0.1,0.199
2009-09-13,11,0.045,0.068
2009-09-13,12,0.054,0.068
2009-09-13,13,0.639,2.621
2009-09-13,14,0.286,0.822
2009-09-13,15,0.038,0.068
2009-09-13,16,0.066,0.113
2009-09-13,17,0.128,0.271
2009-09-13,18,0.127,0.148
2009-09-13,19,0.168,0.935
2009-09-13,20,0.38,0.574
2009-09-13,21,0.329,0.796
2009-09-13,22,0.285,0.547
2009-09-13,23,0.333,0.501
2009-09-13,24,0.16,0.234
2009-09-14,1,0.059,0.098
2009-09-14,2,0.078,0.094
2009-09-14,3,0.071,0.094
2009-09-14,4,0.056,0.094
2009-09-14,5,0.06,0.09
2009-09-14,6,0.056,0.093
2009-09-14,7,0.087,0.092
2009-09-14,8,0.065,0.262
2009-09-14,9,0.055,0.111
2009-09-14,10,0.254,0.461
2009-09-14,11,0.056,0.199
2009-09-14,12,0.067,0.068
2009-09-14,13,0.967,2.256
2009-09-14,14,0.051,0.256
2009-09-14,15,0.034,0.069
2009-09-14,16,0.06,0.071
2009-09-14,17,0.048,0.242
2009-09-14,18,0.031,0.069
2009-09-14,19,0.184,0.326
2009-09-14,20,0.202,0.271
2009-09-14,21,0.286,0.293
2009-09-14,22,0.268,0.823
2009-09-14,23,0.337,0.515
2009-09-14,24,0.324,0.335
2009-09-15,1,0.059,0.239
2009-09-15,2,0.056,0.093
2009-09-15,3,0.074,0.094
2009-09-15,4,0.076,0.094
2009-09-15,5,0.056,0.093
2009-09-15,6,0.056,0.094
2009-09-15,7,0.067,0.082
2009-09-15,8,0.092,0.23
2009-09-15,9,0.057,0.092
2009-09-15,10,0.249,0.57
2009-09-15,11,0.069,0.168
2009-09-15,12,0.032,0.067
2009-09-15,13,0.141,0.162
2009-09-15,14,0.034,0.067
2009-09-15,15,0.032,0.069
2009-09-15,16,0.049,0.068
2009-09-15,17,0.057,0.239
2009-09-15,18,0.031,0.307
2009-09-15,19,0.19,0.209
2009-09-15,20,0.165,0.22
2009-09-15,21,0.209,0.262
2009-09-15,22,0.425,0.614
2009-09-15,23,0.303,0.335
2009-09-15,24,0.291,0.298
2009-09-16,1,0.058,0.209
2009-09-16,2,0.057,0.096
2009-09-16,3,0.075,0.093
2009-09-16,4,0.074,0.094
2009-09-16,5,0.056,0.094
2009-09-16,6,0.056,0.093
2009-09-16,7,0.069,0.079
2009-09-16,8,0.092,0.235
2009-09-16,9,0.056,0.093
2009-09-16,10,0.253,0.541
2009-09-16,11,0.068,0.143
2009-09-16,12,0.031,0.069
2009-09-16,13,0.032,0.069
2009-09-16,14,0.046,0.055
2009-09-16,15,0.032,0.068
2009-09-16,16,0.031,0.069
2009-09-16,17,0.073,0.205
2009-09-16,18,0.068,0.233
2009-09-16,19,0.207,0.241
2009-09-16,20,0.238,0.288
2009-09-16,21,0.272,0.294
2009-09-16,22,0.344,0.596
2009-09-16,23,0.288,0.33
2009-09-16,24,0.237,0.311
2009-09-17,1,0.059,0.095
2009-09-17,2,0.068,0.082
2009-09-17,3,0.056,0.092
2009-09-17,4,0.056,0.095
2009-09-17,5,0.069,0.094
2009-09-17,6,0.081,0.086
2009-09-17,7,0.064,0.093
2009-09-17,8,0.11,0.715
2009-09-17,9,0.067,0.13
2009-09-17,10,0.047,0.053
2009-09-17,11,0.032,0.069
2009-09-17,12,0.032,0.069
2009-09-17,13,0.034,0.069
2009-09-17,14,0.055,0.067
2009-09-17,15,0.046,0.069
2009-09-17,16,0.032,0.069
2009-09-17,17,0.036,0.238
2009-09-17,18,0.044,0.1
2009-09-17,19,0.216,0.436
2009-09-17,20,0.244,0.265
2009-09-17,21,0.382,0.397
2009-09-17,22,0.262,0.681
2009-09-17,23,0.29,0.312
2009-09-17,24,0.257,0.307
2009-09-18,1,0.061,0.176
2009-09-18,2,0.055,0.094
2009-09-18,3,0.066,0.092
2009-09-18,4,0.082,0.089
2009-09-18,5,0.059,0.092
2009-09-18,6,0.055,0.092
2009-09-18,7,0.055,0.092
2009-09-18,8,0.072,0.074
2009-09-18,9,0.075,0.093
2009-09-18,10,0.246,0.476
2009-09-18,11,0.042,0.196
2009-09-18,12,0.057,0.066
2009-09-18,13,0.035,0.069
2009-09-18,14,0.031,0.274
2009-09-18,15,0.046,0.135
2009-09-18,16,0.073,0.097
2009-09-18,17,0.189,0.192
2009-09-18,18,0.162,0.204
2009-09-18,19,0.18,0.324
2009-09-18,20,0.229,0.333
2009-09-18,21,1.284,3.181
2009-09-18,22,0.423,0.465
2009-09-18,23,0.308,0.315
2009-09-18,24,0.183,0.263
2009-09-19,1,0.06,0.097
2009-09-19,2,0.057,0.094
2009-09-19,3,0.061,0.092
2009-09-19,4,0.087,0.092
2009-09-19,5,0.055,0.092
2009-09-19,6,0.055,0.092
2009-09-19,7,0.064,0.083
2009-09-19,8,0.097,0.226
2009-09-19,9,0.066,0.092
2009-09-19,10,0.092,0.428
2009-09-19,11,0.072,0.215
2009-09-19,12,0.108,0.467
2009-09-19,13,1.367,1.581
2009-09-19,14,0.272,1.403
2009-09-19,15,0.23,0.443
2009-09-19,16,0.142,0.21
2009-09-19,17,0.146,0.314
2009-09-19,18,0.111,0.16
2009-09-19,19,0.16,0.164
2009-09-19,20,0.194,0.543
2009-09-19,21,0.289,0.333
2009-09-19,22,0.293,0.329
2009-09-19,23,0.261,0.304
2009-09-19,24,0.097,0.248
2009-09-20,1,0.059,0.096
2009-09-20,2,0.056,0.092
2009-09-20,3,0.066,0.083
2009-09-20,4,0.056,0.094
2009-09-20,5,0.063,0.094
2009-09-20,6,0.086,0.09
2009-09-20,7,0.061,0.094
2009-09-20,8,0.061,0.271
2009-09-20,9,0.055,0.091
2009-09-20,10,0.046,0.446
2009-09-20,11,0.162,0.693
2009-09-20,12,0.06,0.065
2009-09-20,13,0.066,0.144
2009-09-20,14,0.03,0.067
2009-09-20,15,0.043,0.055
2009-09-20,16,0.033,0.066
2009-09-20,17,0.163,0.331
2009-09-20,18,0.263,0.477
2009-09-20,19,0.183,0.654
2009-09-20,20,0.476,1.148
2009-09-20,21,0.29,0.529
2009-09-20,22,0.263,0.3
2009-09-20,23,0.267,0.293
2009-09-20,24,0.096,0.166
2009-09-21,1,0.059,0.096
2009-09-21,2,0.056,0.094
2009-09-21,3,0.071,0.079
2009-09-21,4,0.057,0.092
2009-09-21,5,0.056,0.092
2009-09-21,6,0.056,0.093
2009-09-21,7,0.073,0.093
2009-09-21,8,0.078,0.262
2009-09-21,9,0.056,0.116
2009-09-21,10,0.195,0.52
2009-09-21,11,0.051,0.207
2009-09-21,12,0.042,0.177
2009-09-21,13,0.031,0.068
2009-09-21,14,0.45,1.091
2009-09-21,15,0.152,1.681
2009-09-21,16,0.041,0.068
2009-09-21,17,0.265,0.49
2009-09-21,18,0.152,0.203
2009-09-21,19,0.167,0.383
2009-09-21,20,0.265,0.283
2009-09-21,21,0.264,0.297
2009-09-21,22,0.263,0.301
2009-09-21,23,0.323,0.576
2009-09-21,24,0.269,0.34
2009-09-22,1,0.117,0.163
2009-09-22,2,0.131,0.154
2009-09-22,3,0.138,0.152
2009-09-22,4,0.117,0.153
2009-09-22,5,0.116,0.151
2009-09-22,6,0.116,0.152
2009-09-22,7,0.135,0.146
2009-09-22,8,0.158,0.279
2009-09-22,9,0.13,0.148
2009-09-22,10,0.358,0.593
2009-09-22,11,0.126,0.316
2009-09-22,12,0.09,0.15
2009-09-22,13,0.07,0.093
2009-09-22,14,0.037,0.064
2009-09-22,15,0.059,0.098
2009-09-22,16,0.122,0.125
2009-09-22,17,0.168,0.303
2009-09-22,18,0.228,0.373
2009-09-22,19,0.166,0.178
2009-09-22,20,0.237,0.497
2009-09-22,21,0.317,0.319
2009-09-22,22,0.298,0.498
2009-09-22,23,0.295,0.586
2009-09-22,24,0.277,0.314
2009-09-23,1,0.118,0.174
2009-09-23,2,0.138,0.153
2009-09-23,3,0.13,0.154
2009-09-23,4,0.116,0.152
2009-09-23,5,0.115,0.152
2009-09-23,6,0.132,0.134
2009-09-23,7,0.112,0.151
2009-09-23,8,0.156,0.28
2009-09-23,9,0.113,0.148
2009-09-23,10,0.503,0.521
2009-09-23,11,0.031,0.067
2009-09-23,12,0.034,0.221
2009-09-23,13,0.031,0.067
2009-09-23,14,0.031,0.068
2009-09-23,15,0.045,0.068
2009-09-23,16,0.054,0.312
2009-09-23,17,0.276,0.673
2009-09-23,18,0.159,0.535
2009-09-23,19,0.2,0.256
2009-09-23,20,0.316,0.511
2009-09-23,21,0.257,0.304
2009-09-23,22,0.268,0.295
2009-09-23,23,0.335,0.597
2009-09-23,24,0.31,0.353
2009-09-24,1,0.216,0.32
2009-09-24,2,0.087,0.138
2009-09-24,3,0.069,0.093
2009-09-24,4,0.056,0.094
2009-09-24,5,0.057,0.095
2009-09-24,6,0.068,0.084
2009-09-24,7,0.065,0.083
2009-09-24,8,0.098,0.226
2009-09-24,9,0.054,0.091
2009-09-24,10,0.091,0.405
2009-09-24,11,0.119,0.28
2009-09-24,12,0.051,0.069
2009-09-24,13,0.032,0.068
2009-09-24,14,0.035,1.213
2009-09-24,15,0.051,0.38
2009-09-24,16,0.066,0.068
2009-09-24,17,0.063,0.258
2009-09-24,18,0.127,0.133
2009-09-24,19,0.116,0.14
2009-09-24,20,0.35,0.367
2009-09-24,21,0.291,0.712
2009-09-24,22,0.332,0.589
2009-09-24,23,0.266,0.304
2009-09-24,24,0.329,0.529
2009-09-25,1,0.062,0.312
2009-09-25,2,0.077,0.094
2009-09-25,3,0.073,0.094
2009-09-25,4,0.056,0.093
2009-09-25,5,0.059,0.09
2009-09-25,6,0.065,0.084
2009-09-25,7,0.055,0.093
2009-09-25,8,0.096,0.224
2009-09-25,9,0.073,0.091
2009-09-25,10,0.073,0.414
2009-09-25,11,0.115,0.231
2009-09-25,12,0.044,0.056
2009-09-25,13,0.032,0.068
2009-09-25,14,0.035,0.068
2009-09-25,15,0.066,0.068
2009-09-25,16,0.092,1.216
2009-09-25,17,0.285,0.448
2009-09-25,18,0.104,0.142
2009-09-25,19,0.137,0.376
2009-09-25,20,0.407,2.251
2009-09-25,21,0.323,1.263
2009-09-25,22,0.258,0.303
2009-09-25,23,0.322,0.524
2009-09-25,24,0.259,0.281
2009-09-26,1,0.07,0.083
2009-09-26,2,0.065,0.092
2009-09-26,3,0.082,0.091
2009-09-26,4,0.056,0.092
2009-09-26,5,0.067,0.084
2009-09-26,6,0.056,0.093
2009-09-26,7,0.082,0.093
2009-09-26,8,0.073,0.262
2009-09-26,9,0.054,0.134
2009-09-26,10,0.109,0.339
2009-09-26,11,0.125,0.171
2009-09-26,12,0.164,0.185
2009-09-26,13,0.126,0.147
2009-09-26,14,0.047,0.06
2009-09-26,15,0.033,0.071
2009-09-26,16,0.035,0.07
2009-09-26,17,0.111,0.368
2009-09-26,18,0.194,0.307
2009-09-26,19,1.029,1.265
2009-09-26,20,0.275,0.301
2009-09-26,21,0.327,0.616
2009-09-26,22,0.299,0.416
2009-09-26,23,0.593,0.816
2009-09-26,24,0.301,0.344
2009-09-27,1,0.086,0.124
2009-09-27,2,0.066,0.091
2009-09-27,3,0.068,0.08
2009-09-27,4,0.057,0.094
2009-09-27,5,0.085,0.093
2009-09-27,6,0.066,0.094
2009-09-27,7,0.057,0.095
2009-09-27,8,0.096,0.234
2009-09-27,9,0.055,0.093
2009-09-27,10,0.584,1.628
2009-09-27,11,1.035,1.923
2009-09-27,12,0.886,0.926
2009-09-27,13,1.822,2.076
2009-09-27,14,0.448,2.802
2009-09-27,15,0.132,0.136
2009-09-27,16,0.125,0.129
2009-09-27,17,0.181,0.336
2009-09-27,18,0.199,0.825
2009-09-27,19,0.421,0.78
2009-09-27,20,0.641,0.715
2009-09-27,21,0.363,0.445
2009-09-27,22,0.404,0.605
2009-09-27,23,0.364,0.394
2009-09-27,24,0.157,0.223
2009-09-28,1,0.195,0.195
2009-09-28,2,0.156,0.193
2009-09-28,3,0.167,0.187
2009-09-28,4,0.153,0.195
2009-09-28,5,0.082,0.093
2009-09-28,6,0.056,0.093
2009-09-28,7,0.079,0.096
2009-09-28,8,0.278,0.604
2009-09-28,9,0.065,0.067
2009-09-28,10,0.032,0.069
2009-09-28,11,0.045,0.056
2009-09-28,12,0.032,0.069
2009-09-28,13,0.044,0.068
2009-09-28,14,0.057,0.069
2009-09-28,15,0.031,0.068
2009-09-28,16,0.039,0.061
2009-09-28,17,0.074,0.863
2009-09-28,18,0.144,0.651
2009-09-28,19,0.154,0.638
2009-09-28,20,0.28,0.381
2009-09-28,21,0.256,0.288
2009-09-28,22,0.299,0.344
2009-09-28,23,0.324,0.517
2009-09-28,24,0.066,0.098
2009-09-29,1,0.058,0.094
2009-09-29,2,0.087,0.092
2009-09-29,3,0.063,0.093
2009-09-29,4,0.056,0.094
2009-09-29,5,0.071,0.079
2009-09-29,6,0.056,0.093
2009-09-29,7,0.068,0.093
2009-09-29,8,0.467,0.739
2009-09-29,9,0.031,0.067
2009-09-29,10,0.046,0.053
2009-09-29,11,0.031,0.067
2009-09-29,12,0.032,0.07
2009-09-29,13,0.051,0.07
2009-09-29,14,0.05,0.07
2009-09-29,15,0.031,0.069
2009-09-29,16,0.031,0.068
2009-09-29,17,0.239,1.531
2009-09-29,18,0.207,0.476
2009-09-29,19,0.187,0.575
2009-09-29,20,0.401,0.796
2009-09-29,21,0.29,0.487
2009-09-29,22,0.302,0.308
2009-09-29,23,0.257,0.484
2009-09-29,24,0.081,0.112
2009-09-30,1,0.059,0.097
2009-09-30,2,0.068,0.093
2009-09-30,3,0.081,0.092
2009-09-30,4,0.056,0.093
2009-09-30,5,0.057,0.091
2009-09-30,6,0.062,0.087
2009-09-30,7,0.06,0.092
2009-09-30,8,0.315,0.71
2009-09-30,9,0.062,0.095
2009-09-30,10,0.063,0.092
2009-09-30,11,0.06,0.095
2009-09-30,12,0.059,0.096
2009-09-30,13,0.08,0.096
2009-09-30,14,0.075,0.096
2009-09-30,15,0.059,0.096
2009-09-30,16,0.065,0.091
2009-09-30,17,0.091,0.327
2009-09-30,18,0.21,0.483
2009-09-30,19,0.215,0.316
2009-09-30,20,0.352,0.467
2009-09-30,21,0.298,0.301
2009-09-30,22,0.287,0.606
2009-09-30,23,0.263,0.304
2009-09-30,24,0.301,0.33
2009-10-01,1,0.059,0.1
2009-10-01,2,0.08,0.095
2009-10-01,3,0.068,0.094
2009-10-01,4,0.056,0.093
2009-10-01,5,0.064,0.086
2009-10-01,6,0.06,0.088
2009-10-01,7,0.06,0.094
2009-10-01,8,0.062,0.264
2009-10-01,9,0.083,0.089
2009-10-01,10,0.137,0.26
2009-10-01,11,0.049,0.052
2009-10-01,12,0.069,0.23
2009-10-01,13,0.056,0.176
2009-10-01,14,0.048,1.215
2009-10-01,15,0.067,1.048
2009-10-01,16,0.043,0.055
2009-10-01,17,0.068,0.069
2009-10-01,18,0.113,0.425
2009-10-01,19,0.214,0.242
2009-10-01,20,0.286,0.472
2009-10-01,21,0.27,0.63
2009-10-01,22,0.265,0.314
2009-10-01,23,0.201,0.339
2009-10-01,24,0.084,0.096
2009-10-02,1,0.071,0.098
2009-10-02,2,0.056,0.093
2009-10-02,3,0.056,0.093
2009-10-02,4,0.07,0.079
2009-10-02,5,0.059,0.09
2009-10-02,6,0.055,0.092
2009-10-02,7,0.054,0.093
2009-10-02,8,0.267,0.578
2009-10-02,9,0.034,0.067
2009-10-02,10,0.031,0.068
2009-10-02,11,0.045,0.056
2009-10-02,12,0.032,0.069
2009-10-02,13,0.031,0.068
2009-10-02,14,0.038,0.069
2009-10-02,15,0.059,0.062
2009-10-02,16,0.042,0.069
2009-10-02,17,0.345,0.385
2009-10-02,18,0.156,0.203
2009-10-02,19,0.175,0.182
2009-10-02,20,0.352,0.862
2009-10-02,21,0.468,0.613
2009-10-02,22,0.329,0.544
2009-10-02,23,0.3,0.302
2009-10-02,24,0.34,0.343
2009-10-03,1,0.096,0.112
2009-10-03,2,0.061,0.094
2009-10-03,3,0.067,0.093
2009-10-03,4,0.082,0.091
2009-10-03,5,0.056,0.093
2009-10-03,6,0.07,0.077
2009-10-03,7,0.06,0.093
2009-10-03,8,0.068,0.264
2009-10-03,9,0.085,0.091
2009-10-03,10,0.056,0.212
2009-10-03,11,0.368,0.498
2009-10-03,12,0.15,0.258
2009-10-03,13,0.131,0.176
2009-10-03,14,0.057,0.086
2009-10-03,15,0.044,0.069
2009-10-03,16,0.032,0.068
2009-10-03,17,0.039,0.228
2009-10-03,18,0.06,0.308
2009-10-03,19,0.602,0.673
2009-10-03,20,0.267,0.337
2009-10-03,21,0.282,0.514
2009-10-03,22,0.267,0.303
2009-10-03,23,0.252,0.298
2009-10-03,24,0.251,0.296
2009-10-04,1,0.257,0.281
2009-10-04,2,0.229,0.281
2009-10-04,3,0.058,0.104
2009-10-04,4,0.056,0.097
2009-10-04,5,0.071,0.097
2009-10-04,6,0.081,0.087
2009-10-04,7,0.065,0.102
2009-10-04,8,0.094,0.229
2009-10-04,9,0.056,0.078
2009-10-04,10,0.027,0.066
2009-10-04,11,0.577,1.62
2009-10-04,12,0.034,0.104
2009-10-04,13,0.031,0.212
2009-10-04,14,0.031,0.068
2009-10-04,15,0.048,0.069
2009-10-04,16,0.053,0.064
2009-10-04,17,0.042,0.234
2009-10-04,18,0.197,0.348
2009-10-04,19,0.2,0.258
2009-10-04,20,0.4,0.446
2009-10-04,21,0.306,0.402
2009-10-04,22,0.401,0.539
2009-10-04,23,0.206,0.281
2009-10-04,24,0.059,0.097
2009-10-05,1,0.059,0.096
2009-10-05,2,0.055,0.093
2009-10-05,3,0.059,0.088
2009-10-05,4,0.074,0.074
2009-10-05,5,0.06,0.088
2009-10-05,6,0.054,0.092
2009-10-05,7,0.059,0.093
2009-10-05,8,0.277,0.904
2009-10-05,9,0.038,0.067
2009-10-05,10,0.051,0.06
2009-10-05,11,0.05,0.06
2009-10-05,12,0.039,0.068
2009-10-05,13,0.031,0.069
2009-10-05,14,0.031,0.068
2009-10-05,15,0.031,0.069
2009-10-05,16,0.031,0.07
2009-10-05,17,0.27,0.337
2009-10-05,18,0.117,0.129
2009-10-05,19,0.215,0.341
2009-10-05,20,0.264,0.462
2009-10-05,21,0.257,0.291
2009-10-05,22,0.282,0.3
2009-10-05,23,0.259,0.685
2009-10-05,24,0.058,0.135
2009-10-06,1,0.058,0.094
2009-10-06,2,0.064,0.09
2009-10-06,3,0.074,0.077
2009-10-06,4,0.059,0.092
2009-10-06,5,0.056,0.094
2009-10-06,6,0.056,0.095
2009-10-06,7,0.062,0.093
2009-10-06,8,0.281,0.735
2009-10-06,9,0.036,0.067
2009-10-06,10,0.031,0.068
2009-10-06,11,0.031,0.068
2009-10-06,12,0.042,0.057
2009-10-06,13,0.038,0.06
2009-10-06,14,0.031,0.069
2009-10-06,15,0.031,0.069
2009-10-06,16,0.031,0.069
2009-10-06,17,0.349,0.443
2009-10-06,18,0.19,0.571
2009-10-06,19,0.245,0.619
2009-10-06,20,0.254,0.719
2009-10-06,21,0.326,0.695
2009-10-06,22,0.327,0.518
2009-10-06,23,0.328,0.427
2009-10-06,24,0.147,0.321
2009-10-07,1,0.061,0.101
2009-10-07,2,0.063,0.095
2009-10-07,3,0.071,0.088
2009-10-07,4,0.075,0.082
2009-10-07,5,0.066,0.09
2009-10-07,6,0.058,0.092
2009-10-07,7,0.055,0.1
2009-10-07,8,0.093,0.225
2009-10-07,9,0.056,0.094
2009-10-07,10,0.313,0.332
2009-10-07,11,0.069,0.069
2009-10-07,12,0.145,0.186
2009-10-07,13,0.031,0.068
2009-10-07,14,0.031,0.069
2009-10-07,15,0.031,0.068
2009-10-07,16,0.068,0.241
2009-10-07,17,0.127,0.333
2009-10-07,18,0.142,0.192
2009-10-07,19,0.349,0.848
2009-10-07,20,0.255,0.501
2009-10-07,21,0.268,0.306
2009-10-07,22,0.267,0.633
2009-10-07,23,0.119,0.305
2009-10-07,24,0.075,0.089
2009-10-08,1,0.062,0.096
2009-10-08,2,0.055,0.094
2009-10-08,3,0.055,0.094
2009-10-08,4,0.056,0.093
2009-10-08,5,0.056,0.095
2009-10-08,6,0.056,0.094
2009-10-08,7,0.055,0.098
2009-10-08,8,0.264,0.783
2009-10-08,9,0.031,0.067
2009-10-08,10,0.037,0.063
2009-10-08,11,0.042,0.058
2009-10-08,12,0.045,0.055
2009-10-08,13,0.049,0.052
2009-10-08,14,0.049,0.052
2009-10-08,15,0.047,0.055
2009-10-08,16,0.046,0.055
2009-10-08,17,0.156,0.91
2009-10-08,18,0.108,0.419
2009-10-08,19,0.344,0.438
2009-10-08,20,0.296,0.405
2009-10-08,21,0.312,0.392
2009-10-08,22,0.312,0.414
2009-10-08,23,0.237,0.262
2009-10-08,24,0.058,0.096
2009-10-09,1,0.058,0.098
2009-10-09,2,0.056,0.095
2009-10-09,3,0.056,0.093
2009-10-09,4,0.056,0.095
2009-10-09,5,0.056,0.095
2009-10-09,6,0.056,0.094
2009-10-09,7,0.055,0.098
2009-10-09,8,0.306,0.728
2009-10-09,9,0.047,0.051
2009-10-09,10,0.045,0.055
2009-10-09,11,0.041,0.059
2009-10-09,12,0.037,0.063
2009-10-09,13,0.035,0.064
2009-10-09,14,0.035,0.065
2009-10-09,15,0.037,0.064
2009-10-09,16,0.036,0.062
2009-10-09,17,0.35,0.59
2009-10-09,18,0.033,0.069
2009-10-09,19,0.031,0.068
2009-10-09,20,0.068,0.317
2009-10-09,21,0.33,0.455
2009-10-09,22,0.305,0.706
2009-10-09,23,0.395,0.675
2009-10-09,24,0.218,0.285
2009-10-10,1,0.064,0.099
2009-10-10,2,0.056,0.091
2009-10-10,3,0.056,0.095
2009-10-10,4,0.061,0.09
2009-10-10,5,0.072,0.077
2009-10-10,6,0.067,0.084
2009-10-10,7,0.066,0.097
2009-10-10,8,0.056,0.265
2009-10-10,9,0.055,0.093
2009-10-10,10,0.093,0.189
2009-10-10,11,0.179,0.596
2009-10-10,12,0.171,0.196
2009-10-10,13,0.231,0.244
2009-10-10,14,0.031,0.071
2009-10-10,15,0.035,0.063
2009-10-10,16,0.042,0.054
2009-10-10,17,0.054,0.516
2009-10-10,18,0.248,0.249
2009-10-10,19,0.271,0.72
2009-10-10,20,0.758,1.289
2009-10-10,21,0.353,1.074
2009-10-10,22,0.286,1.319
2009-10-10,23,0.391,0.429
2009-10-10,24,0.171,0.302
2009-10-11,1,0.089,0.096
2009-10-11,2,0.063,0.093
2009-10-11,3,0.055,0.092
2009-10-11,4,0.063,0.086
2009-10-11,5,0.063,0.086
2009-10-11,6,0.055,0.093
2009-10-11,7,0.062,0.093
2009-10-11,8,0.069,0.264
2009-10-11,9,0.08,0.085
2009-10-11,10,0.096,0.645
2009-10-11,11,0.282,1.447
2009-10-11,12,0.035,0.061
2009-10-11,13,1.164,1.722
2009-10-11,14,1.01,3.265
2009-10-11,15,0.122,0.292
2009-10-11,16,0.063,0.065
2009-10-11,17,0.053,0.227
2009-10-11,18,0.065,1.037
2009-10-11,19,0.199,0.43
2009-10-11,20,0.308,0.438
2009-10-11,21,0.316,0.336
2009-10-11,22,0.3,0.616
2009-10-11,23,0.153,0.3
2009-10-11,24,0.191,0.204
2009-10-12,1,0.155,0.192
2009-10-12,2,0.081,0.152
2009-10-12,3,0.056,0.092
2009-10-12,4,0.064,0.093
2009-10-12,5,0.086,0.09
2009-10-12,6,0.059,0.093
2009-10-12,7,0.055,0.1
2009-10-12,8,0.263,0.727
2009-10-12,9,0.037,0.062
2009-10-12,10,0.031,0.068
2009-10-12,11,0.031,0.069
2009-10-12,12,0.031,0.067
2009-10-12,13,0.039,0.07
2009-10-12,14,0.05,0.062
2009-10-12,15,0.051,0.061
2009-10-12,16,0.04,0.068
2009-10-12,17,0.184,0.272
2009-10-12,18,0.097,0.165
2009-10-12,19,0.169,0.719
2009-10-12,20,0.27,0.475
2009-10-12,21,0.259,0.293
2009-10-12,22,0.28,0.296
2009-10-12,23,0.178,0.66
2009-10-12,24,0.071,0.096
2009-10-13,1,0.083,0.084
2009-10-13,2,0.067,0.094
2009-10-13,3,0.057,0.096
2009-10-13,4,0.057,0.095
2009-10-13,5,0.057,0.094
2009-10-13,6,0.056,0.093
2009-10-13,7,0.055,0.098
2009-10-13,8,0.296,0.588
2009-10-13,9,0.04,0.059
2009-10-13,10,0.031,0.067
2009-10-13,11,0.031,0.069
2009-10-13,12,0.031,0.069
2009-10-13,13,0.031,0.069
2009-10-13,14,0.031,0.069
2009-10-13,15,0.031,0.07
2009-10-13,16,0.068,0.437
2009-10-13,17,0.431,0.549
2009-10-13,18,0.262,0.59
2009-10-13,19,0.334,0.387
2009-10-13,20,0.481,0.619
2009-10-13,21,0.594,0.642
2009-10-13,22,0.621,0.812
2009-10-13,23,0.142,0.338
2009-10-13,24,0.06,0.099
2009-10-14,1,0.059,0.098
2009-10-14,2,0.056,0.092
2009-10-14,3,0.065,0.095
2009-10-14,4,0.074,0.086
2009-10-14,5,0.074,0.087
2009-10-14,6,0.064,0.093
2009-10-14,7,0.055,0.098
2009-10-14,8,0.335,0.694
2009-10-14,9,0.031,0.068
2009-10-14,10,0.046,0.053
2009-10-14,11,0.041,0.06
2009-10-14,12,0.031,0.067
2009-10-14,13,0.031,0.07
2009-10-14,14,0.031,0.069
2009-10-14,15,0.031,0.07
2009-10-14,16,0.031,0.069
2009-10-14,17,0.098,1.266
2009-10-14,18,0.577,1.679
2009-10-14,19,0.175,0.218
2009-10-14,20,0.33,0.753
2009-10-14,21,0.269,0.31
2009-10-14,22,0.299,0.438
2009-10-14,23,0.321,0.392
2009-10-14,24,0.096,0.118
2009-10-15,1,0.059,0.097
2009-10-15,2,0.056,0.092
2009-10-15,3,0.056,0.094
2009-10-15,4,0.072,0.077
2009-10-15,5,0.059,0.088
2009-10-15,6,0.055,0.094
2009-10-15,7,0.062,0.091
2009-10-15,8,0.054,0.258
2009-10-15,9,0.093,0.453
2009-10-15,10,0.089,0.292
2009-10-15,11,0.059,0.068
2009-10-15,12,0.04,0.207
2009-10-15,13,0.068,0.313
2009-10-15,14,0.112,0.269
2009-10-15,15,0.051,0.067
2009-10-15,16,0.031,0.068
2009-10-15,17,0.038,0.234
2009-10-15,18,0.112,0.115
2009-10-15,19,0.207,0.558
2009-10-15,20,0.268,0.322
2009-10-15,21,0.28,0.641
2009-10-15,22,0.303,0.334
2009-10-15,23,0.184,0.256
2009-10-15,24,0.061,0.092
2009-10-16,1,0.075,0.079
2009-10-16,2,0.056,0.094
2009-10-16,3,0.056,0.094
2009-10-16,4,0.056,0.093
2009-10-16,5,0.056,0.095
2009-10-16,6,0.056,0.094
2009-10-16,7,0.064,0.094
2009-10-16,8,0.305,0.642
2009-10-16,9,0.039,0.069
2009-10-16,10,0.031,0.069
2009-10-16,11,0.031,0.069
2009-10-16,12,0.031,0.068
2009-10-16,13,0.031,0.069
2009-10-16,14,0.031,0.07
2009-10-16,15,0.031,0.067
2009-10-16,16,0.031,0.068
2009-10-16,17,0.068,0.502
2009-10-16,18,0.049,0.054
2009-10-16,19,0.058,0.488
2009-10-16,20,0.314,0.518
2009-10-16,21,0.284,0.599
2009-10-16,22,0.42,3.263
2009-10-16,23,0.267,0.337
2009-10-16,24,0.242,0.283
2009-10-17,1,0.073,0.094
2009-10-17,2,0.055,0.092
2009-10-17,3,0.067,0.084
2009-10-17,4,0.074,0.075
2009-10-17,5,0.069,0.082
2009-10-17,6,0.063,0.087
2009-10-17,7,0.065,0.091
2009-10-17,8,0.056,0.265
2009-10-17,9,0.059,0.093
2009-10-17,10,0.175,0.54
2009-10-17,11,0.115,0.135
2009-10-17,12,0.112,0.447
2009-10-17,13,0.036,0.106
2009-10-17,14,0.031,0.068
2009-10-17,15,0.07,1.224
2009-10-17,16,1.118,1.296
2009-10-17,17,0.119,0.354
2009-10-17,18,0.197,0.205
2009-10-17,19,0.204,0.652
2009-10-17,20,0.353,0.444
2009-10-17,21,0.259,0.36
2009-10-17,22,0.257,0.29
2009-10-17,23,0.292,0.309
2009-10-17,24,0.251,0.288
2009-10-18,1,0.071,0.161
2009-10-18,2,0.059,0.095
2009-10-18,3,0.075,0.094
2009-10-18,4,0.075,0.093
2009-10-18,5,0.055,0.089
2009-10-18,6,0.055,0.092
2009-10-18,7,0.068,0.084
2009-10-18,8,0.06,0.255
2009-10-18,9,0.057,0.093
2009-10-18,10,0.132,0.636
2009-10-18,11,0.394,1.731
2009-10-18,12,0.03,0.067
2009-10-18,13,0.169,0.355
2009-10-18,14,0.036,0.06
2009-10-18,15,0.031,0.068
2009-10-18,16,0.069,0.128
2009-10-18,17,0.212,0.321
2009-10-18,18,0.112,0.151
2009-10-18,19,0.904,0.933
2009-10-18,20,0.405,1.107
2009-10-18,21,0.32,0.478
2009-10-18,22,0.307,0.555
2009-10-18,23,0.271,0.306
2009-10-18,24,0.094,0.31
2009-10-19,1,0.072,0.097
2009-10-19,2,0.058,0.094
2009-10-19,3,0.056,0.094
2009-10-19,4,0.056,0.094
2009-10-19,5,0.063,0.087
2009-10-19,6,0.071,0.077
2009-10-19,7,0.065,0.091
2009-10-19,8,0.054,0.259
2009-10-19,9,0.092,0.178
2009-10-19,10,0.122,0.603
2009-10-19,11,0.057,0.185
2009-10-19,12,0.039,0.068
2009-10-19,13,0.031,0.067
2009-10-19,14,0.031,0.067
2009-10-19,15,0.031,0.736
2009-10-19,16,0.216,0.752
2009-10-19,17,0.198,0.337
2009-10-19,18,0.203,0.686
2009-10-19,19,0.262,0.856
2009-10-19,20,0.311,0.361
2009-10-19,21,0.272,0.31
2009-10-19,22,0.272,0.312
2009-10-19,23,0.302,0.506
2009-10-19,24,0.091,0.095
2009-10-20,1,0.072,0.079
2009-10-20,2,0.063,0.085
2009-10-20,3,0.055,0.092
2009-10-20,4,0.055,0.094
2009-10-20,5,0.055,0.092
2009-10-20,6,0.055,0.094
2009-10-20,7,0.063,0.093
2009-10-20,8,0.302,0.832
2009-10-20,9,0.071,0.098
2009-10-20,10,0.06,0.097
2009-10-20,11,0.06,0.097
2009-10-20,12,0.059,0.097
2009-10-20,13,0.06,0.096
2009-10-20,14,0.059,0.098
2009-10-20,15,0.06,0.097
2009-10-20,16,0.06,0.099
2009-10-20,17,0.338,1.726
2009-10-20,18,0.179,0.913
2009-10-20,19,0.211,0.436
2009-10-20,20,0.316,1.056
2009-10-20,21,0.295,0.469
2009-10-20,22,0.304,0.629
2009-10-20,23,0.173,0.28
2009-10-20,24,0.058,0.097
2009-10-21,1,0.058,0.097
2009-10-21,2,0.07,0.081
2009-10-21,3,0.068,0.081
2009-10-21,4,0.058,0.092
2009-10-21,5,0.056,0.093
2009-10-21,6,0.056,0.095
2009-10-21,7,0.064,0.094
2009-10-21,8,0.312,0.656
2009-10-21,9,0.052,0.063
2009-10-21,10,0.049,0.063
2009-10-21,11,0.036,0.069
2009-10-21,12,0.031,0.07
2009-10-21,13,0.031,0.069
2009-10-21,14,0.031,0.069
2009-10-21,15,0.031,0.07
2009-10-21,16,0.031,0.069
2009-10-21,17,0.406,0.728
2009-10-21,18,0.188,0.199
2009-10-21,19,0.468,0.839
2009-10-21,20,0.278,0.343
2009-10-21,21,0.297,0.32
2009-10-21,22,0.32,0.333
2009-10-21,23,0.306,0.519
2009-10-21,24,0.099,0.211
2009-10-22,1,0.057,0.096
2009-10-22,2,0.056,0.092
2009-10-22,3,0.055,0.093
2009-10-22,4,0.055,0.094
2009-10-22,5,0.056,0.094
2009-10-22,6,0.056,0.093
2009-10-22,7,0.055,0.1
2009-10-22,8,0.299,0.777
2009-10-22,9,0.04,0.059
2009-10-22,10,0.031,0.07
2009-10-22,11,0.031,0.069
2009-10-22,12,0.031,0.068
2009-10-22,13,0.031,0.068
2009-10-22,14,0.031,0.07
2009-10-22,15,0.031,0.069
2009-10-22,16,0.031,0.069
2009-10-22,17,0.079,1.24
2009-10-22,18,0.521,1.737
2009-10-22,19,0.174,0.707
2009-10-22,20,0.263,0.284
2009-10-22,21,0.278,0.645
2009-10-22,22,0.266,0.299
2009-10-22,23,0.172,0.307
2009-10-22,24,0.157,0.194
2009-10-23,1,0.139,0.194
2009-10-23,2,0.055,0.094
2009-10-23,3,0.064,0.094
2009-10-23,4,0.07,0.085
2009-10-23,5,0.075,0.077
2009-10-23,6,0.07,0.08
2009-10-23,7,0.067,0.091
2009-10-23,8,0.29,0.757
2009-10-23,9,0.031,0.069
2009-10-23,10,0.031,0.069
2009-10-23,11,0.031,0.068
2009-10-23,12,0.031,0.07
2009-10-23,13,0.031,0.07
2009-10-23,14,0.031,0.069
2009-10-23,15,0.033,0.067
2009-10-23,16,0.037,0.062
2009-10-23,17,0.048,1.588
2009-10-23,18,0.401,0.617
2009-10-23,19,0.301,0.557
2009-10-23,20,0.264,0.412
2009-10-23,21,0.277,0.297
2009-10-23,22,0.276,0.359
2009-10-23,23,0.293,0.331
2009-10-23,24,0.298,0.552
2009-10-24,1,0.099,0.175
2009-10-24,2,0.069,0.086
2009-10-24,3,0.073,0.076
2009-10-24,4,0.066,0.083
2009-10-24,5,0.06,0.09
2009-10-24,6,0.055,0.093
2009-10-24,7,0.061,0.094
2009-10-24,8,0.054,0.26
2009-10-24,9,0.055,0.092
2009-10-24,10,0.093,0.346
2009-10-24,11,0.05,0.201
2009-10-24,12,0.721,1.211
2009-10-24,13,0.282,0.311
2009-10-24,14,0.071,0.76
2009-10-24,15,0.034,0.073
2009-10-24,16,0.034,0.277
2009-10-24,17,0.246,0.397
2009-10-24,18,0.141,0.147
2009-10-24,19,0.202,0.263
2009-10-24,20,0.343,0.711
2009-10-24,21,0.632,0.685
2009-10-24,22,0.302,0.681
2009-10-24,23,0.259,0.365
2009-10-24,24,0.105,0.327
2009-10-25,1,0.07,0.088
2009-10-25,2,0.055,0.099
2009-10-25,3,0.065,0.099
2009-10-25,4,0.082,0.088
2009-10-25,5,0.071,0.096
2009-10-25,6,0.055,0.095
2009-10-25,7,0.055,0.101
2009-10-25,8,0.063,0.093
2009-10-25,9,0.095,0.224
2009-10-25,10,0.423,0.449
2009-10-25,11,0.225,1.714
2009-10-25,12,0.032,0.136
2009-10-25,13,0.035,0.069
2009-10-25,14,0.05,0.069
2009-10-25,15,0.054,0.064
2009-10-25,16,0.04,0.069
2009-10-25,17,0.035,0.62
2009-10-25,18,0.178,0.299
2009-10-25,19,0.27,0.296
2009-10-25,20,0.285,0.418
2009-10-25,21,0.264,0.29
2009-10-25,22,0.3,0.331
2009-10-25,23,0.265,0.562
2009-10-25,24,0.272,0.312
2009-10-26,1,0.095,0.302
2009-10-26,2,0.075,0.084
2009-10-26,3,0.076,0.082
2009-10-26,4,0.068,0.088
2009-10-26,5,0.061,0.094
2009-10-26,6,0.056,0.093
2009-10-26,7,0.055,0.096
2009-10-26,8,0.092,0.233
2009-10-26,9,0.054,0.097
2009-10-26,10,0.074,0.411
2009-10-26,11,0.071,0.319
2009-10-26,12,0.033,0.066
2009-10-26,13,0.041,0.057
2009-10-26,14,0.049,0.05
2009-10-26,15,0.043,0.056
2009-10-26,16,0.173,0.471
2009-10-26,17,0.23,0.347
2009-10-26,18,0.282,0.877
2009-10-26,19,0.28,0.411
2009-10-26,20,0.314,0.342
2009-10-26,21,0.255,0.294
2009-10-26,22,0.27,0.289
2009-10-26,23,0.332,0.744
2009-10-26,24,0.086,0.317
2009-10-27,1,0.067,0.086
2009-10-27,2,0.055,0.095
2009-10-27,3,0.055,0.094
2009-10-27,4,0.056,0.093
2009-10-27,5,0.056,0.094
2009-10-27,6,0.055,0.093
2009-10-27,7,0.055,0.093
2009-10-27,8,0.054,0.268
2009-10-27,9,0.06,0.091
2009-10-27,10,0.091,0.512
2009-10-27,11,0.069,0.382
2009-10-27,12,0.031,0.069
2009-10-27,13,0.031,0.322
2009-10-27,14,0.24,0.318
2009-10-27,15,0.173,0.214
2009-10-27,16,0.141,0.71
2009-10-27,17,0.099,1.199
2009-10-27,18,1.919,2.743
2009-10-27,19,0.381,0.385
2009-10-27,20,0.388,0.947
2009-10-27,21,0.281,0.305
2009-10-27,22,0.279,0.654
2009-10-27,23,0.303,0.308
2009-10-27,24,0.35,0.405
2009-10-28,1,0.207,0.295
2009-10-28,2,0.139,0.151
2009-10-28,3,0.13,0.152
2009-10-28,4,0.123,0.161
2009-10-28,5,0.123,0.161
2009-10-28,6,0.123,0.162
2009-10-28,7,0.135,0.159
2009-10-28,8,0.147,0.319
2009-10-28,9,0.13,0.261
2009-10-28,10,0.174,0.477
2009-10-28,11,0.115,0.115
2009-10-28,12,0.097,0.133
2009-10-28,13,0.04,0.088
2009-10-28,14,0.04,0.077
2009-10-28,15,0.048,0.078
2009-10-28,16,0.064,0.07
2009-10-28,17,0.228,0.479
2009-10-28,18,0.321,1.638
2009-10-28,19,0.27,0.312
2009-10-28,20,0.511,0.904
2009-10-28,21,0.458,0.518
2009-10-28,22,0.356,0.649
2009-10-28,23,0.34,0.34
2009-10-28,24,0.196,0.353
2009-10-29,1,0.129,0.145
2009-10-29,2,0.115,0.154
2009-10-29,3,0.113,0.154
2009-10-29,4,0.137,0.149
2009-10-29,5,0.126,0.15
2009-10-29,6,0.112,0.15
2009-10-29,7,0.113,0.155
2009-10-29,8,0.138,0.305
2009-10-29,9,0.116,0.15
2009-10-29,10,0.159,0.476
2009-10-29,11,0.166,0.322
2009-10-29,12,0.129,0.212
2009-10-29,13,0.033,0.069
2009-10-29,14,0.035,0.07
2009-10-29,15,0.079,0.276
2009-10-29,16,0.062,0.098
2009-10-29,17,0.101,0.339
2009-10-29,18,0.265,0.424
2009-10-29,19,0.303,0.319
2009-10-29,20,0.408,0.824
2009-10-29,21,0.289,0.312
2009-10-29,22,0.304,0.532
2009-10-29,23,0.27,0.308
2009-10-29,24,0.2,0.35
2009-10-30,1,0.083,0.154
2009-10-30,2,0.072,0.093
2009-10-30,3,0.055,0.094
2009-10-30,4,0.055,0.094
2009-10-30,5,0.056,0.093
2009-10-30,6,0.072,0.078
2009-10-30,7,0.07,0.088
2009-10-30,8,0.054,0.266
2009-10-30,9,0.055,0.093
2009-10-30,10,0.092,0.321
2009-10-30,11,0.199,0.507
2009-10-30,12,0.068,0.131
2009-10-30,13,0.044,0.057
2009-10-30,14,0.034,0.069
2009-10-30,15,0.069,0.126
2009-10-30,16,0.189,0.197
2009-10-30,17,0.382,0.419
2009-10-30,18,0.477,0.681
2009-10-30,19,0.305,0.436
2009-10-30,20,0.292,0.296
2009-10-30,21,0.314,0.364
2009-10-30,22,0.263,0.581
2009-10-30,23,0.262,0.289
2009-10-30,24,0.269,0.372
2009-10-31,1,0.196,0.227
2009-10-31,2,0.06,0.097
2009-10-31,3,0.059,0.09
2009-10-31,4,0.058,0.093
2009-10-31,5,0.09,0.092
2009-10-31,6,0.057,0.093
2009-10-31,7,0.055,0.094
2009-10-31,8,0.065,0.256
2009-10-31,9,0.055,0.092
2009-10-31,10,0.277,0.337
2009-10-31,11,0.068,0.133
2009-10-31,12,0.039,0.06
2009-10-31,13,0.035,0.071
2009-10-31,14,0.067,0.089
2009-10-31,15,0.043,0.066
2009-10-31,16,0.029,0.064
2009-10-31,17,0.055,0.433
2009-10-31,18,1.119,2.07
2009-10-31,19,1.15,1.183
2009-10-31,20,1.083,1.473
2009-10-31,21,1.169,1.506
2009-10-31,22,0.316,0.347
2009-10-31,23,0.295,0.631
2009-10-31,24,0.073,0.236
2009-11-01,1,0.094,0.097
2009-11-01,2,0.056,0.091
2009-11-01,3,0.056,0.091
2009-11-01,4,0.091,0.092
2009-11-01,5,0.056,0.092
2009-11-01,6,0.059,0.089
2009-11-01,7,0.073,0.093
2009-11-01,8,0.09,0.256
2009-11-01,9,0.055,0.091
2009-11-01,10,0.192,0.543
2009-11-01,11,0.281,1.244
2009-11-01,12,0.041,0.066
2009-11-01,13,1.447,2.475
2009-11-01,14,0.519,3.194
2009-11-01,15,0.178,0.183
2009-11-01,16,0.198,0.222
2009-11-01,17,0.197,0.355
2009-11-01,18,0.294,0.442
2009-11-01,19,0.282,0.746
2009-11-01,20,0.33,0.432
2009-11-01,21,0.304,0.308
2009-11-01,22,0.267,0.299
2009-11-01,23,0.299,0.318
2009-11-01,24,0.074,0.102
2009-11-02,1,0.079,0.094
2009-11-02,2,0.054,0.091
2009-11-02,3,0.058,0.087
2009-11-02,4,0.065,0.081
2009-11-02,5,0.054,0.092
2009-11-02,6,0.055,0.092
2009-11-02,7,0.061,0.092
2009-11-02,8,0.289,0.694
2009-11-02,9,0.033,0.068
2009-11-02,10,0.03,0.068
2009-11-02,11,0.031,0.069
2009-11-02,12,0.031,0.068
2009-11-02,13,0.032,0.066
2009-11-02,14,0.04,0.058
2009-11-02,15,0.047,0.054
2009-11-02,16,0.049,0.051
2009-11-02,17,0.217,0.493
2009-11-02,18,0.509,0.71
2009-11-02,19,0.268,0.6
2009-11-02,20,0.303,0.356
2009-11-02,21,0.256,0.311
2009-11-02,22,0.259,0.306
2009-11-02,23,0.271,0.679
2009-11-02,24,0.057,0.122
2009-11-03,1,0.057,0.096
2009-11-03,2,0.055,0.093
2009-11-03,3,0.055,0.093
2009-11-03,4,0.055,0.093
2009-11-03,5,0.055,0.093
2009-11-03,6,0.055,0.093
2009-11-03,7,0.058,0.094
2009-11-03,8,0.147,0.801
2009-11-03,9,0.03,0.068
2009-11-03,10,0.03,0.068
2009-11-03,11,0.031,0.067
2009-11-03,12,0.038,0.06
2009-11-03,13,0.048,0.052
2009-11-03,14,0.041,0.058
2009-11-03,15,0.03,0.068
2009-11-03,16,0.03,0.07
2009-11-03,17,0.332,0.612
2009-11-03,18,0.287,0.753
2009-11-03,19,0.276,0.283
2009-11-03,20,0.34,0.904
2009-11-03,21,0.267,0.419
2009-11-03,22,0.27,0.5
2009-11-03,23,0.272,0.563
2009-11-03,24,0.1,0.311
2009-11-04,1,0.058,0.1
2009-11-04,2,0.055,0.092
2009-11-04,3,0.054,0.092
2009-11-04,4,0.054,0.093
2009-11-04,5,0.062,0.085
2009-11-04,6,0.071,0.074
2009-11-04,7,0.065,0.086
2009-11-04,8,0.099,0.231
2009-11-04,9,0.058,0.093
2009-11-04,10,0.331,0.419
2009-11-04,11,0.066,0.069
2009-11-04,12,0.131,0.221
2009-11-04,13,0.03,0.07
2009-11-04,14,0.031,0.063
2009-11-04,15,0.691,0.715
2009-11-04,16,0.263,0.59
2009-11-04,17,0.387,0.494
2009-11-04,18,0.602,0.609
2009-11-04,19,0.362,0.434
2009-11-04,20,0.293,0.645
2009-11-04,21,0.301,0.434
2009-11-04,22,0.444,0.61
2009-11-04,23,0.295,0.304
2009-11-04,24,0.078,0.095
2009-11-05,1,0.081,0.09
2009-11-05,2,0.081,0.082
2009-11-05,3,0.07,0.089
2009-11-05,4,0.065,0.1
2009-11-05,5,0.065,0.105
2009-11-05,6,0.065,0.104
2009-11-05,7,0.066,0.105
2009-11-05,8,0.243,0.73
2009-11-05,9,0.041,0.08
2009-11-05,10,0.053,0.067
2009-11-05,11,0.056,0.069
2009-11-05,12,0.042,0.081
2009-11-05,13,0.042,0.081
2009-11-05,14,0.041,0.082
2009-11-05,15,0.042,0.077
2009-11-05,16,0.045,0.059
2009-11-05,17,0.154,1.308
2009-11-05,18,0.715,0.807
2009-11-05,19,0.277,0.468
2009-11-05,20,0.276,0.39
2009-11-05,21,0.303,0.421
2009-11-05,22,0.404,1.019
2009-11-05,23,0.288,0.368
2009-11-05,24,0.07,0.224
2009-11-06,1,0.07,0.109
2009-11-06,2,0.065,0.104
2009-11-06,3,0.066,0.106
2009-11-06,4,0.066,0.106
2009-11-06,5,0.066,0.106
2009-11-06,6,0.078,0.091
2009-11-06,7,0.074,0.099
2009-11-06,8,0.104,0.238
2009-11-06,9,0.064,0.104
2009-11-06,10,0.356,0.563
2009-11-06,11,0.176,0.217
2009-11-06,12,0.041,0.08
2009-11-06,13,0.042,0.08
2009-11-06,14,0.048,0.447
2009-11-06,15,0.191,0.226
2009-11-06,16,0.066,0.103
2009-11-06,17,0.068,0.279
2009-11-06,18,0.065,0.101
2009-11-06,19,0.065,0.102
2009-11-06,20,0.064,0.104
2009-11-06,21,0.065,0.105
2009-11-06,22,0.065,0.104
2009-11-06,23,0.065,0.103
2009-11-06,24,0.066,0.106
2009-11-07,1,0.065,0.101
2009-11-07,2,0.066,0.087
2009-11-07,3,0.068,0.082
2009-11-07,4,0.066,0.104
2009-11-07,5,0.066,0.106
2009-11-07,6,0.066,0.105
2009-11-07,7,0.084,0.092
2009-11-07,8,0.105,0.25
2009-11-07,9,0.065,0.104
2009-11-07,10,0.065,0.094
2009-11-07,11,0.064,0.073
2009-11-07,12,0.064,0.103
2009-11-07,13,0.065,0.103
2009-11-07,14,0.083,0.087
2009-11-07,15,0.064,0.105
2009-11-07,16,0.065,0.107
2009-11-07,17,0.041,0.227
2009-11-07,18,0.036,0.054
2009-11-07,19,0.076,0.12
2009-11-07,20,0.126,0.16
2009-11-07,21,0.123,0.163
2009-11-07,22,0.124,0.164
2009-11-07,23,0.123,0.124
2009-11-07,24,0.124,0.165
2009-11-08,1,0.126,0.167
2009-11-08,2,0.125,0.167
2009-11-08,3,0.126,0.152
2009-11-08,4,0.125,0.142
2009-11-08,5,0.126,0.167
2009-11-08,6,0.129,0.165
2009-11-08,7,0.126,0.165
2009-11-08,8,0.126,0.322
2009-11-08,9,0.124,0.166
2009-11-08,10,0.128,0.159
2009-11-08,11,0.122,0.158
2009-11-08,12,0.119,0.129
2009-11-08,13,0.122,0.161
2009-11-08,14,0.122,0.167
2009-11-08,15,0.08,0.122
2009-11-08,16,0.112,0.142
2009-11-08,17,0.18,0.627
2009-11-08,18,0.421,0.703
2009-11-08,19,0.409,0.439
2009-11-08,20,0.271,0.331
2009-11-08,21,0.289,0.586
2009-11-08,22,0.275,0.294
2009-11-08,23,0.187,0.3
2009-11-08,24,0.058,0.101
2009-11-09,1,0.072,0.086
2009-11-09,2,0.056,0.097
2009-11-09,3,0.056,0.057
2009-11-09,4,0.056,0.096
2009-11-09,5,0.06,0.094
2009-11-09,6,0.056,0.098
2009-11-09,7,0.055,0.059
2009-11-09,8,0.187,0.693
2009-11-09,9,0.03,0.072
2009-11-09,10,0.03,0.073
2009-11-09,11,0.03,0.04
2009-11-09,12,0.03,0.063
2009-11-09,13,0.036,0.064
2009-11-09,14,0.03,0.074
2009-11-09,15,0.03,0.031
2009-11-09,16,0.03,0.073
2009-11-09,17,0.036,0.247
2009-11-09,18,0.029,0.053
2009-11-09,19,0.048,0.48
2009-11-09,20,0.314,0.86
2009-11-09,21,0.25,0.304
2009-11-09,22,0.266,0.3
2009-11-09,23,0.346,0.816
2009-11-09,24,0.057,0.104
2009-11-10,1,0.054,0.096
2009-11-10,2,0.054,0.096
2009-11-10,3,0.055,0.081
2009-11-10,4,0.055,0.072
2009-11-10,5,0.055,0.098
2009-11-10,6,0.058,0.095
2009-11-10,7,0.055,0.094
2009-11-10,8,0.34,0.71
2009-11-10,9,0.324,0.364
2009-11-10,10,0.327,0.369
2009-11-10,11,0.331,0.371
2009-11-10,12,0.331,0.36
2009-11-10,13,0.326,0.336
2009-11-10,14,0.332,0.37
2009-11-10,15,0.351,0.353
2009-11-10,16,0.33,0.367
2009-11-10,17,0.328,2.459
2009-11-10,18,0.28,1.065
2009-11-10,19,0.274,0.283
2009-11-10,20,0.45,0.792
2009-11-10,21,0.273,0.292
2009-11-10,22,0.298,0.362
2009-11-10,23,0.555,0.608
2009-11-10,24,0.097,0.099
2009-11-11,1,0.058,0.071
2009-11-11,2,0.055,0.083
2009-11-11,3,0.055,0.097
2009-11-11,4,0.068,0.083
2009-11-11,5,0.055,0.097
2009-11-11,6,0.055,0.055
2009-11-11,7,0.097,0.188
2009-11-11,8,0.422,0.571
2009-11-11,9,0.03,0.071
2009-11-11,10,0.03,0.06
2009-11-11,11,0.03,0.041
2009-11-11,12,0.03,0.072
2009-11-11,13,0.049,0.052
2009-11-11,14,0.03,0.072
2009-11-11,15,0.03,0.031
2009-11-11,16,0.03,0.07
2009-11-11,17,0.489,0.528
2009-11-11,18,0.212,0.232
2009-11-11,19,0.309,0.656
2009-11-11,20,0.237,0.277
2009-11-11,21,0.216,0.235
2009-11-11,22,0.357,0.53
2009-11-11,23,0.27,0.466
2009-11-11,24,0.067,0.279
2009-11-12,1,0.073,0.088
2009-11-12,2,0.056,0.097
2009-11-12,3,0.056,0.097
2009-11-12,4,0.056,0.056
2009-11-12,5,0.056,0.097
2009-11-12,6,0.056,0.098
2009-11-12,7,0.056,0.232
2009-11-12,8,0.182,0.197
2009-11-12,9,0.053,0.067
2009-11-12,10,0.328,0.894
2009-11-12,11,0.328,0.534
2009-11-12,12,0.03,0.122
2009-11-12,13,0.046,0.055
2009-11-12,14,0.03,0.362
2009-11-12,15,0.136,0.305
2009-11-12,16,0.031,0.325
2009-11-12,17,0.159,0.416
2009-11-12,18,0.248,0.524
2009-11-12,19,0.27,0.417
2009-11-12,20,0.271,0.431
2009-11-12,21,0.376,0.442
2009-11-12,22,0.267,0.596
2009-11-12,23,0.234,0.297
2009-11-12,24,0.076,0.199
2009-11-13,1,0.057,0.097
2009-11-13,2,0.055,0.095
2009-11-13,3,0.055,0.097
2009-11-13,4,0.055,0.067
2009-11-13,5,0.055,0.083
2009-11-13,6,0.055,0.095
2009-11-13,7,0.095,0.189
2009-11-13,8,0.378,0.573
2009-11-13,9,0.03,0.069
2009-11-13,10,0.031,0.07
2009-11-13,11,0.032,0.034
2009-11-13,12,0.03,0.067
2009-11-13,13,0.03,0.072
2009-11-13,14,0.05,0.052
2009-11-13,15,0.031,0.071
2009-11-13,16,0.03,0.067
2009-11-13,17,0.272,1.192
2009-11-13,18,0.278,2.206
2009-11-13,19,0.297,0.617
2009-11-13,20,0.253,0.301
2009-11-13,21,0.289,0.297
2009-11-13,22,0.326,0.53
2009-11-13,23,0.337,0.346
2009-11-13,24,0.238,0.291
2009-11-14,1,0.058,0.098
2009-11-14,2,0.055,0.068
2009-11-14,3,0.054,0.08
2009-11-14,4,0.055,0.094
2009-11-14,5,0.055,0.094
2009-11-14,6,0.066,0.083
2009-11-14,7,0.055,0.23
2009-11-14,8,0.186,0.209
2009-11-14,9,0.057,0.06
2009-11-14,10,0.085,0.255
2009-11-14,11,0.285,0.293
2009-11-14,12,0.127,0.3
2009-11-14,13,0.153,0.312
2009-11-14,14,0.057,0.077
2009-11-14,15,0.03,0.333
2009-11-14,16,0.197,0.21
2009-11-14,17,0.151,0.338
2009-11-14,18,0.157,0.365
2009-11-14,19,0.287,0.326
2009-11-14,20,0.27,0.619
2009-11-14,21,0.272,0.505
2009-11-14,22,0.313,0.339
2009-11-14,23,0.272,0.308
2009-11-14,24,0.284,0.378
2009-11-15,1,0.143,0.595
2009-11-15,2,0.057,0.1
2009-11-15,3,0.054,0.096
2009-11-15,4,0.055,0.097
2009-11-15,5,0.055,0.095
2009-11-15,6,0.075,0.075
2009-11-15,7,0.055,0.23
2009-11-15,8,0.189,0.205
2009-11-15,9,0.063,0.093
2009-11-15,10,0.389,0.444
2009-11-15,11,0.252,1.566
2009-11-15,12,0.042,0.085
2009-11-15,13,1.065,1.092
2009-11-15,14,0.352,0.5
2009-11-15,15,0.348,0.4
2009-11-15,16,0.264,0.36
2009-11-15,17,0.142,1.059
2009-11-15,18,0.868,1.043
2009-11-15,19,0.452,0.991
2009-11-15,20,0.404,1.023
2009-11-15,21,0.271,0.348
2009-11-15,22,0.285,0.318
2009-11-15,23,0.309,0.34
2009-11-15,24,0.158,0.299
2009-11-16,1,0.059,0.096
2009-11-16,2,0.054,0.092
2009-11-16,3,0.055,0.095
2009-11-16,4,0.055,0.092
2009-11-16,5,0.055,0.09
2009-11-16,6,0.06,0.074
2009-11-16,7,0.081,0.188
2009-11-16,8,0.139,0.227
2009-11-16,9,0.054,0.091
2009-11-16,10,0.17,0.429
2009-11-16,11,0.219,0.273
2009-11-16,12,0.03,0.172
2009-11-16,13,0.03,0.069
2009-11-16,14,1.45,1.507
2009-11-16,15,0.434,1.467
2009-11-16,16,0.142,0.181
2009-11-16,17,0.206,0.51
2009-11-16,18,0.64,0.878
2009-11-16,19,0.249,0.285
2009-11-16,20,0.304,0.49
2009-11-16,21,0.252,0.28
2009-11-16,22,0.282,0.589
2009-11-16,23,0.254,0.396
2009-11-16,24,0.262,0.438
2009-11-17,1,0.077,0.085
2009-11-17,2,0.064,0.087
2009-11-17,3,0.055,0.095
2009-11-17,4,0.056,0.095
2009-11-17,5,0.056,0.096
2009-11-17,6,0.055,0.093
2009-11-17,7,0.055,0.209
2009-11-17,8,0.137,0.206
2009-11-17,9,0.056,0.092
2009-11-17,10,0.284,0.636
2009-11-17,11,0.03,0.144
2009-11-17,12,0.03,0.068
2009-11-17,13,0.03,0.07
2009-11-17,14,0.365,0.531
2009-11-17,15,0.229,0.424
2009-11-17,16,0.19,0.228
2009-11-17,17,0.402,0.422
2009-11-17,18,0.188,0.3
2009-11-17,19,0.346,0.423
2009-11-17,20,0.431,0.444
2009-11-17,21,0.263,0.388
2009-11-17,22,0.293,0.526
2009-11-17,23,0.263,0.28
2009-11-17,24,0.065,0.114
2009-11-18,1,0.068,0.087
2009-11-18,2,0.073,0.076
2009-11-18,3,0.066,0.083
2009-11-18,4,0.056,0.095
2009-11-18,5,0.056,0.093
2009-11-18,6,0.055,0.094
2009-11-18,7,0.055,0.227
2009-11-18,8,0.364,0.668
2009-11-18,9,0.03,0.069
2009-11-18,10,0.031,0.062
2009-11-18,11,0.039,0.046
2009-11-18,12,0.031,0.053
2009-11-18,13,0.031,0.072
2009-11-18,14,0.031,0.068
2009-11-18,15,0.03,0.071
2009-11-18,16,0.033,0.066
2009-11-18,17,0.381,0.419
2009-11-18,18,0.196,1.018
2009-11-18,19,0.262,0.29
2009-11-18,20,0.264,0.322
2009-11-18,21,0.28,0.286
2009-11-18,22,0.259,0.745
2009-11-18,23,0.25,0.291
2009-11-18,24,0.1,0.16
2009-11-19,1,0.06,0.098
2009-11-19,2,0.056,0.094
2009-11-19,3,0.055,0.092
2009-11-19,4,0.058,0.076
2009-11-19,5,0.06,0.075
2009-11-19,6,0.056,0.091
2009-11-19,7,0.095,0.184
2009-11-19,8,0.375,0.562
2009-11-19,9,0.058,0.094
2009-11-19,10,0.058,0.098
2009-11-19,11,0.059,0.097
2009-11-19,12,0.059,0.098
2009-11-19,13,0.06,0.098
2009-11-19,14,0.059,0.098
2009-11-19,15,0.059,0.098
2009-11-19,16,0.06,0.094
2009-11-19,17,0.267,1.227
2009-11-19,18,0.877,2.032
2009-11-19,19,0.29,0.309
2009-11-19,20,0.47,1.077
2009-11-19,21,0.282,0.494
2009-11-19,22,0.268,0.514
2009-11-19,23,0.277,0.3
2009-11-19,24,0.235,0.274
2009-11-20,1,0.088,0.094
2009-11-20,2,0.057,0.093
2009-11-20,3,0.054,0.093
2009-11-20,4,0.055,0.094
2009-11-20,5,0.055,0.094
2009-11-20,6,0.055,0.114
2009-11-20,7,0.055,0.225
2009-11-20,8,0.178,0.194
2009-11-20,9,0.053,0.09
2009-11-20,10,0.054,0.099
2009-11-20,11,0.248,0.426
2009-11-20,12,0.03,0.068
2009-11-20,13,0.03,0.069
2009-11-20,14,0.03,0.068
2009-11-20,15,0.069,0.072
2009-11-20,16,0.045,0.055
2009-11-20,17,0.07,0.203
2009-11-20,18,0.252,0.302
2009-11-20,19,0.27,0.607
2009-11-20,20,0.271,0.283
2009-11-20,21,0.251,0.295
2009-11-20,22,0.253,0.291
2009-11-20,23,0.294,0.628
2009-11-20,24,0.269,0.275
2009-11-21,1,0.064,0.234
2009-11-21,2,0.055,0.094
2009-11-21,3,0.056,0.094
2009-11-21,4,0.055,0.094
2009-11-21,5,0.055,0.094
2009-11-21,6,0.055,0.094
2009-11-21,7,0.091,0.189
2009-11-21,8,0.143,0.241
2009-11-21,9,0.054,0.091
2009-11-21,10,0.092,0.318
2009-11-21,11,0.361,0.443
2009-11-21,12,0.197,0.303
2009-11-21,13,0.029,0.595
2009-11-21,14,0.03,0.067
2009-11-21,15,0.03,0.068
2009-11-21,16,0.069,0.551
2009-11-21,17,0.262,0.35
2009-11-21,18,0.314,0.32
2009-11-21,19,0.344,0.957
2009-11-21,20,0.291,0.342
2009-11-21,21,0.291,0.639
2009-11-21,22,0.323,0.701
2009-11-21,23,0.31,0.329
2009-11-21,24,0.301,0.325
2009-11-22,1,0.239,0.241
2009-11-22,2,0.171,0.263
2009-11-22,3,0.172,0.179
2009-11-22,4,0.177,0.178
2009-11-22,5,0.082,0.102
2009-11-22,6,0.059,0.09
2009-11-22,7,0.055,0.228
2009-11-22,8,0.184,0.203
2009-11-22,9,0.054,0.093
2009-11-22,10,0.316,0.467
2009-11-22,11,0.3,1.789
2009-11-22,12,0.154,0.51
2009-11-22,13,2.282,2.594
2009-11-22,14,0.775,1.864
2009-11-22,15,0.511,0.823
2009-11-22,16,0.444,0.544
2009-11-22,17,0.236,0.715
2009-11-22,18,0.254,0.295
2009-11-22,19,0.278,0.283
2009-11-22,20,0.393,0.68
2009-11-22,21,0.25,0.293
2009-11-22,22,0.262,0.307
2009-11-22,23,0.457,1.332
2009-11-22,24,0.246,0.384
2009-11-23,1,0.154,0.193
2009-11-23,2,0.152,0.192
2009-11-23,3,0.153,0.191
2009-11-23,4,0.153,0.19
2009-11-23,5,0.153,0.191
2009-11-23,6,0.152,0.193
2009-11-23,7,0.189,0.284
2009-11-23,8,0.237,0.329
2009-11-23,9,0.147,0.186
2009-11-23,10,0.362,0.786
2009-11-23,11,0.031,0.129
2009-11-23,12,0.071,0.258
2009-11-23,13,0.161,0.429
2009-11-23,14,0.149,0.442
2009-11-23,15,0.139,0.222
2009-11-23,16,0.03,0.069
2009-11-23,17,0.072,0.194
2009-11-23,18,0.25,0.383
2009-11-23,19,0.289,0.765
2009-11-23,20,0.257,0.507
2009-11-23,21,0.249,0.294
2009-11-23,22,0.289,0.603
2009-11-23,23,0.288,0.425
2009-11-23,24,0.176,0.321
2009-11-24,1,0.057,0.14
2009-11-24,2,0.057,0.096
2009-11-24,3,0.055,0.095
2009-11-24,4,0.055,0.092
2009-11-24,5,0.055,0.093
2009-11-24,6,0.065,0.082
2009-11-24,7,0.067,0.21
2009-11-24,8,0.176,0.188
2009-11-24,9,0.054,0.091
2009-11-24,10,0.236,0.411
2009-11-24,11,0.03,0.067
2009-11-24,12,0.03,0.101
2009-11-24,13,0.031,0.112
2009-11-24,14,0.031,0.07
2009-11-24,15,0.031,0.295
2009-11-24,16,0.309,0.492
2009-11-24,17,0.197,0.417
2009-11-24,18,0.303,0.311
2009-11-24,19,0.268,0.693
2009-11-24,20,0.282,0.301
2009-11-24,21,0.291,0.416
2009-11-24,22,0.306,0.516
2009-11-24,23,0.268,0.388
2009-11-24,24,0.1,0.11
2009-11-25,1,0.071,0.109
2009-11-25,2,0.068,0.102
2009-11-25,3,0.073,0.087
2009-11-25,4,0.069,0.089
2009-11-25,5,0.069,0.109
2009-11-25,6,0.069,0.108
2009-11-25,7,0.108,0.209
2009-11-25,8,0.389,0.869
2009-11-25,9,0.048,0.078
2009-11-25,10,0.043,0.082
2009-11-25,11,0.043,0.082
2009-11-25,12,0.043,0.072
2009-11-25,13,0.044,0.055
2009-11-25,14,0.043,0.082
2009-11-25,15,0.043,0.083
2009-11-25,16,0.048,0.076
2009-11-25,17,0.42,1.727
2009-11-25,18,0.515,2.143
2009-11-25,19,0.269,0.301
2009-11-25,20,0.264,0.734
2009-11-25,21,0.308,0.933
2009-11-25,22,0.266,0.303
2009-11-25,23,0.291,0.302
2009-11-25,24,0.073,0.11
2009-11-26,1,0.07,0.111
2009-11-26,2,0.067,0.106
2009-11-26,3,0.071,0.105
2009-11-26,4,0.073,0.102
2009-11-26,5,0.068,0.109
2009-11-26,6,0.068,0.097
2009-11-26,7,0.077,0.203
2009-11-26,8,0.39,0.878
2009-11-26,9,0.032,0.07
2009-11-26,10,0.032,0.071
2009-11-26,11,0.045,0.057
2009-11-26,12,0.032,0.071
2009-11-26,13,0.032,0.071
2009-11-26,14,0.034,0.034
2009-11-26,15,0.032,0.072
2009-11-26,16,0.032,0.073
2009-11-26,17,0.291,0.388
2009-11-26,18,0.189,0.228
2009-11-26,19,0.375,0.434
2009-11-26,20,0.25,0.26
2009-11-26,21,0.286,0.292
2009-11-26,22,0.366,0.548
2009-11-26,23,0.239,0.285
2009-11-26,24,0.068,0.102
2009-11-27,1,0.06,0.097
2009-11-27,2,0.057,0.062
2009-11-27,3,0.057,0.098
2009-11-27,4,0.061,0.093
2009-11-27,5,0.057,0.098
2009-11-27,6,0.057,0.08
2009-11-27,7,0.074,0.189
2009-11-27,8,0.419,0.675
2009-11-27,9,0.223,0.232
2009-11-27,10,0.208,0.249
2009-11-27,11,0.209,0.22
2009-11-27,12,0.208,0.237
2009-11-27,13,0.209,0.249
2009-11-27,14,0.209,0.252
2009-11-27,15,0.211,0.248
2009-11-27,16,0.207,0.216
2009-11-27,17,0.251,0.375
2009-11-27,18,0.223,0.235
2009-11-27,19,0.51,0.781
2009-11-27,20,0.408,0.417
2009-11-27,21,0.401,0.417
2009-11-27,22,0.399,0.435
2009-11-27,23,0.328,0.418
2009-11-27,24,0.344,0.648
2009-11-28,1,0.164,0.314
2009-11-28,2,0.071,0.108
2009-11-28,3,0.066,0.093
2009-11-28,4,0.065,0.078
2009-11-28,5,0.065,0.105
2009-11-28,6,0.065,0.106
2009-11-28,7,0.075,0.229
2009-11-28,8,0.192,0.207
2009-11-28,9,0.065,0.085
2009-11-28,10,0.064,0.086
2009-11-28,11,0.414,1.411
2009-11-28,12,0.569,1.36
2009-11-28,13,0.592,1.924
2009-11-28,14,0.194,0.218
2009-11-28,15,0.058,0.099
2009-11-28,16,0.058,0.07
2009-11-28,17,0.089,0.224
2009-11-28,18,0.557,0.748
2009-11-28,19,0.264,0.323
2009-11-28,20,0.261,0.344
2009-11-28,21,0.312,0.964
2009-11-28,22,0.259,0.297
2009-11-28,23,0.271,0.273
2009-11-28,24,0.288,0.301
2009-11-29,1,0.289,0.492
2009-11-29,2,0.129,0.261
2009-11-29,3,0.12,0.153
2009-11-29,4,0.115,0.156
2009-11-29,5,0.115,0.134
2009-11-29,6,0.115,0.136
2009-11-29,7,0.155,0.246
2009-11-29,8,0.216,0.285
2009-11-29,9,0.113,0.153
2009-11-29,10,0.113,0.154
2009-11-29,11,0.773,1.42
2009-11-29,12,0.165,0.401
2009-11-29,13,0.162,0.202
2009-11-29,14,0.168,0.199
2009-11-29,15,0.169,0.195
2009-11-29,16,0.166,0.2
2009-11-29,17,0.16,0.202
2009-11-29,18,0.161,0.197
2009-11-29,19,0.168,0.18
2009-11-29,20,0.46,1.81
2009-11-29,21,0.398,1.445
2009-11-29,22,0.454,0.93
2009-11-29,23,0.254,0.508
2009-11-29,24,0.061,0.101
2009-11-30,1,0.059,0.1
2009-11-30,2,0.059,0.095
2009-11-30,3,0.067,0.086
2009-11-30,4,0.057,0.098
2009-11-30,5,0.057,0.094
2009-11-30,6,0.057,0.061
2009-11-30,7,0.098,0.194
2009-11-30,8,0.457,0.677
2009-11-30,9,0.385,0.4
2009-11-30,10,0.378,0.412
2009-11-30,11,0.375,0.405
2009-11-30,12,0.376,0.383
2009-11-30,13,0.38,0.42
2009-11-30,14,0.389,0.422
2009-11-30,15,0.382,0.422
2009-11-30,16,0.383,0.412
2009-11-30,17,0.388,1.605
2009-11-30,18,0.253,0.826
2009-11-30,19,0.295,0.801
2009-11-30,20,0.286,0.363
2009-11-30,21,0.255,0.297
2009-11-30,22,0.256,0.709
2009-11-30,23,0.26,0.495
2009-11-30,24,0.06,0.124
2009-12-01,1,0.063,0.097
2009-12-01,2,0.058,0.099
2009-12-01,3,0.057,0.06
2009-12-01,4,0.057,0.099
2009-12-01,5,0.057,0.1
2009-12-01,6,0.057,0.074
2009-12-01,7,0.081,0.191
2009-12-01,8,0.388,0.574
2009-12-01,9,0.06,0.102
2009-12-01,10,0.06,0.061
2009-12-01,11,0.061,0.102
2009-12-01,12,0.07,0.098
2009-12-01,13,0.062,0.083
2009-12-01,14,0.061,0.084
2009-12-01,15,0.076,0.09
2009-12-01,16,0.061,0.094
2009-12-01,17,0.074,0.227
2009-12-01,18,0.098,0.689
2009-12-01,19,0.307,0.522
2009-12-01,20,0.251,0.264
2009-12-01,21,0.301,0.777
2009-12-01,22,0.417,0.548
2009-12-01,23,0.27,0.343
2009-12-01,24,0.063,0.073
2009-12-02,1,0.06,0.104
2009-12-02,2,0.066,0.091
2009-12-02,3,0.057,0.085
2009-12-02,4,0.057,0.072
2009-12-02,5,0.059,0.1
2009-12-02,6,0.057,0.1
2009-12-02,7,0.057,0.191
2009-12-02,8,0.47,0.57
2009-12-02,9,0.08,0.084
2009-12-02,10,0.061,0.103
2009-12-02,11,0.061,0.061
2009-12-02,12,0.061,0.104
2009-12-02,13,0.081,0.084
2009-12-02,14,0.062,0.105
2009-12-02,15,0.061,0.062
2009-12-02,16,0.061,0.104
2009-12-02,17,0.384,0.962
2009-12-02,18,0.312,0.42
2009-12-02,19,0.254,0.267
2009-12-02,20,0.496,0.785
2009-12-02,21,0.302,0.865
2009-12-02,22,0.296,0.428
2009-12-02,23,0.259,0.286
2009-12-02,24,0.067,0.206
2009-12-03,1,0.061,0.103
2009-12-03,2,0.058,0.1
2009-12-03,3,0.057,0.071
2009-12-03,4,0.057,0.085
2009-12-03,5,0.061,0.096
2009-12-03,6,0.057,0.098
2009-12-03,7,0.057,0.192
2009-12-03,8,0.144,0.25
2009-12-03,9,0.07,0.082
2009-12-03,10,0.179,0.407
2009-12-03,11,0.033,0.033
2009-12-03,12,0.032,0.075
2009-12-03,13,0.037,0.068
2009-12-03,14,0.032,0.06
2009-12-03,15,0.033,0.046
2009-12-03,16,0.153,0.622
2009-12-03,17,0.23,0.45
2009-12-03,18,0.597,1.959
2009-12-03,19,0.27,0.796
2009-12-03,20,0.27,0.654
2009-12-03,21,0.295,0.51
2009-12-03,22,0.281,0.341
2009-12-03,23,0.237,0.28
2009-12-03,24,0.059,0.102
2009-12-04,1,0.06,0.103
2009-12-04,2,0.058,0.059
2009-12-04,3,0.058,0.1
2009-12-04,4,0.072,0.086
2009-12-04,5,0.058,0.082
2009-12-04,6,0.058,0.076
2009-12-04,7,0.087,0.207
2009-12-04,8,0.372,0.607
2009-12-04,9,0.06,0.06
2009-12-04,10,0.061,0.103
2009-12-04,11,0.061,0.105
2009-12-04,12,0.061,0.061
2009-12-04,13,0.061,0.105
2009-12-04,14,0.061,0.105
2009-12-04,15,0.061,0.062
2009-12-04,16,0.06,0.105
2009-12-04,17,0.065,0.276
2009-12-04,18,0.43,1.657
2009-12-04,19,0.269,0.596
2009-12-04,20,0.295,0.599
2009-12-04,21,0.252,0.584
2009-12-04,22,0.267,0.297
2009-12-04,23,0.266,0.266
2009-12-04,24,0.264,0.306
2009-12-05,1,0.102,0.173
2009-12-05,2,0.06,0.085
2009-12-05,3,0.057,0.073
2009-12-05,4,0.058,0.099
2009-12-05,5,0.058,0.099
2009-12-05,6,0.058,0.058
2009-12-05,7,0.1,0.192
2009-12-05,8,0.182,0.216
2009-12-05,9,0.057,0.088
2009-12-05,10,0.057,0.067
2009-12-05,11,0.41,0.418
2009-12-05,12,0.076,0.224
2009-12-05,13,0.032,0.074
2009-12-05,14,0.032,0.033
2009-12-05,15,0.032,0.074
2009-12-05,16,0.199,0.327
2009-12-05,17,0.438,0.658
2009-12-05,18,0.252,0.728
2009-12-05,19,0.301,0.382
2009-12-05,20,0.266,0.273
2009-12-05,21,0.26,0.284
2009-12-05,22,0.249,0.301
2009-12-05,23,0.252,0.284
2009-12-05,24,0.198,0.23
2009-12-06,1,0.19,0.281
2009-12-06,2,0.101,0.197
2009-12-06,3,0.061,0.084
2009-12-06,4,0.058,0.099
2009-12-06,5,0.075,0.083
2009-12-06,6,0.058,0.098
2009-12-06,7,0.058,0.222
2009-12-06,8,0.149,0.224
2009-12-06,9,0.063,0.096
2009-12-06,10,0.07,0.091
2009-12-06,11,0.524,1.406
2009-12-06,12,0.071,0.223
2009-12-06,13,0.397,0.569
2009-12-06,14,0.118,0.27
2009-12-06,15,0.119,0.159
2009-12-06,16,0.133,0.146
2009-12-06,17,0.123,0.317
2009-12-06,18,0.115,0.151
2009-12-06,19,0.116,0.119
2009-12-06,20,0.428,2.067
2009-12-06,21,1.116,1.512
2009-12-06,22,0.318,1.373
2009-12-06,23,0.302,0.576
2009-12-06,24,0.307,0.326
2009-12-07,1,0.352,0.422
2009-12-07,2,0.103,0.109
2009-12-07,3,0.069,0.108
2009-12-07,4,0.068,0.073
2009-12-07,5,0.067,0.101
2009-12-07,6,0.067,0.107
2009-12-07,7,0.094,0.214
2009-12-07,8,0.193,0.209
2009-12-07,9,0.064,0.111
2009-12-07,10,0.069,0.43
2009-12-07,11,0.042,0.27
2009-12-07,12,0.082,0.261
2009-12-07,13,0.431,1.481
2009-12-07,14,0.479,0.818
2009-12-07,15,0.146,0.173
2009-12-07,16,0.101,0.141
2009-12-07,17,0.116,1.233
2009-12-07,18,0.365,0.554
2009-12-07,19,0.504,0.888
2009-12-07,20,0.38,0.719
2009-12-07,21,0.346,0.384
2009-12-07,22,0.358,0.381
2009-12-07,23,0.316,0.328
2009-12-07,24,0.292,0.334
2009-12-08,1,0.193,0.592
2009-12-08,2,0.12,0.134
2009-12-08,3,0.115,0.154
2009-12-08,4,0.117,0.155
2009-12-08,5,0.115,0.155
2009-12-08,6,0.115,0.146
2009-12-08,7,0.123,0.249
2009-12-08,8,0.206,0.292
2009-12-08,9,0.133,0.135
2009-12-08,10,0.129,0.817
2009-12-08,11,0.202,0.399
2009-12-08,12,0.157,0.176
2009-12-08,13,0.159,0.186
2009-12-08,14,0.157,0.173
2009-12-08,15,0.193,0.38
2009-12-08,16,0.208,0.232
2009-12-08,17,0.219,0.578
2009-12-08,18,0.834,1.006
2009-12-08,19,0.276,0.341
2009-12-08,20,0.294,0.304
2009-12-08,21,0.593,0.665
2009-12-08,22,0.274,0.31
2009-12-08,23,0.205,0.345
2009-12-08,24,0.158,0.2
2009-12-09,1,0.158,0.195
2009-12-09,2,0.152,0.193
2009-12-09,3,0.152,0.19
2009-12-09,4,0.171,0.172
2009-12-09,5,0.152,0.193
2009-12-09,6,0.152,0.19
2009-12-09,7,0.151,0.323
2009-12-09,8,0.427,0.703
2009-12-09,9,0.066,0.077
2009-12-09,10,0.061,0.082
2009-12-09,11,0.061,0.099
2009-12-09,12,0.06,0.1
2009-12-09,13,0.062,0.098
2009-12-09,14,0.067,0.093
2009-12-09,15,0.061,0.102
2009-12-09,16,0.061,0.093
2009-12-09,17,0.319,0.744
2009-12-09,18,0.481,1.96
2009-12-09,19,0.194,0.884
2009-12-09,20,0.304,0.623
2009-12-09,21,0.201,0.249
2009-12-09,22,0.206,0.23
2009-12-09,23,0.199,0.229
2009-12-09,24,0.147,0.279
2009-12-10,1,0.06,0.092
2009-12-10,2,0.057,0.065
2009-12-10,3,0.058,0.098
2009-12-10,4,0.058,0.099
2009-12-10,5,0.06,0.096
2009-12-10,6,0.058,0.1
2009-12-10,7,0.057,0.196
2009-12-10,8,0.335,0.748
2009-12-10,9,0.061,0.099
2009-12-10,10,0.078,0.082
2009-12-10,11,0.061,0.102
2009-12-10,12,0.061,0.078
2009-12-10,13,0.062,0.084
2009-12-10,14,0.062,0.101
2009-12-10,15,0.061,0.104
2009-12-10,16,0.061,0.09
2009-12-10,17,0.261,0.736
2009-12-10,18,0.435,0.769
2009-12-10,19,0.661,1.343
2009-12-10,20,0.253,0.296
2009-12-10,21,0.277,0.475
2009-12-10,22,0.252,0.717
2009-12-10,23,0.185,0.296
2009-12-10,24,0.079,0.085
2009-12-11,1,0.062,0.103
2009-12-11,2,0.059,0.06
2009-12-11,3,0.057,0.097
2009-12-11,4,0.064,0.094
2009-12-11,5,0.058,0.101
2009-12-11,6,0.057,0.058
2009-12-11,7,0.098,0.195
2009-12-11,8,0.411,0.584
2009-12-11,9,0.061,0.102
2009-12-11,10,0.062,0.086
2009-12-11,11,0.062,0.08
2009-12-11,12,0.062,0.102
2009-12-11,13,0.072,0.092
2009-12-11,14,0.062,0.105
2009-12-11,15,0.062,0.062
2009-12-11,16,0.061,0.104
2009-12-11,17,0.352,0.831
2009-12-11,18,0.293,0.317
2009-12-11,19,0.533,2.045
2009-12-11,20,0.268,0.48
2009-12-11,21,0.258,0.278
2009-12-11,22,0.254,0.295
2009-12-11,23,0.205,0.245
2009-12-11,24,0.194,0.235
2009-12-12,1,0.196,0.224
2009-12-12,2,0.211,0.46
2009-12-12,3,0.102,0.254
2009-12-12,4,0.088,0.091
2009-12-12,5,0.067,0.11
2009-12-12,6,0.067,0.067
2009-12-12,7,0.109,0.205
2009-12-12,8,0.163,0.249
2009-12-12,9,0.068,0.109
2009-12-12,10,0.067,0.461
2009-12-12,11,0.134,0.225
2009-12-12,12,0.043,0.085
2009-12-12,13,0.061,0.065
2009-12-12,14,0.042,0.083
2009-12-12,15,0.043,0.043
2009-12-12,16,0.043,0.084
2009-12-12,17,0.232,0.895
2009-12-12,18,1.915,2.349
2009-12-12,19,0.557,1.209
2009-12-12,20,0.471,0.92
2009-12-12,21,0.42,0.566
2009-12-12,22,0.371,0.38
2009-12-12,23,0.374,0.413
2009-12-12,24,0.319,0.638
2009-12-13,1,0.245,0.254
2009-12-13,2,0.112,0.185
2009-12-13,3,0.069,0.086
2009-12-13,4,0.068,0.091
2009-12-13,5,0.068,0.11
2009-12-13,6,0.068,0.112
2009-12-13,7,0.069,0.22
2009-12-13,8,0.156,0.253
2009-12-13,9,0.07,0.108
2009-12-13,10,0.067,0.219
2009-12-13,11,0.601,0.702
2009-12-13,12,0.134,0.284
2009-12-13,13,0.711,1.595
2009-12-13,14,0.703,1.77
2009-12-13,15,0.42,0.779
2009-12-13,16,0.345,0.566
2009-12-13,17,0.291,0.491
2009-12-13,18,0.307,0.768
2009-12-13,19,1.015,1.498
2009-12-13,20,0.667,1.269
2009-12-13,21,0.402,0.543
2009-12-13,22,0.287,0.327
2009-12-13,23,0.091,0.238
2009-12-13,24,0.071,0.095
2009-12-14,1,0.071,0.112
2009-12-14,2,0.07,0.11
2009-12-14,3,0.069,0.112
2009-12-14,4,0.069,0.097
2009-12-14,5,0.068,0.083
2009-12-14,6,0.068,0.112
2009-12-14,7,0.067,0.247
2009-12-14,8,0.158,0.21
2009-12-14,9,0.101,0.107
2009-12-14,10,0.045,0.612
2009-12-14,11,0.044,0.085
2009-12-14,12,0.279,0.574
2009-12-14,13,0.073,0.113
2009-12-14,14,0.094,0.096
2009-12-14,15,0.074,0.106
2009-12-14,16,0.072,0.083
2009-12-14,17,0.115,0.246
2009-12-14,18,0.264,0.624
2009-12-14,19,0.46,0.857
2009-12-14,20,0.594,0.695
2009-12-14,21,0.707,0.721
2009-12-14,22,0.68,0.738
2009-12-14,23,0.261,0.702
2009-12-14,24,0.064,0.203
2009-12-15,1,0.072,0.093
2009-12-15,2,0.057,0.097
2009-12-15,3,0.057,0.057
2009-12-15,4,0.057,0.101
2009-12-15,5,0.068,0.091
2009-12-15,6,0.058,0.086
2009-12-15,7,0.07,0.19
2009-12-15,8,0.433,0.675
2009-12-15,9,0.061,0.1
2009-12-15,10,0.061,0.099
2009-12-15,11,0.062,0.063
2009-12-15,12,0.062,0.104
2009-12-15,13,0.074,0.091
2009-12-15,14,0.062,0.099
2009-12-15,15,0.062,0.068
2009-12-15,16,0.061,0.105
2009-12-15,17,0.358,0.826
2009-12-15,18,0.379,0.39
2009-12-15,19,0.782,1.146
2009-12-15,20,0.776,1.057
2009-12-15,21,0.356,0.859
2009-12-15,22,0.377,0.5
2009-12-15,23,0.194,0.34
2009-12-15,24,0.06,0.089
2009-12-16,1,0.06,0.101
2009-12-16,2,0.058,0.101
2009-12-16,3,0.058,0.064
2009-12-16,4,0.058,0.094
2009-12-16,5,0.074,0.088
2009-12-16,6,0.058,0.102
2009-12-16,7,0.057,0.192
2009-12-16,8,0.358,0.695
2009-12-16,9,0.073,0.09
2009-12-16,10,0.062,0.1
2009-12-16,11,0.061,0.061
2009-12-16,12,0.062,0.105
2009-12-16,13,0.063,0.104
2009-12-16,14,0.062,0.085
2009-12-16,15,0.061,0.08
2009-12-16,16,0.061,0.104
2009-12-16,17,0.291,0.698
2009-12-16,18,0.486,0.591
2009-12-16,19,0.423,1.161
2009-12-16,20,0.335,0.384
2009-12-16,21,0.382,0.794
2009-12-16,22,0.472,0.857
2009-12-16,23,0.43,0.438
2009-12-16,24,0.407,0.413
2009-12-17,1,0.378,0.416
2009-12-17,2,0.185,0.206
2009-12-17,3,0.165,0.191
2009-12-17,4,0.165,0.181
2009-12-17,5,0.165,0.208
2009-12-17,6,0.164,0.207
2009-12-17,7,0.163,0.3
2009-12-17,8,0.252,0.357
2009-12-17,9,0.182,0.189
2009-12-17,10,0.171,0.649
2009-12-17,11,0.043,0.107
2009-12-17,12,0.043,0.086
2009-12-17,13,0.043,0.086
2009-12-17,14,0.044,0.058
2009-12-17,15,0.073,0.11
2009-12-17,16,0.194,0.234
2009-12-17,17,0.398,0.747
2009-12-17,18,0.741,1.079
2009-12-17,19,0.349,0.429
2009-12-17,20,0.38,0.97
2009-12-17,21,0.387,0.468
2009-12-17,22,0.325,0.372
2009-12-17,23,0.33,0.371
2009-12-17,24,0.371,0.411
2009-12-18,1,0.1,0.135
2009-12-18,2,0.058,0.099
2009-12-18,3,0.058,0.069
2009-12-18,4,0.058,0.09
2009-12-18,5,0.058,0.099
2009-12-18,6,0.058,0.102
2009-12-18,7,0.057,0.208
2009-12-18,8,0.425,0.684
2009-12-18,9,0.061,0.101
2009-12-18,10,0.061,0.102
2009-12-18,11,0.062,0.071
2009-12-18,12,0.062,0.095
2009-12-18,13,0.083,0.088
2009-12-18,14,0.062,0.082
2009-12-18,15,0.062,0.087
2009-12-18,16,0.068,0.1
2009-12-18,17,0.068,0.235
2009-12-18,18,0.102,0.656
2009-12-18,19,0.546,0.551
2009-12-18,20,0.374,0.556
2009-12-18,21,0.368,0.384
2009-12-18,22,0.357,0.405
2009-12-18,23,0.288,0.7
2009-12-18,24,0.288,0.333
2009-12-19,1,0.072,0.097
2009-12-19,2,0.057,0.066
2009-12-19,3,0.057,0.106
2009-12-19,4,0.058,0.058
2009-12-19,5,0.074,0.091
2009-12-19,6,0.058,0.058
2009-12-19,7,0.107,0.197
2009-12-19,8,0.147,0.209
2009-12-19,9,0.057,0.105
2009-12-19,10,0.057,0.097
2009-12-19,11,0.505,0.784
2009-12-19,12,0.303,0.362
2009-12-19,13,0.306,0.361
2009-12-19,14,0.035,0.069
2009-12-19,15,0.038,0.076
2009-12-19,16,0.035,0.207
2009-12-19,17,0.62,1.266
2009-12-19,18,0.377,0.387
2009-12-19,19,0.669,0.69
2009-12-19,20,0.311,0.321
2009-12-19,21,0.307,0.356
2009-12-19,22,0.304,0.332
2009-12-19,23,0.307,0.652
2009-12-19,24,0.334,0.352
2009-12-20,1,0.338,0.372
2009-12-20,2,0.115,0.16
2009-12-20,3,0.114,0.115
2009-12-20,4,0.116,0.163
2009-12-20,5,0.116,0.166
2009-12-20,6,0.116,0.116
2009-12-20,7,0.164,0.254
2009-12-20,8,0.247,0.27
2009-12-20,9,0.114,0.114
2009-12-20,10,0.16,0.612
2009-12-20,11,0.458,0.502
2009-12-20,12,0.032,0.129
2009-12-20,13,1.111,1.905
2009-12-20,14,0.646,1.776
2009-12-20,15,0.341,0.672
2009-12-20,16,0.357,0.497
2009-12-20,17,1.114,1.212
2009-12-20,18,0.477,1.418
2009-12-20,19,0.417,0.525
2009-12-20,20,0.292,0.349
2009-12-20,21,0.283,0.337
2009-12-20,22,0.29,0.642
2009-12-20,23,0.3,0.333
2009-12-20,24,0.06,0.102
2009-12-21,1,0.076,0.087
2009-12-21,2,0.058,0.1
2009-12-21,3,0.057,0.058
2009-12-21,4,0.058,0.1
2009-12-21,5,0.058,0.102
2009-12-21,6,0.057,0.058
2009-12-21,7,0.102,0.194
2009-12-21,8,0.214,0.608
2009-12-21,9,0.056,0.057
2009-12-21,10,0.057,0.1
2009-12-21,11,0.521,0.7
2009-12-21,12,0.167,0.306
2009-12-21,13,0.188,0.23
2009-12-21,14,0.105,0.116
2009-12-21,15,0.062,0.062
2009-12-21,16,0.111,0.219
2009-12-21,17,0.325,0.518
2009-12-21,18,0.297,0.327
2009-12-21,19,0.343,0.998
2009-12-21,20,0.366,0.421
2009-12-21,21,0.321,0.325
2009-12-21,22,0.559,0.677
2009-12-21,23,0.339,0.371
2009-12-21,24,0.209,0.302
2009-12-22,1,0.204,0.238
2009-12-22,2,0.103,0.123
2009-12-22,3,0.057,0.057
2009-12-22,4,0.057,0.102
2009-12-22,5,0.057,0.103
2009-12-22,6,0.057,0.058
2009-12-22,7,0.08,0.22
2009-12-22,8,0.143,0.198
2009-12-22,9,0.056,0.099
2009-12-22,10,0.062,0.602
2009-12-22,11,0.191,0.324
2009-12-22,12,0.247,0.339
2009-12-22,13,0.033,0.062
2009-12-22,14,0.033,0.05
2009-12-22,15,0.043,0.067
2009-12-22,16,0.033,0.033
2009-12-22,17,0.084,0.431
2009-12-22,18,0.602,1.95
2009-12-22,19,0.443,0.586
2009-12-22,20,1.522,2.216
2009-12-22,21,0.382,0.626
2009-12-22,22,0.609,0.983
2009-12-22,23,0.371,0.413
2009-12-22,24,0.233,0.399
2009-12-23,1,0.104,0.127
2009-12-23,2,0.058,0.06
2009-12-23,3,0.058,0.103
2009-12-23,4,0.058,0.104
2009-12-23,5,0.059,0.066
2009-12-23,6,0.082,0.082
2009-12-23,7,0.058,0.232
2009-12-23,8,0.146,0.246
2009-12-23,9,0.057,0.1
2009-12-23,10,0.059,0.618
2009-12-23,11,0.043,0.404
2009-12-23,12,0.033,0.047
2009-12-23,13,0.052,0.38
2009-12-23,14,0.034,0.075
2009-12-23,15,0.033,0.128
2009-12-23,16,0.333,0.4
2009-12-23,17,0.249,0.452
2009-12-23,18,0.351,0.966
2009-12-23,19,0.463,0.734
2009-12-23,20,0.875,2.573
2009-12-23,21,0.513,0.529
2009-12-23,22,1.017,1.096
2009-12-23,23,0.732,0.864
2009-12-23,24,0.357,0.443
2009-12-24,1,0.104,0.232
2009-12-24,2,0.059,0.06
2009-12-24,3,0.058,0.102
2009-12-24,4,0.074,0.085
2009-12-24,5,0.058,0.089
2009-12-24,6,0.058,0.07
2009-12-24,7,0.098,0.202
2009-12-24,8,0.185,0.202
2009-12-24,9,0.056,0.058
2009-12-24,10,0.074,0.101
2009-12-24,11,0.395,0.703
2009-12-24,12,0.482,0.68
2009-12-24,13,0.034,1.507
2009-12-24,14,0.034,0.077
2009-12-24,15,0.034,0.038
2009-12-24,16,0.032,0.067
2009-12-24,17,0.342,0.882
2009-12-24,18,0.481,0.496
2009-12-24,19,0.324,0.662
2009-12-24,20,0.32,0.361
2009-12-24,21,0.351,0.353
2009-12-24,22,0.32,0.348
2009-12-24,23,0.33,0.546
2009-12-24,24,0.27,0.825
2009-12-25,1,0.061,0.102
2009-12-25,2,0.057,0.057
2009-12-25,3,0.057,0.1
2009-12-25,4,0.057,0.092
2009-12-25,5,0.058,0.066
2009-12-25,6,0.069,0.094
2009-12-25,7,0.064,0.197
2009-12-25,8,0.254,1.071
2009-12-25,9,1.705,1.861
2009-12-25,10,1.168,1.355
2009-12-25,11,1.042,1.096
2009-12-25,12,1.145,1.248
2009-12-25,13,0.899,2.541
2009-12-25,14,1.993,4.196
2009-12-25,15,0.467,0.822
2009-12-25,16,0.645,0.654
2009-12-25,17,0.376,0.504
2009-12-25,18,0.306,0.349
2009-12-25,19,0.306,0.347
2009-12-25,20,0.34,0.711
2009-12-25,21,0.321,0.352
2009-12-25,22,0.317,0.782
2009-12-25,23,0.318,0.321
2009-12-25,24,0.308,0.308
2009-12-26,1,0.079,0.107
2009-12-26,2,0.077,0.079
2009-12-26,3,0.066,0.088
2009-12-26,4,0.058,0.098
2009-12-26,5,0.059,0.098
2009-12-26,6,0.059,0.078
2009-12-26,7,0.08,0.2
2009-12-26,8,0.162,0.26
2009-12-26,9,0.077,0.08
2009-12-26,10,0.057,0.097
2009-12-26,11,0.057,0.493
2009-12-26,12,0.116,0.569
2009-12-26,13,0.076,0.475
2009-12-26,14,0.128,0.419
2009-12-26,15,0.094,0.338
2009-12-26,16,0.194,0.279
2009-12-26,17,0.195,0.507
2009-12-26,18,0.311,0.356
2009-12-26,19,0.594,0.818
2009-12-26,20,0.384,0.466
2009-12-26,21,0.287,0.334
2009-12-26,22,0.3,0.515
2009-12-26,23,0.329,0.402
2009-12-26,24,0.317,0.347
2009-12-27,1,0.195,0.198
2009-12-27,2,0.155,0.192
2009-12-27,3,0.152,0.157
2009-12-27,4,0.153,0.195
2009-12-27,5,0.153,0.197
2009-12-27,6,0.153,0.18
2009-12-27,7,0.179,0.291
2009-12-27,8,0.251,0.33
2009-12-27,9,0.151,0.195
2009-12-27,10,0.15,0.552
2009-12-27,11,0.389,1.1
2009-12-27,12,0.047,0.065
2009-12-27,13,0.035,0.072
2009-12-27,14,0.03,0.032
2009-12-27,15,0.031,0.071
2009-12-27,16,0.044,0.059
2009-12-27,17,0.038,0.236
2009-12-27,18,0.029,0.297
2009-12-27,19,0.431,1.856
2009-12-27,20,1.054,1.274
2009-12-27,21,0.664,0.666
2009-12-27,22,0.445,0.51
2009-12-27,23,0.271,0.272
2009-12-27,24,0.271,0.327
2009-12-28,1,0.095,0.115
2009-12-28,2,0.061,0.085
2009-12-28,3,0.058,0.076
2009-12-28,4,0.067,0.091
2009-12-28,5,0.058,0.093
2009-12-28,6,0.058,0.069
2009-12-28,7,0.08,0.222
2009-12-28,8,0.159,0.203
2009-12-28,9,0.057,0.093
2009-12-28,10,0.056,0.101
2009-12-28,11,0.306,0.534
2009-12-28,12,0.109,0.292
2009-12-28,13,0.042,0.067
2009-12-28,14,0.211,0.473
2009-12-28,15,0.248,0.431
2009-12-28,16,0.132,0.201
2009-12-28,17,0.18,0.291
2009-12-28,18,0.418,0.616
2009-12-28,19,0.276,0.485
2009-12-28,20,0.423,0.516
2009-12-28,21,0.538,1.052
2009-12-28,22,0.34,0.82
2009-12-28,23,0.287,0.322
2009-12-28,24,0.289,0.318
2009-12-29,1,0.259,0.575
2009-12-29,2,0.133,0.201
2009-12-29,3,0.072,0.095
2009-12-29,4,0.057,0.099
2009-12-29,5,0.057,0.059
2009-12-29,6,0.058,0.099
2009-12-29,7,0.084,0.208
2009-12-29,8,0.183,0.199
2009-12-29,9,0.056,0.057
2009-12-29,10,0.103,0.437
2009-12-29,11,0.264,0.562
2009-12-29,12,0.72,0.962
2009-12-29,13,1.521,2.665
2009-12-29,14,0.61,0.739
2009-12-29,15,0.422,0.726
2009-12-29,16,0.626,0.915
2009-12-29,17,0.456,0.511
2009-12-29,18,0.315,0.397
2009-12-29,19,0.26,0.759
2009-12-29,20,0.264,0.293
2009-12-29,21,0.299,0.459
2009-12-29,22,0.413,0.476
2009-12-29,23,0.365,0.365
2009-12-29,24,0.329,0.492
2009-12-30,1,0.188,0.192
2009-12-30,2,0.077,0.106
2009-12-30,3,0.067,0.108
2009-12-30,4,0.067,0.099
2009-12-30,5,0.067,0.077
2009-12-30,6,0.067,0.109
2009-12-30,7,0.108,0.204
2009-12-30,8,0.192,0.221
2009-12-30,9,0.067,0.108
2009-12-30,10,0.066,0.097
2009-12-30,11,0.516,0.622
2009-12-30,12,0.405,0.441
2009-12-30,13,0.506,0.655
2009-12-30,14,0.374,0.387
2009-12-30,15,0.246,0.311
2009-12-30,16,0.239,0.277
2009-12-30,17,0.408,0.518
2009-12-30,18,0.492,0.504
2009-12-30,19,0.321,0.435
2009-12-30,20,0.411,1.106
2009-12-30,21,0.317,0.405
2009-12-30,22,0.357,0.364
2009-12-30,23,0.38,0.637
2009-12-30,24,0.321,0.392
2009-12-31,1,0.268,0.314
2009-12-31,2,0.083,0.093
2009-12-31,3,0.069,0.097
2009-12-31,4,0.067,0.107
2009-12-31,5,0.074,0.101
2009-12-31,6,0.067,0.108
2009-12-31,7,0.067,0.205
2009-12-31,8,0.154,0.261
2009-12-31,9,0.08,0.111
2009-12-31,10,0.066,0.109
2009-12-31,11,0.425,0.548
2009-12-31,12,0.042,0.298
2009-12-31,13,0.043,0.084
2009-12-31,14,0.065,0.186
2009-12-31,15,0.097,0.352
2009-12-31,16,0.043,0.16
2009-12-31,17,0.41,0.467
2009-12-31,18,0.256,0.296
2009-12-31,19,0.28,1.072
2009-12-31,20,0.294,0.371
2009-12-31,21,0.251,0.328
2009-12-31,22,0.268,0.269
2009-12-31,23,0.263,0.313
2009-12-31,24,0.226,0.304
2010-01-01,1,0.201,0.815
2010-01-01,2,0.236,0.391
2010-01-01,3,0.068,0.1
2010-01-01,4,0.066,0.108
2010-01-01,5,0.081,0.095
2010-01-01,6,0.067,0.112
2010-01-01,7,0.067,0.207
2010-01-01,8,0.153,0.253
2010-01-01,9,0.07,0.106
2010-01-01,10,0.066,0.093
2010-01-01,11,0.369,0.445
2010-01-01,12,0.32,1.006
2010-01-01,13,0.176,0.241
2010-01-01,14,0.106,0.139
2010-01-01,15,0.107,0.12
2010-01-01,16,0.148,0.236
2010-01-01,17,0.293,0.43
2010-01-01,18,0.328,0.33
2010-01-01,19,0.347,0.394
2010-01-01,20,0.314,0.383
2010-01-01,21,0.314,0.373
2010-01-01,22,0.317,0.497
2010-01-01,23,0.316,0.542
2010-01-01,24,0.306,0.344
2010-01-02,1,0.163,0.275
2010-01-02,2,0.152,0.2
2010-01-02,3,0.15,0.195
2010-01-02,4,0.151,0.152
2010-01-02,5,0.151,0.197
2010-01-02,6,0.151,0.172
2010-01-02,7,0.178,0.288
2010-01-02,8,0.282,0.308
2010-01-02,9,0.15,0.151
2010-01-02,10,0.151,0.191
2010-01-02,11,0.175,0.702
2010-01-02,12,0.031,0.325
2010-01-02,13,0.043,0.064
2010-01-02,14,0.031,0.031
2010-01-02,15,0.031,0.075
2010-01-02,16,0.031,0.335
2010-01-02,17,0.401,0.719
2010-01-02,18,0.495,0.85
2010-01-02,19,0.36,0.706
2010-01-02,20,0.317,0.319
2010-01-02,21,0.376,0.677
2010-01-02,22,0.328,0.363
2010-01-02,23,0.32,0.519
2010-01-02,24,0.402,0.71
2010-01-03,1,0.461,0.587
2010-01-03,2,0.182,0.427
2010-01-03,3,0.058,0.177
2010-01-03,4,0.058,0.093
2010-01-03,5,0.056,0.064
2010-01-03,6,0.066,0.092
2010-01-03,7,0.068,0.195
2010-01-03,8,0.146,0.253
2010-01-03,9,0.056,0.1
2010-01-03,10,0.055,0.056
2010-01-03,11,0.364,0.44
2010-01-03,12,0.196,0.324
2010-01-03,13,0.185,0.333
2010-01-03,14,0.724,1.895
2010-01-03,15,0.515,0.864
2010-01-03,16,0.193,0.23
2010-01-03,17,0.202,0.558
2010-01-03,18,0.644,1.207
2010-01-03,19,0.611,1.096
2010-01-03,20,0.266,0.546
2010-01-03,21,0.304,0.581
2010-01-03,22,0.261,0.309
2010-01-03,23,0.262,0.302
2010-01-03,24,0.271,0.29
2010-01-04,1,0.212,0.305
2010-01-04,2,0.075,0.078
2010-01-04,3,0.066,0.1
2010-01-04,4,0.066,0.108
2010-01-04,5,0.066,0.106
2010-01-04,6,0.066,0.083
2010-01-04,7,0.092,0.208
2010-01-04,8,0.158,0.248
2010-01-04,9,0.07,0.107
2010-01-04,10,0.066,0.066
2010-01-04,11,0.157,0.602
2010-01-04,12,0.292,0.35
2010-01-04,13,0.095,0.4
2010-01-04,14,0.202,0.529
2010-01-04,15,0.049,0.074
2010-01-04,16,0.139,0.469
2010-01-04,17,0.549,2.403
2010-01-04,18,0.435,0.737
2010-01-04,19,0.482,0.495
2010-01-04,20,0.319,0.325
2010-01-04,21,0.321,0.349
2010-01-04,22,0.342,0.62
2010-01-04,23,0.335,0.36
2010-01-04,24,0.288,0.318
2010-01-05,1,0.129,0.313
2010-01-05,2,0.085,0.106
2010-01-05,3,0.069,0.085
2010-01-05,4,0.07,0.097
2010-01-05,5,0.089,0.093
2010-01-05,6,0.069,0.087
2010-01-05,7,0.095,0.21
2010-01-05,8,0.188,0.231
2010-01-05,9,0.068,0.074
2010-01-05,10,0.086,0.107
2010-01-05,11,0.412,0.581
2010-01-05,12,0.25,0.342
2010-01-05,13,0.046,0.1
2010-01-05,14,0.046,0.088
2010-01-05,15,0.046,0.089
2010-01-05,16,0.165,0.39
2010-01-05,17,0.364,0.64
2010-01-05,18,0.258,0.292
2010-01-05,19,0.269,0.308
2010-01-05,20,0.404,0.439
2010-01-05,21,0.445,0.461
2010-01-05,22,0.285,0.293
2010-01-05,23,0.277,0.365
2010-01-05,24,0.318,0.331
2010-01-06,1,0.078,0.247
2010-01-06,2,0.075,0.117
2010-01-06,3,0.07,0.07
2010-01-06,4,0.068,0.11
2010-01-06,5,0.067,0.113
2010-01-06,6,0.069,0.069
2010-01-06,7,0.112,0.211
2010-01-06,8,0.192,0.223
2010-01-06,9,0.068,0.077
2010-01-06,10,0.09,0.091
2010-01-06,11,0.378,0.638
2010-01-06,12,0.326,0.542
2010-01-06,13,0.08,0.57
2010-01-06,14,0.046,0.046
2010-01-06,15,0.046,0.092
2010-01-06,16,0.046,0.312
2010-01-06,17,0.576,0.608
2010-01-06,18,0.549,0.613
2010-01-06,19,0.244,0.4
2010-01-06,20,0.211,0.565
2010-01-06,21,0.379,0.473
2010-01-06,22,0.215,0.252
2010-01-06,23,0.227,0.299
2010-01-06,24,0.223,0.292
2010-01-07,1,0.211,0.262
2010-01-07,2,0.092,0.113
2010-01-07,3,0.069,0.07
2010-01-07,4,0.071,0.117
2010-01-07,5,0.069,0.095
2010-01-07,6,0.069,0.091
2010-01-07,7,0.069,0.252
2010-01-07,8,0.156,0.221
2010-01-07,9,0.087,0.095
2010-01-07,10,0.068,0.068
2010-01-07,11,0.38,0.419
2010-01-07,12,0.168,0.182
2010-01-07,13,0.044,0.056
2010-01-07,14,0.047,0.085
2010-01-07,15,0.043,0.044
2010-01-07,16,0.092,0.302
2010-01-07,17,0.181,0.35
2010-01-07,18,0.759,0.973
2010-01-07,19,0.285,0.288
2010-01-07,20,0.289,0.7
2010-01-07,21,0.27,0.285
2010-01-07,22,0.269,0.313
2010-01-07,23,0.264,0.644
2010-01-07,24,0.321,0.338
2010-01-08,1,0.305,0.313
2010-01-08,2,0.072,0.204
2010-01-08,3,0.072,0.072
2010-01-08,4,0.069,0.117
2010-01-08,5,0.069,0.069
2010-01-08,6,0.074,0.116
2010-01-08,7,0.069,0.206
2010-01-08,8,0.21,0.232
2010-01-08,9,0.068,0.068
2010-01-08,10,0.068,0.076
2010-01-08,11,0.243,0.375
2010-01-08,12,0.193,0.321
2010-01-08,13,0.045,0.162
2010-01-08,14,0.047,0.049
2010-01-08,15,0.188,0.481
2010-01-08,16,0.186,0.23
2010-01-08,17,0.34,0.642
2010-01-08,18,1.784,2.645
2010-01-08,19,0.317,0.737
2010-01-08,20,0.305,0.389
2010-01-08,21,0.4,0.63
2010-01-08,22,0.327,0.726
2010-01-08,23,0.27,0.304
2010-01-08,24,0.265,0.36
2010-01-09,1,0.327,0.339
2010-01-09,2,0.23,0.275
2010-01-09,3,0.166,0.166
2010-01-09,4,0.172,0.211
2010-01-09,5,0.168,0.168
2010-01-09,6,0.179,0.208
2010-01-09,7,0.168,0.271
2010-01-09,8,0.208,0.221
2010-01-09,9,0.068,0.069
2010-01-09,10,0.068,0.102
2010-01-09,11,0.097,0.479
2010-01-09,12,0.361,0.379
2010-01-09,13,0.269,0.351
2010-01-09,14,0.228,0.303
2010-01-09,15,0.055,0.203
2010-01-09,16,0.047,0.084
2010-01-09,17,0.056,0.327
2010-01-09,18,0.405,0.618
2010-01-09,19,0.312,0.454
2010-01-09,20,0.384,1.028
2010-01-09,21,0.313,0.327
2010-01-09,22,0.281,0.305
2010-01-09,23,0.34,0.492
2010-01-09,24,0.234,0.297
2010-01-10,1,0.215,0.263
2010-01-10,2,0.071,0.116
2010-01-10,3,0.068,0.116
2010-01-10,4,0.068,0.068
2010-01-10,5,0.069,0.114
2010-01-10,6,0.069,0.097
2010-01-10,7,0.09,0.209
2010-01-10,8,0.2,0.223
2010-01-10,9,0.069,0.076
2010-01-10,10,0.078,0.105
2010-01-10,11,0.134,0.625
2010-01-10,12,0.044,0.183
2010-01-10,13,0.11,0.449
2010-01-10,14,0.043,0.066
2010-01-10,15,0.059,0.074
2010-01-10,16,0.042,0.317
2010-01-10,17,0.96,1.565
2010-01-10,18,0.514,1.191
2010-01-10,19,0.373,1.18
2010-01-10,20,0.289,0.489
2010-01-10,21,0.274,0.3
2010-01-10,22,0.27,0.314
2010-01-10,23,0.275,0.276
2010-01-10,24,0.295,0.817
2010-01-11,1,0.26,0.274
2010-01-11,2,0.072,0.075
2010-01-11,3,0.071,0.111
2010-01-11,4,0.07,0.101
2010-01-11,5,0.069,0.083
2010-01-11,6,0.098,0.136
2010-01-11,7,0.068,0.206
2010-01-11,8,0.154,0.25
2010-01-11,9,0.066,0.113
2010-01-11,10,0.068,0.069
2010-01-11,11,0.286,0.707
2010-01-11,12,0.287,0.48
2010-01-11,13,0.212,0.336
2010-01-11,14,0.045,0.193
2010-01-11,15,0.072,0.087
2010-01-11,16,0.264,0.7
2010-01-11,17,0.191,0.471
2010-01-11,18,0.303,0.746
2010-01-11,19,0.313,0.411
2010-01-11,20,0.415,0.975
2010-01-11,21,0.273,1.061
2010-01-11,22,0.297,0.313
2010-01-11,23,0.311,0.32
2010-01-11,24,0.314,0.434
2010-01-12,1,0.071,0.106
2010-01-12,2,0.069,0.109
2010-01-12,3,0.068,0.11
2010-01-12,4,0.08,0.1
2010-01-12,5,0.068,0.1
2010-01-12,6,0.089,0.09
2010-01-12,7,0.068,0.235
2010-01-12,8,0.156,0.235
2010-01-12,9,0.069,0.105
2010-01-12,10,0.388,0.605
2010-01-12,11,0.045,0.221
2010-01-12,12,0.044,0.087
2010-01-12,13,0.202,0.454
2010-01-12,14,0.417,0.551
2010-01-12,15,0.084,0.113
2010-01-12,16,0.114,0.637
2010-01-12,17,0.627,0.687
2010-01-12,18,0.401,0.438
2010-01-12,19,0.357,0.575
2010-01-12,20,0.289,0.505
2010-01-12,21,0.267,0.312
2010-01-12,22,0.327,0.463
2010-01-12,23,0.268,0.268
2010-01-12,24,0.079,0.207
2010-01-13,1,0.082,0.105
2010-01-13,2,0.069,0.109
2010-01-13,3,0.068,0.073
2010-01-13,4,0.068,0.105
2010-01-13,5,0.077,0.099
2010-01-13,6,0.075,0.11
2010-01-13,7,0.069,0.209
2010-01-13,8,0.402,0.552
2010-01-13,9,0.091,0.094
2010-01-13,10,0.072,0.114
2010-01-13,11,0.073,0.073
2010-01-13,12,0.072,0.112
2010-01-13,13,0.083,0.107
2010-01-13,14,0.073,0.097
2010-01-13,15,0.074,0.094
2010-01-13,16,0.082,0.107
2010-01-13,17,0.287,1.626
2010-01-13,18,0.548,2.061
2010-01-13,19,0.326,0.728
2010-01-13,20,0.264,0.297
2010-01-13,21,0.318,0.599
2010-01-13,22,0.269,0.31
2010-01-13,23,0.27,0.336
2010-01-13,24,0.104,0.167
2010-01-14,1,0.071,0.079
2010-01-14,2,0.069,0.11
2010-01-14,3,0.071,0.11
2010-01-14,4,0.07,0.095
2010-01-14,5,0.07,0.087
2010-01-14,6,0.07,0.131
2010-01-14,7,0.069,0.257
2010-01-14,8,0.153,0.219
2010-01-14,9,0.068,0.107
2010-01-14,10,0.075,0.39
2010-01-14,11,0.239,0.406
2010-01-14,12,0.044,0.044
2010-01-14,13,0.044,0.083
2010-01-14,14,0.05,0.078
2010-01-14,15,0.044,0.086
2010-01-14,16,0.043,0.044
2010-01-14,17,0.094,0.367
2010-01-14,18,0.479,0.656
2010-01-14,19,0.309,0.395
2010-01-14,20,0.268,0.3
2010-01-14,21,0.263,0.289
2010-01-14,22,0.271,0.483
2010-01-14,23,0.292,0.306
2010-01-14,24,0.09,0.126
2010-01-15,1,0.072,0.127
2010-01-15,2,0.077,0.11
2010-01-15,3,0.072,0.107
2010-01-15,4,0.068,0.069
2010-01-15,5,0.068,0.112
2010-01-15,6,0.071,0.108
2010-01-15,7,0.068,0.223
2010-01-15,8,0.367,0.58
2010-01-15,9,0.072,0.111
2010-01-15,10,0.083,0.104
2010-01-15,11,0.072,0.114
2010-01-15,12,0.072,0.072
2010-01-15,13,0.073,0.115
2010-01-15,14,0.087,0.099
2010-01-15,15,0.073,0.116
2010-01-15,16,0.072,0.073
2010-01-15,17,0.326,0.518
2010-01-15,18,0.265,0.3
2010-01-15,19,0.286,0.52
2010-01-15,20,0.439,0.586
2010-01-15,21,0.286,0.364
2010-01-15,22,0.327,0.412
2010-01-15,23,0.339,0.83
2010-01-15,24,0.278,0.369
2010-01-16,1,0.097,0.137
2010-01-16,2,0.071,0.083
2010-01-16,3,0.07,0.108
2010-01-16,4,0.07,0.109
2010-01-16,5,0.074,0.109
2010-01-16,6,0.075,0.106
2010-01-16,7,0.07,0.249
2010-01-16,8,0.099,0.215
2010-01-16,9,0.069,0.079
2010-01-16,10,0.072,0.108
2010-01-16,11,0.281,0.561
2010-01-16,12,0.111,0.219
2010-01-16,13,0.123,0.127
2010-01-16,14,0.295,1.643
2010-01-16,15,0.051,0.087
2010-01-16,16,0.045,0.078
2010-01-16,17,0.381,0.522
2010-01-16,18,0.397,0.44
2010-01-16,19,0.261,0.302
2010-01-16,20,0.426,0.461
2010-01-16,21,0.309,0.452
2010-01-16,22,0.273,0.305
2010-01-16,23,0.265,0.301
2010-01-16,24,0.264,0.307
2010-01-17,1,0.252,0.271
2010-01-17,2,0.417,0.488
2010-01-17,3,0.099,0.143
2010-01-17,4,0.077,0.083
2010-01-17,5,0.069,0.099
2010-01-17,6,0.068,0.107
2010-01-17,7,0.11,0.206
2010-01-17,8,0.081,0.238
2010-01-17,9,0.069,0.108
2010-01-17,10,0.068,0.108
2010-01-17,11,0.393,0.417
2010-01-17,12,0.063,0.067
2010-01-17,13,0.043,0.063
2010-01-17,14,0.043,0.081
2010-01-17,15,0.043,0.084
2010-01-17,16,0.059,0.07
2010-01-17,17,0.141,1.479
2010-01-17,18,0.505,1.219
2010-01-17,19,0.435,1.094
2010-01-17,20,0.39,0.496
2010-01-17,21,0.267,0.296
2010-01-17,22,0.409,0.457
2010-01-17,23,0.319,0.356
2010-01-17,24,0.101,0.137
2010-01-18,1,0.07,0.111
2010-01-18,2,0.069,0.103
2010-01-18,3,0.069,0.076
2010-01-18,4,0.069,0.108
2010-01-18,5,0.07,0.11
2010-01-18,6,0.073,0.107
2010-01-18,7,0.069,0.245
2010-01-18,8,0.321,0.597
2010-01-18,9,0.072,0.087
2010-01-18,10,0.071,0.113
2010-01-18,11,0.072,0.114
2010-01-18,12,0.076,0.107
2010-01-18,13,0.071,0.111
2010-01-18,14,0.072,0.083
2010-01-18,15,0.073,0.105
2010-01-18,16,0.071,0.113
2010-01-18,17,0.082,0.284
2010-01-18,18,0.477,1.611
2010-01-18,19,0.277,0.319
2010-01-18,20,0.306,0.746
2010-01-18,21,0.268,0.287
2010-01-18,22,0.296,0.303
2010-01-18,23,0.268,0.591
2010-01-18,24,0.074,0.276
2010-01-19,1,0.076,0.109
2010-01-19,2,0.07,0.11
2010-01-19,3,0.069,0.08
2010-01-19,4,0.07,0.1
2010-01-19,5,0.069,0.111
2010-01-19,6,0.073,0.108
2010-01-19,7,0.069,0.245
2010-01-19,8,0.072,0.215
2010-01-19,9,0.068,0.108
2010-01-19,10,0.122,0.681
2010-01-19,11,0.083,0.108
2010-01-19,12,0.043,0.076
2010-01-19,13,0.056,0.137
2010-01-19,14,0.086,0.819
2010-01-19,15,0.655,2.209
2010-01-19,16,0.359,0.454
2010-01-19,17,0.191,0.397
2010-01-19,18,0.305,0.394
2010-01-19,19,0.262,0.628
2010-01-19,20,0.406,0.459
2010-01-19,21,0.404,0.532
2010-01-19,22,0.31,0.324
2010-01-19,23,0.334,0.541
2010-01-19,24,0.081,0.171
2010-01-20,1,0.071,0.113
2010-01-20,2,0.088,0.088
2010-01-20,3,0.069,0.109
2010-01-20,4,0.069,0.11
2010-01-20,5,0.07,0.095
2010-01-20,6,0.07,0.085
2010-01-20,7,0.107,0.205
2010-01-20,8,0.319,0.495
2010-01-20,9,0.073,0.109
2010-01-20,10,0.083,0.1
2010-01-20,11,0.073,0.113
2010-01-20,12,0.072,0.111
2010-01-20,13,0.073,0.075
2010-01-20,14,0.072,0.11
2010-01-20,15,0.072,0.111
2010-01-20,16,0.088,0.096
2010-01-20,17,0.36,0.471
2010-01-20,18,0.309,1.079
2010-01-20,19,0.308,0.637
2010-01-20,20,0.272,0.303
2010-01-20,21,0.278,0.289
2010-01-20,22,0.293,0.484
2010-01-20,23,0.31,0.34
2010-01-20,24,0.07,0.158
2010-01-21,1,0.079,0.103
2010-01-21,2,0.068,0.108
2010-01-21,3,0.068,0.088
2010-01-21,4,0.069,0.09
2010-01-21,5,0.069,0.109
2010-01-21,6,0.088,0.091
2010-01-21,7,0.069,0.25
2010-01-21,8,0.312,0.513
2010-01-21,9,0.072,0.081
2010-01-21,10,0.072,0.11
2010-01-21,11,0.073,0.115
2010-01-21,12,0.07,0.114
2010-01-21,13,0.073,0.112
2010-01-21,14,0.072,0.072
2010-01-21,15,0.073,0.115
2010-01-21,16,0.072,0.113
2010-01-21,17,0.076,0.725
2010-01-21,18,0.723,2.239
2010-01-21,19,0.298,0.931
2010-01-21,20,0.261,0.308
2010-01-21,21,0.273,0.303
2010-01-21,22,0.308,0.733
2010-01-21,23,0.314,0.484
2010-01-21,24,0.094,0.112
2010-01-22,1,0.071,0.111
2010-01-22,2,0.069,0.084
2010-01-22,3,0.069,0.094
2010-01-22,4,0.069,0.11
2010-01-22,5,0.078,0.1
2010-01-22,6,0.069,0.111
2010-01-22,7,0.069,0.242
2010-01-22,8,0.455,0.546
2010-01-22,9,0.072,0.089
2010-01-22,10,0.071,0.113
2010-01-22,11,0.073,0.114
2010-01-22,12,0.073,0.112
2010-01-22,13,0.072,0.115
2010-01-22,14,0.073,0.073
2010-01-22,15,0.073,0.115
2010-01-22,16,0.077,0.108
2010-01-22,17,0.252,0.561
2010-01-22,18,0.308,0.398
2010-01-22,19,0.271,0.284
2010-01-22,20,0.882,2.698
2010-01-22,21,0.322,0.412
2010-01-22,22,0.36,0.738
2010-01-22,23,0.457,0.465
2010-01-22,24,0.312,0.426
2010-01-23,1,0.114,0.164
2010-01-23,2,0.069,0.103
2010-01-23,3,0.067,0.075
2010-01-23,4,0.07,0.11
2010-01-23,5,0.069,0.111
2010-01-23,6,0.069,0.11
2010-01-23,7,0.069,0.241
2010-01-23,8,0.069,0.221
2010-01-23,9,0.069,0.11
2010-01-23,10,0.087,0.141
2010-01-23,11,0.44,0.776
2010-01-23,12,0.075,0.129
2010-01-23,13,0.208,0.259
2010-01-23,14,0.044,0.087
2010-01-23,15,0.046,0.082
2010-01-23,16,0.053,0.091
2010-01-23,17,0.048,0.99
2010-01-23,18,0.282,1.234
2010-01-23,19,0.281,0.647
2010-01-23,20,0.312,0.519
2010-01-23,21,0.276,0.438
2010-01-23,22,0.323,0.329
2010-01-23,23,0.268,0.318
2010-01-23,24,0.269,0.367
2010-01-24,1,0.272,0.391
2010-01-24,2,0.072,0.115
2010-01-24,3,0.07,0.115
2010-01-24,4,0.07,0.07
2010-01-24,5,0.07,0.117
2010-01-24,6,0.07,0.115
2010-01-24,7,0.07,0.211
2010-01-24,8,0.082,0.254
2010-01-24,9,0.069,0.09
2010-01-24,10,0.102,0.569
2010-01-24,11,0.424,2.119
2010-01-24,12,0.086,0.137
2010-01-24,13,2.083,2.14
2010-01-24,14,0.666,1.379
2010-01-24,15,0.307,0.343
2010-01-24,16,0.084,0.182
2010-01-24,17,0.529,0.656
2010-01-24,18,0.769,1.06
2010-01-24,19,0.742,1.644
2010-01-24,20,0.376,0.601
2010-01-24,21,0.368,0.506
2010-01-24,22,0.311,0.331
2010-01-24,23,0.206,0.299
2010-01-24,24,0.07,0.116
2010-01-25,1,0.079,0.107
2010-01-25,2,0.069,0.11
2010-01-25,3,0.068,0.092
2010-01-25,4,0.068,0.085
2010-01-25,5,0.068,0.11
2010-01-25,6,0.067,0.109
2010-01-25,7,0.069,0.221
2010-01-25,8,0.256,0.745
2010-01-25,9,0.073,0.114
2010-01-25,10,0.072,0.112
2010-01-25,11,0.073,0.079
2010-01-25,12,0.073,0.107
2010-01-25,13,0.092,0.098
2010-01-25,14,0.073,0.096
2010-01-25,15,0.073,0.095
2010-01-25,16,0.089,0.099
2010-01-25,17,0.605,1.423
2010-01-25,18,1.248,1.461
2010-01-25,19,0.274,2.775
2010-01-25,20,0.311,0.583
2010-01-25,21,0.259,0.306
2010-01-25,22,0.274,0.274
2010-01-25,23,0.268,0.815
2010-01-25,24,0.117,0.199
2010-01-26,1,0.072,0.074
2010-01-26,2,0.068,0.11
2010-01-26,3,0.069,0.112
2010-01-26,4,0.068,0.069
2010-01-26,5,0.07,0.115
2010-01-26,6,0.069,0.115
2010-01-26,7,0.07,0.207
2010-01-26,8,0.311,0.591
2010-01-26,9,0.072,0.091
2010-01-26,10,0.071,0.101
2010-01-26,11,0.073,0.119
2010-01-26,12,0.072,0.073
2010-01-26,13,0.073,0.117
2010-01-26,14,0.073,0.107
2010-01-26,15,0.072,0.086
2010-01-26,16,0.072,0.117
2010-01-26,17,0.231,0.452
2010-01-26,18,0.197,0.379
2010-01-26,19,0.76,0.988
2010-01-26,20,0.823,0.897
2010-01-26,21,0.361,0.456
2010-01-26,22,0.294,0.449
2010-01-26,23,0.354,0.67
2010-01-26,24,0.079,0.304
2010-01-27,1,0.071,0.116
2010-01-27,2,0.068,0.113
2010-01-27,3,0.068,0.068
2010-01-27,4,0.069,0.113
2010-01-27,5,0.069,0.114
2010-01-27,6,0.068,0.069
2010-01-27,7,0.108,0.266
2010-01-27,8,0.292,0.805
2010-01-27,9,0.071,0.074
2010-01-27,10,0.073,0.118
2010-01-27,11,0.073,0.117
2010-01-27,12,0.073,0.073
2010-01-27,13,0.074,0.118
2010-01-27,14,0.074,0.118
2010-01-27,15,0.074,0.074
2010-01-27,16,0.074,0.119
2010-01-27,17,0.276,0.634
2010-01-27,18,0.453,1.242
2010-01-27,19,0.369,0.431
2010-01-27,20,0.263,0.407
2010-01-27,21,0.294,0.308
2010-01-27,22,0.27,0.304
2010-01-27,23,0.201,0.237
2010-01-27,24,0.328,0.681
2010-01-28,1,0.088,0.142
2010-01-28,2,0.07,0.113
2010-01-28,3,0.07,0.072
2010-01-28,4,0.07,0.11
2010-01-28,5,0.078,0.104
2010-01-28,6,0.07,0.112
2010-01-28,7,0.069,0.203
2010-01-28,8,0.07,0.252
2010-01-28,9,0.087,0.094
2010-01-28,10,0.068,0.196
2010-01-28,11,0.19,0.377
2010-01-28,12,0.044,0.066
2010-01-28,13,0.043,0.084
2010-01-28,14,0.063,0.068
2010-01-28,15,0.044,0.087
2010-01-28,16,0.044,0.243
2010-01-28,17,0.236,0.355
2010-01-28,18,0.352,0.385
2010-01-28,19,0.279,0.882
2010-01-28,20,0.47,0.61
2010-01-28,21,0.275,0.292
2010-01-28,22,0.281,0.431
2010-01-28,23,0.206,0.273
2010-01-28,24,0.076,0.112
2010-01-29,1,0.072,0.085
2010-01-29,2,0.069,0.098
2010-01-29,3,0.069,0.108
2010-01-29,4,0.087,0.092
2010-01-29,5,0.07,0.109
2010-01-29,6,0.068,0.088
2010-01-29,7,0.094,0.205
2010-01-29,8,0.388,0.606
2010-01-29,9,0.09,0.095
2010-01-29,10,0.073,0.113
2010-01-29,11,0.073,0.097
2010-01-29,12,0.074,0.089
2010-01-29,13,0.073,0.117
2010-01-29,14,0.075,0.116
2010-01-29,15,0.074,0.106
2010-01-29,16,0.074,0.086
2010-01-29,17,0.457,0.609
2010-01-29,18,0.594,2.476
2010-01-29,19,0.46,1.004
2010-01-29,20,0.268,0.409
2010-01-29,21,0.417,0.449
2010-01-29,22,0.268,0.752
2010-01-29,23,0.304,0.35
2010-01-29,24,0.27,0.295
2010-01-30,1,0.074,0.111
2010-01-30,2,0.068,0.081
2010-01-30,3,0.069,0.098
2010-01-30,4,0.068,0.111
2010-01-30,5,0.101,0.112
2010-01-30,6,0.069,0.077
2010-01-30,7,0.105,0.207
2010-01-30,8,0.086,0.238
2010-01-30,9,0.068,0.118
2010-01-30,10,0.083,1.152
2010-01-30,11,0.248,0.442
2010-01-30,12,0.091,0.809
2010-01-30,13,0.085,0.121
2010-01-30,14,0.044,0.045
2010-01-30,15,0.044,0.088
2010-01-30,16,0.607,1.221
2010-01-30,17,0.196,0.363
2010-01-30,18,0.352,0.552
2010-01-30,19,0.361,1.295
2010-01-30,20,0.312,0.317
2010-01-30,21,0.274,0.316
2010-01-30,22,0.519,0.789
2010-01-30,23,0.271,0.749
2010-01-30,24,0.075,0.274
2010-01-31,1,0.072,0.111
2010-01-31,2,0.071,0.107
2010-01-31,3,0.084,0.093
2010-01-31,4,0.069,0.111
2010-01-31,5,0.099,0.109
2010-01-31,6,0.069,0.084
2010-01-31,7,0.096,0.21
2010-01-31,8,0.068,0.257
2010-01-31,9,0.084,0.094
2010-01-31,10,0.072,1.432
2010-01-31,11,1.767,2.504
2010-01-31,12,0.936,1.052
2010-01-31,13,1.868,2.72
2010-01-31,14,0.403,1.389
2010-01-31,15,0.082,0.237
2010-01-31,16,0.042,0.08
2010-01-31,17,0.077,1.501
2010-01-31,18,0.536,1.272
2010-01-31,19,0.735,1.645
2010-01-31,20,0.33,0.379
2010-01-31,21,0.268,0.312
2010-01-31,22,0.311,0.686
2010-01-31,23,0.223,0.607
2010-01-31,24,0.077,0.106
2010-02-01,1,0.089,0.096
2010-02-01,2,0.069,0.11
2010-02-01,3,0.069,0.108
2010-02-01,4,0.069,0.09
2010-02-01,5,0.07,0.091
2010-02-01,6,0.069,0.112
2010-02-01,7,0.085,0.234
2010-02-01,8,0.328,0.736
2010-02-01,9,0.072,0.095
2010-02-01,10,0.072,0.091
2010-02-01,11,0.072,0.113
2010-02-01,12,0.071,0.114
2010-02-01,13,0.07,0.093
2010-02-01,14,0.073,0.096
2010-02-01,15,0.079,0.109
2010-02-01,16,0.073,0.114
2010-02-01,17,0.076,0.561
2010-02-01,18,0.442,1.068
2010-02-01,19,0.423,0.753
2010-02-01,20,0.307,0.417
2010-02-01,21,0.264,0.28
2010-02-01,22,0.272,0.305
2010-02-01,23,0.243,0.697
2010-02-01,24,0.074,0.114
2010-02-02,1,0.073,0.086
2010-02-02,2,0.068,0.096
2010-02-02,3,0.069,0.111
2010-02-02,4,0.069,0.111
2010-02-02,5,0.069,0.069
2010-02-02,6,0.07,0.11
2010-02-02,7,0.087,0.225
2010-02-02,8,0.429,0.498
2010-02-02,9,0.072,0.077
2010-02-02,10,0.073,0.109
2010-02-02,11,0.078,0.108
2010-02-02,12,0.073,0.114
2010-02-02,13,0.073,0.073
2010-02-02,14,0.074,0.116
2010-02-02,15,0.083,0.106
2010-02-02,16,0.073,0.1
2010-02-02,17,0.319,0.513
2010-02-02,18,1.41,1.667
2010-02-02,19,0.506,0.583
2010-02-02,20,0.425,0.487
2010-02-02,21,0.335,0.404
2010-02-02,22,0.269,0.302
2010-02-02,23,0.303,0.548
2010-02-02,24,0.165,0.267
2010-02-03,1,0.07,0.162
2010-02-03,2,0.07,0.112
2010-02-03,3,0.068,0.107
2010-02-03,4,0.067,0.072
2010-02-03,5,0.069,0.109
2010-02-03,6,0.088,0.091
2010-02-03,7,0.068,0.248
2010-02-03,8,0.067,0.218
2010-02-03,9,0.067,0.108
2010-02-03,10,0.118,0.851
2010-02-03,11,0.2,0.553
2010-02-03,12,0.13,0.195
2010-02-03,13,0.044,0.05
2010-02-03,14,0.044,0.081
2010-02-03,15,0.044,0.084
2010-02-03,16,0.043,0.086
2010-02-03,17,0.171,0.404
2010-02-03,18,0.327,0.393
2010-02-03,19,0.393,0.98
2010-02-03,20,0.275,0.406
2010-02-03,21,0.287,0.352
2010-02-03,22,0.279,0.309
2010-02-03,23,0.278,0.332
2010-02-03,24,0.102,0.114
2010-02-04,1,0.073,0.103
2010-02-04,2,0.069,0.077
2010-02-04,3,0.069,0.109
2010-02-04,4,0.08,0.1
2010-02-04,5,0.069,0.108
2010-02-04,6,0.069,0.074
2010-02-04,7,0.11,0.205
2010-02-04,8,0.447,0.566
2010-02-04,9,0.043,0.084
2010-02-04,10,0.044,0.044
2010-02-04,11,0.044,0.086
2010-02-04,12,0.05,0.08
2010-02-04,13,0.043,0.073
2010-02-04,14,0.043,0.055
2010-02-04,15,0.044,0.088
2010-02-04,16,0.044,0.086
2010-02-04,17,0.902,1.446
2010-02-04,18,0.26,0.478
2010-02-04,19,0.573,0.948
2010-02-04,20,0.278,0.426
2010-02-04,21,0.261,0.308
2010-02-04,22,0.375,0.722
2010-02-04,23,0.073,0.246
2010-02-04,24,0.072,0.111
2010-02-05,1,0.07,0.109
2010-02-05,2,0.081,0.098
2010-02-05,3,0.069,0.109
2010-02-05,4,0.069,0.081
2010-02-05,5,0.069,0.099
2010-02-05,6,0.069,0.11
2010-02-05,7,0.068,0.247
2010-02-05,8,0.341,0.525
2010-02-05,9,0.044,0.069
2010-02-05,10,0.044,0.059
2010-02-05,11,0.044,0.084
2010-02-05,12,0.055,0.072
2010-02-05,13,0.042,0.087
2010-02-05,14,0.045,0.063
2010-02-05,15,0.044,0.068
2010-02-05,16,0.044,0.083
2010-02-05,17,0.126,0.477
2010-02-05,18,0.307,0.404
2010-02-05,19,0.259,0.47
2010-02-05,20,0.344,2.352
2010-02-05,21,0.196,0.227
2010-02-05,22,0.266,0.688
2010-02-05,23,0.315,0.326
2010-02-05,24,0.291,0.356
2010-02-06,1,0.085,0.11
2010-02-06,2,0.07,0.109
2010-02-06,3,0.07,0.107
2010-02-06,4,0.07,0.089
2010-02-06,5,0.07,0.092
2010-02-06,6,0.071,0.11
2010-02-06,7,0.09,0.235
2010-02-06,8,0.109,0.216
2010-02-06,9,0.069,0.085
2010-02-06,10,0.111,0.576
2010-02-06,11,0.565,0.572
2010-02-06,12,0.084,0.373
2010-02-06,13,0.062,0.07
2010-02-06,14,0.316,0.451
2010-02-06,15,0.105,0.14
2010-02-06,16,0.176,0.203
2010-02-06,17,0.216,0.348
2010-02-06,18,0.289,0.611
2010-02-06,19,0.321,0.457
2010-02-06,20,0.411,0.719
2010-02-06,21,0.268,0.439
2010-02-06,22,0.263,0.317
2010-02-06,23,0.261,0.305
2010-02-06,24,0.301,0.434
2010-02-07,1,0.278,0.45
2010-02-07,2,0.071,0.12
2010-02-07,3,0.073,0.106
2010-02-07,4,0.082,0.097
2010-02-07,5,0.083,0.098
2010-02-07,6,0.07,0.111
2010-02-07,7,0.07,0.254
2010-02-07,8,0.109,0.216
2010-02-07,9,0.069,0.089
2010-02-07,10,0.142,0.472
2010-02-07,11,0.275,1.06
2010-02-07,12,0.179,0.222
2010-02-07,13,0.183,0.437
2010-02-07,14,0.045,0.083
2010-02-07,15,0.06,0.067
2010-02-07,16,0.219,0.377
2010-02-07,17,0.72,0.771
2010-02-07,18,0.413,1.223
2010-02-07,19,0.423,1.414
2010-02-07,20,0.303,0.477
2010-02-07,21,0.262,0.284
2010-02-07,22,0.258,0.56
2010-02-07,23,0.073,0.117
2010-02-07,24,0.07,0.11
2010-02-08,1,0.073,0.109
2010-02-08,2,0.069,0.108
2010-02-08,3,0.067,0.109
2010-02-08,4,0.069,0.084
2010-02-08,5,0.069,0.094
2010-02-08,6,0.069,0.107
2010-02-08,7,0.088,0.232
2010-02-08,8,0.37,0.666
2010-02-08,9,0.043,0.081
2010-02-08,10,0.044,0.046
2010-02-08,11,0.044,0.084
2010-02-08,12,0.048,0.081
2010-02-08,13,0.044,0.085
2010-02-08,14,0.044,0.061
2010-02-08,15,0.045,0.068
2010-02-08,16,0.044,0.085
2010-02-08,17,0.486,0.943
2010-02-08,18,0.431,0.685
2010-02-08,19,0.447,0.48
2010-02-08,20,0.269,0.591
2010-02-08,21,0.27,0.301
2010-02-08,22,0.272,0.297
2010-02-08,23,0.403,0.736
2010-02-08,24,0.079,0.096
2010-02-09,1,0.071,0.108
2010-02-09,2,0.069,0.11
2010-02-09,3,0.069,0.111
2010-02-09,4,0.069,0.087
2010-02-09,5,0.069,0.093
2010-02-09,6,0.07,0.112
2010-02-09,7,0.069,0.248
2010-02-09,8,0.072,0.209
2010-02-09,9,0.133,0.612
2010-02-09,10,0.043,0.316
2010-02-09,11,0.061,0.068
2010-02-09,12,0.043,0.084
2010-02-09,13,0.042,0.057
2010-02-09,14,0.044,0.072
2010-02-09,15,0.044,0.085
2010-02-09,16,0.045,0.084
2010-02-09,17,0.049,0.332
2010-02-09,18,1.16,1.729
2010-02-09,19,0.265,0.93
2010-02-09,20,0.317,0.425
2010-02-09,21,0.333,0.35
2010-02-09,22,0.349,0.862
2010-02-09,23,0.14,0.287
2010-02-09,24,0.074,0.086
2010-02-10,1,0.072,0.117
2010-02-10,2,0.071,0.107
2010-02-10,3,0.069,0.11
2010-02-10,4,0.069,0.069
2010-02-10,5,0.069,0.111
2010-02-10,6,0.084,0.097
2010-02-10,7,0.068,0.228
2010-02-10,8,0.289,0.786
2010-02-10,9,0.044,0.086
2010-02-10,10,0.044,0.085
2010-02-10,11,0.043,0.044
2010-02-10,12,0.044,0.086
2010-02-10,13,0.044,0.088
2010-02-10,14,0.044,0.044
2010-02-10,15,0.044,0.086
2010-02-10,16,0.044,0.09
2010-02-10,17,0.182,1.724
2010-02-10,18,0.542,0.8
2010-02-10,19,0.428,1.051
2010-02-10,20,0.413,0.516
2010-02-10,21,0.277,0.378
2010-02-10,22,0.283,0.308
2010-02-10,23,0.115,0.132
2010-02-10,24,0.071,0.072
2010-02-11,1,0.072,0.115
2010-02-11,2,0.069,0.112
2010-02-11,3,0.069,0.069
2010-02-11,4,0.068,0.114
2010-02-11,5,0.071,0.104
2010-02-11,6,0.069,0.081
2010-02-11,7,0.093,0.244
2010-02-11,8,0.274,0.615
2010-02-11,9,0.044,0.089
2010-02-11,10,0.043,0.088
2010-02-11,11,0.045,0.045
2010-02-11,12,0.065,0.07
2010-02-11,13,0.044,0.044
2010-02-11,14,0.045,0.09
2010-02-11,15,0.044,0.078
2010-02-11,16,0.045,0.054
2010-02-11,17,0.051,0.653
2010-02-11,18,0.212,0.322
2010-02-11,19,0.512,1.043
2010-02-11,20,0.34,0.541
2010-02-11,21,0.304,0.336
2010-02-11,22,0.268,0.281
2010-02-11,23,0.073,0.181
2010-02-11,24,0.072,0.117
2010-02-12,1,0.071,0.071
2010-02-12,2,0.069,0.112
2010-02-12,3,0.068,0.104
2010-02-12,4,0.07,0.08
2010-02-12,5,0.084,0.105
2010-02-12,6,0.069,0.069
2010-02-12,7,0.115,0.207
2010-02-12,8,0.442,0.831
2010-02-12,9,0.044,0.044
2010-02-12,10,0.044,0.086
2010-02-12,11,0.044,0.08
2010-02-12,12,0.044,0.053
2010-02-12,13,0.061,0.071
2010-02-12,14,0.043,0.043
2010-02-12,15,0.044,0.089
2010-02-12,16,0.044,0.088
2010-02-12,17,0.05,0.349
2010-02-12,18,0.21,0.389
2010-02-12,19,0.21,0.558
2010-02-12,20,0.421,0.746
2010-02-12,21,0.311,0.381
2010-02-12,22,0.462,0.636
2010-02-12,23,0.294,0.578
2010-02-12,24,0.297,0.614
2010-02-13,1,0.082,0.229
2010-02-13,2,0.077,0.113
2010-02-13,3,0.069,0.069
2010-02-13,4,0.07,0.112
2010-02-13,5,0.07,0.113
2010-02-13,6,0.07,0.07
2010-02-13,7,0.114,0.21
2010-02-13,8,0.111,0.212
2010-02-13,9,0.068,0.069
2010-02-13,10,0.078,0.13
2010-02-13,11,0.087,0.433
2010-02-13,12,0.37,0.435
2010-02-13,13,0.214,0.275
2010-02-13,14,0.14,0.317
2010-02-13,15,0.125,0.154
2010-02-13,16,0.103,0.144
2010-02-13,17,0.11,0.28
2010-02-13,18,0.457,1.238
2010-02-13,19,0.263,0.327
2010-02-13,20,0.277,0.316
2010-02-13,21,0.304,0.306
2010-02-13,22,0.277,0.328
2010-02-13,23,0.267,0.278
2010-02-13,24,0.3,0.5
2010-02-14,1,0.18,0.314
2010-02-14,2,0.077,0.119
2010-02-14,3,0.071,0.09
2010-02-14,4,0.07,0.092
2010-02-14,5,0.07,0.113
2010-02-14,6,0.07,0.114
2010-02-14,7,0.07,0.214
2010-02-14,8,0.072,0.283
2010-02-14,9,0.079,0.122
2010-02-14,10,0.078,0.088
2010-02-14,11,0.798,1.804
2010-02-14,12,0.048,0.243
2010-02-14,13,0.181,0.528
2010-02-14,14,0.167,0.228
2010-02-14,15,0.149,0.167
2010-02-14,16,0.147,0.189
2010-02-14,17,0.152,0.359
2010-02-14,18,0.173,0.278
2010-02-14,19,0.142,0.149
2010-02-14,20,0.144,0.185
2010-02-14,21,0.159,0.313
2010-02-14,22,1.287,1.567
2010-02-14,23,0.285,0.839
2010-02-14,24,0.072,0.103
2010-02-15,1,0.072,0.115
2010-02-15,2,0.072,0.11
2010-02-15,3,0.07,0.111
2010-02-15,4,0.069,0.07
2010-02-15,5,0.07,0.114
2010-02-15,6,0.09,0.091
2010-02-15,7,0.069,0.258
2010-02-15,8,0.363,0.678
2010-02-15,9,0.044,0.07
2010-02-15,10,0.045,0.085
2010-02-15,11,0.047,0.081
2010-02-15,12,0.044,0.083
2010-02-15,13,0.045,0.048
2010-02-15,14,0.045,0.088
2010-02-15,15,0.051,0.078
2010-02-15,16,0.044,0.081
2010-02-15,17,0.057,1.342
2010-02-15,18,0.582,0.878
2010-02-15,19,0.35,0.511
2010-02-15,20,0.347,0.475
2010-02-15,21,0.26,0.308
2010-02-15,22,0.27,0.333
2010-02-15,23,0.406,0.82
2010-02-15,24,0.213,0.405
2010-02-16,1,0.074,0.117
2010-02-16,2,0.076,0.102
2010-02-16,3,0.067,0.111
2010-02-16,4,0.07,0.096
2010-02-16,5,0.069,0.083
2010-02-16,6,0.069,0.122
2010-02-16,7,0.069,0.251
2010-02-16,8,0.092,0.208
2010-02-16,9,0.077,0.086
2010-02-16,10,0.316,0.554
2010-02-16,11,0.044,0.085
2010-02-16,12,0.045,0.077
2010-02-16,13,0.045,0.055
2010-02-16,14,0.088,0.588
2010-02-16,15,0.22,0.226
2010-02-16,16,0.118,0.183
2010-02-16,17,0.057,0.519
2010-02-16,18,0.351,0.651
2010-02-16,19,0.275,0.685
2010-02-16,20,0.261,0.296
2010-02-16,21,0.263,0.293
2010-02-16,22,0.287,0.296
2010-02-16,23,0.099,0.332
2010-02-16,24,0.07,0.112
2010-02-17,1,0.071,0.088
2010-02-17,2,0.067,0.091
2010-02-17,3,0.07,0.109
2010-02-17,4,0.08,0.109
2010-02-17,5,0.067,0.067
2010-02-17,6,0.067,0.116
2010-02-17,7,0.067,0.249
2010-02-17,8,0.244,0.581
2010-02-17,9,0.042,0.064
2010-02-17,10,0.045,0.082
2010-02-17,11,0.043,0.084
2010-02-17,12,0.042,0.042
2010-02-17,13,0.042,0.086
2010-02-17,14,0.042,0.084
2010-02-17,15,0.042,0.042
2010-02-17,16,0.042,0.084
2010-02-17,17,0.074,0.847
2010-02-17,18,0.346,2.097
2010-02-17,19,0.452,0.764
2010-02-17,20,0.263,0.406
2010-02-17,21,0.321,0.592
2010-02-17,22,0.325,0.352
2010-02-17,23,0.287,0.328
2010-02-17,24,0.107,0.109
2010-02-18,1,0.072,0.078
2010-02-18,2,0.069,0.114
2010-02-18,3,0.069,0.111
2010-02-18,4,0.069,0.092
2010-02-18,5,0.07,0.09
2010-02-18,6,0.077,0.106
2010-02-18,7,0.069,0.25
2010-02-18,8,0.068,0.218
2010-02-18,9,0.07,0.113
2010-02-18,10,0.068,0.175
2010-02-18,11,0.196,0.637
2010-02-18,12,0.101,0.16
2010-02-18,13,0.085,0.135
2010-02-18,14,0.044,0.068
2010-02-18,15,0.044,0.064
2010-02-18,16,0.048,0.085
2010-02-18,17,0.128,0.39
2010-02-18,18,0.203,0.624
2010-02-18,19,0.269,0.387
2010-02-18,20,0.277,0.304
2010-02-18,21,0.259,0.307
2010-02-18,22,0.268,0.271
2010-02-18,23,0.277,0.636
2010-02-18,24,0.227,0.232
2010-02-19,1,0.076,0.097
2010-02-19,2,0.07,0.088
2010-02-19,3,0.09,0.092
2010-02-19,4,0.069,0.08
2010-02-19,5,0.069,0.129
2010-02-19,6,0.072,0.109
2010-02-19,7,0.082,0.214
2010-02-19,8,0.067,0.263
2010-02-19,9,0.069,0.112
2010-02-19,10,0.07,0.13
2010-02-19,11,0.405,0.626
2010-02-19,12,0.079,0.087
2010-02-19,13,0.045,0.045
2010-02-19,14,0.35,0.431
2010-02-19,15,0.087,0.263
2010-02-19,16,0.045,0.064
2010-02-19,17,0.071,0.268
2010-02-19,18,0.071,0.25
2010-02-19,19,0.072,0.113
2010-02-19,20,0.455,1.074
2010-02-19,21,0.263,0.27
2010-02-19,22,0.409,0.504
2010-02-19,23,0.267,0.327
2010-02-19,24,0.265,0.315
2010-02-20,1,0.219,0.252
2010-02-20,2,0.074,0.163
2010-02-20,3,0.069,0.113
2010-02-20,4,0.088,0.092
2010-02-20,5,0.074,0.111
2010-02-20,6,0.069,0.069
2010-02-20,7,0.112,0.211
2010-02-20,8,0.109,0.212
2010-02-20,9,0.068,0.069
2010-02-20,10,0.068,0.115
2010-02-20,11,0.306,0.935
2010-02-20,12,0.193,0.282
2010-02-20,13,0.642,0.938
2010-02-20,14,0.055,0.376
2010-02-20,15,0.043,0.084
2010-02-20,16,0.172,0.248
2010-02-20,17,0.222,0.354
2010-02-20,18,0.304,1.023
2010-02-20,19,0.636,1.91
2010-02-20,20,0.684,1.752
2010-02-20,21,0.217,0.311
2010-02-20,22,0.243,0.248
2010-02-20,23,0.308,0.739
2010-02-20,24,0.303,0.33
2010-02-21,1,0.069,0.096
2010-02-21,2,0.07,0.111
2010-02-21,3,0.067,0.11
2010-02-21,4,0.068,0.075
2010-02-21,5,0.068,0.102
2010-02-21,6,0.087,0.091
2010-02-21,7,0.067,0.231
2010-02-21,8,0.068,0.246
2010-02-21,9,0.08,0.095
2010-02-21,10,0.066,0.186
2010-02-21,11,0.311,0.702
2010-02-21,12,0.095,0.159
2010-02-21,13,0.084,0.267
2010-02-21,14,0.042,0.048
2010-02-21,15,0.043,0.081
2010-02-21,16,0.057,0.069
2010-02-21,17,0.329,0.385
2010-02-21,18,0.18,0.337
2010-02-21,19,0.728,1.01
2010-02-21,20,0.29,0.313
2010-02-21,21,0.265,0.269
2010-02-21,22,0.79,1.262
2010-02-21,23,0.435,1.41
2010-02-21,24,0.305,0.325
2010-02-22,1,0.069,0.103
2010-02-22,2,0.084,0.094
2010-02-22,3,0.067,0.095
2010-02-22,4,0.067,0.082
2010-02-22,5,0.088,0.092
2010-02-22,6,0.067,0.072
2010-02-22,7,0.113,0.206
2010-02-22,8,0.112,0.205
2010-02-22,9,0.066,0.066
2010-02-22,10,0.077,0.266
2010-02-22,11,0.041,0.516
2010-02-22,12,0.041,0.085
2010-02-22,13,0.041,0.26
2010-02-22,14,0.253,0.624
2010-02-22,15,0.042,0.191
2010-02-22,16,0.042,0.314
2010-02-22,17,0.172,0.333
2010-02-22,18,0.287,1.098
2010-02-22,19,0.559,0.569
2010-02-22,20,0.263,0.527
2010-02-22,21,0.267,0.3
2010-02-22,22,0.266,0.307
2010-02-22,23,0.202,0.757
2010-02-22,24,0.07,0.122
2010-02-23,1,0.068,0.112
2010-02-23,2,0.066,0.067
2010-02-23,3,0.067,0.112
2010-02-23,4,0.067,0.112
2010-02-23,5,0.067,0.068
2010-02-23,6,0.07,0.108
2010-02-23,7,0.066,0.227
2010-02-23,8,0.273,0.629
2010-02-23,9,0.061,0.065
2010-02-23,10,0.042,0.053
2010-02-23,11,0.042,0.075
2010-02-23,12,0.041,0.088
2010-02-23,13,0.042,0.042
2010-02-23,14,0.042,0.088
2010-02-23,15,0.042,0.067
2010-02-23,16,0.041,0.059
2010-02-23,17,0.738,1.992
2010-02-23,18,0.654,0.79
2010-02-23,19,0.396,0.443
2010-02-23,20,0.264,0.319
2010-02-23,21,0.261,0.903
2010-02-23,22,0.269,0.28
2010-02-23,23,0.076,0.303
2010-02-23,24,0.074,0.113
2010-02-24,1,0.07,0.071
2010-02-24,2,0.068,0.113
2010-02-24,3,0.067,0.114
2010-02-24,4,0.069,0.075
2010-02-24,5,0.075,0.109
2010-02-24,6,0.069,0.072
2010-02-24,7,0.111,0.209
2010-02-24,8,0.328,0.604
2010-02-24,9,0.044,0.044
2010-02-24,10,0.043,0.089
2010-02-24,11,0.044,0.086
2010-02-24,12,0.043,0.044
2010-02-24,13,0.059,0.072
2010-02-24,14,0.044,0.052
2010-02-24,15,0.044,0.077
2010-02-24,16,0.043,0.088
2010-02-24,17,0.164,0.313
2010-02-24,18,0.651,0.765
2010-02-24,19,0.279,0.295
2010-02-24,20,0.26,0.776
2010-02-24,21,0.284,0.291
2010-02-24,22,0.499,0.847
2010-02-24,23,0.129,0.273
2010-02-24,24,0.07,0.072
2010-02-25,1,0.07,0.11
2010-02-25,2,0.081,0.098
2010-02-25,3,0.069,0.093
2010-02-25,4,0.069,0.09
2010-02-25,5,0.082,0.098
2010-02-25,6,0.069,0.103
2010-02-25,7,0.078,0.209
2010-02-25,8,0.274,0.68
2010-02-25,9,0.043,0.085
2010-02-25,10,0.044,0.044
2010-02-25,11,0.044,0.087
2010-02-25,12,0.044,0.088
2010-02-25,13,0.042,0.045
2010-02-25,14,0.044,0.087
2010-02-25,15,0.044,0.087
2010-02-25,16,0.043,0.044
2010-02-25,17,0.091,0.517
2010-02-25,18,0.37,1.069
2010-02-25,19,0.23,0.284
2010-02-25,20,0.271,0.582
2010-02-25,21,0.272,0.302
2010-02-25,22,0.416,0.42
2010-02-25,23,0.247,0.288
2010-02-25,24,0.074,0.111
2010-02-26,1,0.091,0.095
2010-02-26,2,0.068,0.091
2010-02-26,3,0.069,0.089
2010-02-26,4,0.089,0.094
2010-02-26,5,0.069,0.079
2010-02-26,6,0.069,0.118
2010-02-26,7,0.068,0.253
2010-02-26,8,0.258,0.68
2010-02-26,9,0.043,0.077
2010-02-26,10,0.061,0.07
2010-02-26,11,0.043,0.059
2010-02-26,12,0.044,0.072
2010-02-26,13,0.054,0.077
2010-02-26,14,0.044,0.048
2010-02-26,15,0.044,0.084
2010-02-26,16,0.044,0.088
2010-02-26,17,0.049,0.236
2010-02-26,18,0.675,0.793
2010-02-26,19,0.71,1.63
2010-02-26,20,0.301,0.445
2010-02-26,21,0.305,0.411
2010-02-26,22,0.283,0.309
2010-02-26,23,0.339,0.456
2010-02-26,24,0.261,0.28
2010-02-27,1,0.071,0.153
2010-02-27,2,0.073,0.107
2010-02-27,3,0.069,0.101
2010-02-27,4,0.068,0.08
2010-02-27,5,0.07,0.114
2010-02-27,6,0.069,0.114
2010-02-27,7,0.069,0.212
2010-02-27,8,0.068,0.266
2010-02-27,9,0.27,0.442
2010-02-27,10,0.042,0.056
2010-02-27,11,0.044,0.076
2010-02-27,12,0.064,0.065
2010-02-27,13,0.043,0.074
2010-02-27,14,0.044,0.054
2010-02-27,15,0.043,0.087
2010-02-27,16,0.043,0.089
2010-02-27,17,0.051,0.227
2010-02-27,18,0.229,0.935
2010-02-27,19,0.771,1.737
2010-02-27,20,0.861,1.587
2010-02-27,21,0.386,0.451
2010-02-27,22,0.376,0.88
2010-02-27,23,0.336,0.344
2010-02-27,24,0.256,0.32
2010-02-28,1,0.088,0.094
2010-02-28,2,0.078,0.099
2010-02-28,3,0.068,0.109
2010-02-28,4,0.07,0.108
2010-02-28,5,0.069,0.109
2010-02-28,6,0.069,0.086
2010-02-28,7,0.091,0.215
2010-02-28,8,0.068,0.26
2010-02-28,9,0.069,0.106
2010-02-28,10,0.164,0.612
2010-02-28,11,0.422,1.484
2010-02-28,12,0.115,0.126
2010-02-28,13,1.261,1.778
2010-02-28,14,0.461,0.955
2010-02-28,15,0.052,0.085
2010-02-28,16,0.048,0.082
2010-02-28,17,0.122,1.424
2010-02-28,18,0.694,0.706
2010-02-28,19,0.373,1.386
2010-02-28,20,0.293,0.386
2010-02-28,21,0.302,0.403
2010-02-28,22,0.285,0.336
2010-02-28,23,0.269,0.288
2010-02-28,24,0.076,0.111
2010-03-01,1,0.071,0.072
2010-03-01,2,0.069,0.111
2010-03-01,3,0.069,0.112
2010-03-01,4,0.068,0.108
2010-03-01,5,0.068,0.085
2010-03-01,6,0.068,0.093
2010-03-01,7,0.104,0.22
2010-03-01,8,0.236,0.642
2010-03-01,9,0.044,0.044
2010-03-01,10,0.044,0.087
2010-03-01,11,0.046,0.085
2010-03-01,12,0.043,0.052
2010-03-01,13,0.045,0.078
2010-03-01,14,0.063,0.069
2010-03-01,15,0.044,0.074
2010-03-01,16,0.044,0.058
2010-03-01,17,0.11,0.607
2010-03-01,18,0.221,0.441
2010-03-01,19,0.404,0.53
2010-03-01,20,0.325,0.398
2010-03-01,21,0.27,0.305
2010-03-01,22,0.31,0.559
2010-03-01,23,0.266,0.293
2010-03-01,24,0.073,0.159
2010-03-02,1,0.086,0.099
2010-03-02,2,0.07,0.103
2010-03-02,3,0.069,0.079
2010-03-02,4,0.083,0.111
2010-03-02,5,0.07,0.085
2010-03-02,6,0.07,0.098
2010-03-02,7,0.069,0.256
2010-03-02,8,0.208,0.555
2010-03-02,9,0.043,0.089
2010-03-02,10,0.044,0.089
2010-03-02,11,0.042,0.044
2010-03-02,12,0.055,0.077
2010-03-02,13,0.044,0.054
2010-03-02,14,0.044,0.078
2010-03-02,15,0.044,0.088
2010-03-02,16,0.044,0.044
2010-03-02,17,0.24,1.219
2010-03-02,18,0.909,2.107
2010-03-02,19,0.357,0.534
2010-03-02,20,0.259,0.298
2010-03-02,21,0.449,0.756
2010-03-02,22,0.266,0.306
2010-03-02,23,0.077,0.233
2010-03-02,24,0.072,0.115
2010-03-03,1,0.071,0.115
2010-03-03,2,0.069,0.069
2010-03-03,3,0.069,0.112
2010-03-03,4,0.069,0.103
2010-03-03,5,0.07,0.078
2010-03-03,6,0.091,0.096
2010-03-03,7,0.069,0.216
2010-03-03,8,0.331,0.552
2010-03-03,9,0.06,0.071
2010-03-03,10,0.042,0.063
2010-03-03,11,0.043,0.068
2010-03-03,12,0.061,0.072
2010-03-03,13,0.044,0.059
2010-03-03,14,0.044,0.074
2010-03-03,15,0.055,0.077
2010-03-03,16,0.043,0.05
2010-03-03,17,0.089,1.547
2010-03-03,18,0.343,1.343
2010-03-03,19,0.38,0.398
2010-03-03,20,0.316,0.487
2010-03-03,21,0.28,0.567
2010-03-03,22,0.314,0.403
2010-03-03,23,0.125,0.27
2010-03-03,24,0.073,0.08
2010-03-04,1,0.071,0.107
2010-03-04,2,0.086,0.096
2010-03-04,3,0.068,0.094
2010-03-04,4,0.07,0.096
2010-03-04,5,0.085,0.098
2010-03-04,6,0.07,0.073
2010-03-04,7,0.11,0.208
2010-03-04,8,0.246,0.557
2010-03-04,9,0.044,0.044
2010-03-04,10,0.045,0.088
2010-03-04,11,0.044,0.088
2010-03-04,12,0.045,0.045
2010-03-04,13,0.045,0.09
2010-03-04,14,0.044,0.087
2010-03-04,15,0.044,0.044
2010-03-04,16,0.044,0.087
2010-03-04,17,0.052,0.278
2010-03-04,18,0.22,0.24
2010-03-04,19,0.193,1.032
2010-03-04,20,0.292,0.572
2010-03-04,21,0.19,0.213
2010-03-04,22,0.192,0.232
2010-03-04,23,0.192,0.235
2010-03-04,24,0.214,0.214
2010-03-05,1,0.192,0.235
2010-03-05,2,0.188,0.196
2010-03-05,3,0.19,0.225
2010-03-05,4,0.2,0.224
2010-03-05,5,0.19,0.236
2010-03-05,6,0.19,0.19
2010-03-05,7,0.232,0.331
2010-03-05,8,0.232,0.337
2010-03-05,9,0.184,0.186
2010-03-05,10,0.185,0.229
2010-03-05,11,0.187,0.228
2010-03-05,12,0.187,0.19
2010-03-05,13,0.208,0.212
2010-03-05,14,0.191,0.199
2010-03-05,15,0.191,0.228
2010-03-05,16,0.19,0.237
2010-03-05,17,0.198,0.379
2010-03-05,18,0.185,0.378
2010-03-05,19,0.184,0.34
2010-03-05,20,0.183,0.185
2010-03-05,21,0.189,0.232
2010-03-05,22,0.188,0.233
2010-03-05,23,0.188,0.19
2010-03-05,24,0.201,0.221
2010-03-06,1,0.191,0.215
2010-03-06,2,0.191,0.216
2010-03-06,3,0.195,0.234
2010-03-06,4,0.193,0.193
2010-03-06,5,0.191,0.236
2010-03-06,6,0.191,0.237
2010-03-06,7,0.192,0.335
2010-03-06,8,0.222,0.316
2010-03-06,9,0.187,0.188
2010-03-06,10,0.186,0.229
2010-03-06,11,0.185,0.228
2010-03-06,12,0.184,0.185
2010-03-06,13,0.209,0.211
2010-03-06,14,0.19,0.191
2010-03-06,15,0.19,0.235
2010-03-06,16,0.191,0.238
2010-03-06,17,0.199,0.381
2010-03-06,18,0.261,0.352
2010-03-06,19,0.37,0.519
2010-03-06,20,0.397,0.5
2010-03-06,21,0.277,0.619
2010-03-06,22,0.278,0.313
2010-03-06,23,0.072,0.089
2010-03-06,24,0.071,0.117
2010-03-07,1,0.071,0.12
2010-03-07,2,0.069,0.07
2010-03-07,3,0.072,0.113
2010-03-07,4,0.07,0.091
2010-03-07,5,0.07,0.095
2010-03-07,6,0.07,0.117
2010-03-07,7,0.069,0.217
2010-03-07,8,0.072,0.243
2010-03-07,9,0.069,0.082
2010-03-07,10,0.094,0.406
2010-03-07,11,0.137,0.762
2010-03-07,12,0.043,0.048
2010-03-07,13,0.186,0.242
2010-03-07,14,0.054,0.077
2010-03-07,15,0.046,0.06
2010-03-07,16,0.07,0.092
2010-03-07,17,0.758,0.921
2010-03-07,18,0.356,0.927
2010-03-07,19,0.491,0.62
2010-03-07,20,0.27,0.326
2010-03-07,21,0.29,0.455
2010-03-07,22,0.274,0.304
2010-03-07,23,0.073,0.104
2010-03-07,24,0.073,0.118
2010-03-08,1,0.073,0.118
2010-03-08,2,0.07,0.07
2010-03-08,3,0.072,0.115
2010-03-08,4,0.071,0.115
2010-03-08,5,0.07,0.07
2010-03-08,6,0.074,0.117
2010-03-08,7,0.07,0.231
2010-03-08,8,0.214,0.574
2010-03-08,9,0.045,0.09
2010-03-08,10,0.044,0.044
2010-03-08,11,0.044,0.09
2010-03-08,12,0.044,0.075
2010-03-08,13,0.044,0.056
2010-03-08,14,0.05,0.083
2010-03-08,15,0.045,0.045
2010-03-08,16,0.045,0.09
2010-03-08,17,0.052,0.272
2010-03-08,18,0.94,1.286
2010-03-08,19,0.278,0.428
2010-03-08,20,0.312,0.406
2010-03-08,21,0.263,0.271
2010-03-08,22,0.311,0.358
2010-03-08,23,0.225,0.605
2010-03-08,24,0.074,0.076
2010-03-09,1,0.072,0.116
2010-03-09,2,0.071,0.113
2010-03-09,3,0.07,0.07
2010-03-09,4,0.072,0.114
2010-03-09,5,0.071,0.077
2010-03-09,6,0.075,0.11
2010-03-09,7,0.069,0.257
2010-03-09,8,0.106,0.498
2010-03-09,9,0.044,0.09
2010-03-09,10,0.045,0.045
2010-03-09,11,0.045,0.091
2010-03-09,12,0.044,0.045
2010-03-09,13,0.046,0.09
2010-03-09,14,0.045,0.094
2010-03-09,15,0.045,0.046
2010-03-09,16,0.057,0.078
2010-03-09,17,0.054,0.884
2010-03-09,18,0.322,0.343
2010-03-09,19,0.244,0.472
2010-03-09,20,0.265,0.347
2010-03-09,21,0.268,0.297
2010-03-09,22,0.325,0.674
2010-03-09,23,0.079,0.143
2010-03-09,24,0.072,0.106
2010-03-10,1,0.075,0.113
2010-03-10,2,0.069,0.069
2010-03-10,3,0.069,0.114
2010-03-10,4,0.069,0.115
2010-03-10,5,0.069,0.07
2010-03-10,6,0.088,0.096
2010-03-10,7,0.074,0.214
2010-03-10,8,0.212,0.541
2010-03-10,9,0.044,0.087
2010-03-10,10,0.044,0.048
2010-03-10,11,0.061,0.074
2010-03-10,12,0.044,0.045
2010-03-10,13,0.045,0.09
2010-03-10,14,0.044,0.092
2010-03-10,15,0.045,0.045
2010-03-10,16,0.066,0.07
2010-03-10,17,0.066,0.554
2010-03-10,18,0.167,0.33
2010-03-10,19,0.351,0.405
2010-03-10,20,0.269,0.278
2010-03-10,21,0.373,0.627
2010-03-10,22,0.293,0.305
2010-03-10,23,0.273,0.302
2010-03-10,24,0.072,0.114
2010-03-11,1,0.084,0.102
2010-03-11,2,0.069,0.093
2010-03-11,3,0.07,0.09
2010-03-11,4,0.079,0.105
2010-03-11,5,0.07,0.07
2010-03-11,6,0.07,0.117
2010-03-11,7,0.069,0.257
2010-03-11,8,0.069,0.198
2010-03-11,9,0.088,0.093
2010-03-11,10,0.076,0.382
2010-03-11,11,0.045,0.287
2010-03-11,12,0.044,0.089
2010-03-11,13,0.045,0.045
2010-03-11,14,0.045,0.09
2010-03-11,15,0.172,0.262
2010-03-11,16,0.084,0.208
2010-03-11,17,0.091,0.211
2010-03-11,18,0.214,0.36
2010-03-11,19,0.218,0.666
2010-03-11,20,0.273,0.428
2010-03-11,21,0.301,0.568
2010-03-11,22,0.269,0.382
2010-03-11,23,0.083,0.101
2010-03-11,24,0.072,0.106
2010-03-12,1,0.083,0.105
2010-03-12,2,0.069,0.111
2010-03-12,3,0.07,0.07
2010-03-12,4,0.07,0.123
2010-03-12,5,0.07,0.112
2010-03-12,6,0.07,0.07
2010-03-12,7,0.113,0.21
2010-03-12,8,0.212,0.567
2010-03-12,9,0.045,0.087
2010-03-12,10,0.044,0.044
2010-03-12,11,0.045,0.087
2010-03-12,12,0.044,0.087
2010-03-12,13,0.044,0.057
2010-03-12,14,0.046,0.074
2010-03-12,15,0.052,0.08
2010-03-12,16,0.045,0.088
2010-03-12,17,0.089,0.489
2010-03-12,18,0.046,0.222
2010-03-12,19,0.045,0.087
2010-03-12,20,0.046,0.088
2010-03-12,21,0.706,1.875
2010-03-12,22,0.376,2.45
2010-03-12,23,0.305,0.343
2010-03-12,24,0.305,0.639
2010-03-13,1,0.099,0.213
2010-03-13,2,0.068,0.081
2010-03-13,3,0.069,0.109
2010-03-13,4,0.069,0.109
2010-03-13,5,0.087,0.093
2010-03-13,6,0.07,0.111
2010-03-13,7,0.068,0.233
2010-03-13,8,0.075,0.237
2010-03-13,9,0.069,0.109
2010-03-13,10,0.095,0.099
2010-03-13,11,0.335,0.422
2010-03-13,12,0.117,0.272
2010-03-13,13,0.272,0.367
2010-03-13,14,0.106,0.127
2010-03-13,15,0.104,0.142
2010-03-13,16,0.16,0.305
2010-03-13,17,0.379,0.555
2010-03-13,18,0.203,0.351
2010-03-13,19,0.288,0.334
2010-03-13,20,0.3,0.308
2010-03-13,21,0.29,0.318
2010-03-13,22,0.307,0.317
2010-03-13,23,0.261,0.288
2010-03-13,24,0.076,0.26
2010-03-14,1,0.071,0.11
2010-03-14,2,0.069,0.11
2010-03-14,3,0.082,0.098
2010-03-14,4,0.068,0.109
2010-03-14,5,0.068,0.108
2010-03-14,6,0.069,0.078
2010-03-14,7,0.099,0.216
2010-03-14,8,0.07,0.263
2010-03-14,9,0.084,0.093
2010-03-14,10,0.068,0.417
2010-03-14,11,0.379,1.32
2010-03-14,12,0.081,0.098
2010-03-14,13,0.044,0.066
2010-03-14,14,0.071,0.072
2010-03-14,15,0.049,0.062
2010-03-14,16,0.11,0.292
2010-03-14,17,0.162,0.293
2010-03-14,18,0.107,0.284
2010-03-14,19,0.11,0.15
2010-03-14,20,0.139,0.42
2010-03-14,21,1.015,1.383
2010-03-14,22,0.377,1.1
2010-03-14,23,0.438,1.183
2010-03-14,24,0.225,0.238
2010-03-15,1,0.09,0.111
2010-03-15,2,0.069,0.109
2010-03-15,3,0.07,0.096
2010-03-15,4,0.072,0.083
2010-03-15,5,0.07,0.108
2010-03-15,6,0.07,0.109
2010-03-15,7,0.11,0.207
2010-03-15,8,0.222,0.481
2010-03-15,9,0.091,0.242
2010-03-15,10,0.044,0.085
2010-03-15,11,0.045,0.082
2010-03-15,12,0.062,0.172
2010-03-15,13,0.045,0.068
2010-03-15,14,1.983,3.218
2010-03-15,15,0.291,0.882
2010-03-15,16,0.087,0.199
2010-03-15,17,0.206,0.347
2010-03-15,18,0.196,0.343
2010-03-15,19,0.211,0.427
2010-03-15,20,0.287,0.36
2010-03-15,21,0.262,0.303
2010-03-15,22,0.266,0.353
2010-03-15,23,0.165,0.601
2010-03-15,24,0.074,0.09
2010-03-16,1,0.073,0.113
2010-03-16,2,0.067,0.107
2010-03-16,3,0.078,0.1
2010-03-16,4,0.069,0.108
2010-03-16,5,0.069,0.109
2010-03-16,6,0.069,0.084
2010-03-16,7,0.095,0.215
2010-03-16,8,0.097,0.487
2010-03-16,9,0.048,0.081
2010-03-16,10,0.045,0.084
2010-03-16,11,0.045,0.085
2010-03-16,12,0.045,0.057
2010-03-16,13,0.045,0.071
2010-03-16,14,0.045,0.085
2010-03-16,15,0.064,0.066
2010-03-16,16,0.045,0.085
2010-03-16,17,0.051,0.919
2010-03-16,18,0.406,1.77
2010-03-16,19,0.331,0.491
2010-03-16,20,0.262,0.308
2010-03-16,21,0.294,0.611
2010-03-16,22,0.308,0.344
2010-03-16,23,0.342,0.497
2010-03-16,24,0.208,0.305
2010-03-17,1,0.071,0.106
2010-03-17,2,0.073,0.113
2010-03-17,3,0.069,0.11
2010-03-17,4,0.079,0.099
2010-03-17,5,0.069,0.108
2010-03-17,6,0.068,0.089
2010-03-17,7,0.086,0.208
2010-03-17,8,0.069,0.215
2010-03-17,9,0.063,0.086
2010-03-17,10,0.039,0.96
2010-03-17,11,0.085,0.525
2010-03-17,12,0.044,0.071
2010-03-17,13,0.045,0.055
2010-03-17,14,0.045,0.085
2010-03-17,15,0.068,0.086
2010-03-17,16,0.183,0.195
2010-03-17,17,0.172,0.36
2010-03-17,18,0.278,0.557
2010-03-17,19,0.249,0.263
2010-03-17,20,0.699,0.904
2010-03-17,21,0.282,0.301
2010-03-17,22,0.286,0.332
2010-03-17,23,0.073,0.173
2010-03-17,24,0.079,0.105
2010-03-18,1,0.077,0.107
2010-03-18,2,0.071,0.11
2010-03-18,3,0.07,0.108
2010-03-18,4,0.07,0.085
2010-03-18,5,0.069,0.097
2010-03-18,6,0.07,0.11
2010-03-18,7,0.11,0.214
2010-03-18,8,0.154,0.67
2010-03-18,9,0.051,0.076
2010-03-18,10,0.044,0.083
2010-03-18,11,0.044,0.083
2010-03-18,12,0.045,0.083
2010-03-18,13,0.044,0.065
2010-03-18,14,0.044,0.062
2010-03-18,15,0.044,0.083
2010-03-18,16,0.044,0.084
2010-03-18,17,0.092,0.967
2010-03-18,18,0.168,0.325
2010-03-18,19,0.267,0.364
2010-03-18,20,0.26,0.312
2010-03-18,21,0.28,0.29
2010-03-18,22,0.281,0.309
2010-03-18,23,0.25,0.591
2010-03-18,24,0.207,0.213
2010-03-19,1,0.08,0.112
2010-03-19,2,0.07,0.106
2010-03-19,3,0.073,0.085
2010-03-19,4,0.07,0.094
2010-03-19,5,0.07,0.111
2010-03-19,6,0.07,0.108
2010-03-19,7,0.106,0.214
2010-03-19,8,0.098,0.222
2010-03-19,9,0.073,0.116
2010-03-19,10,0.066,0.339
2010-03-19,11,0.045,0.083
2010-03-19,12,0.044,0.084
2010-03-19,13,0.045,0.068
2010-03-19,14,0.061,0.211
2010-03-19,15,0.043,0.077
2010-03-19,16,0.045,0.086
2010-03-19,17,0.223,0.237
2010-03-19,18,0.044,0.219
2010-03-19,19,0.178,0.478
2010-03-19,20,0.414,0.757
2010-03-19,21,0.337,1.808
2010-03-19,22,0.375,0.619
2010-03-19,23,0.308,0.75
2010-03-19,24,0.305,0.344
2010-03-20,1,0.07,0.153
2010-03-20,2,0.069,0.108
2010-03-20,3,0.071,0.105
2010-03-20,4,0.073,0.106
2010-03-20,5,0.084,0.095
2010-03-20,6,0.081,0.098
2010-03-20,7,0.07,0.258
2010-03-20,8,0.105,0.221
2010-03-20,9,0.069,0.107
2010-03-20,10,0.068,0.369
2010-03-20,11,0.159,0.766
2010-03-20,12,0.116,0.176
2010-03-20,13,0.164,0.428
2010-03-20,14,0.084,0.109
2010-03-20,15,0.048,0.086
2010-03-20,16,0.048,0.086
2010-03-20,17,0.058,0.271
2010-03-20,18,0.2,0.306
2010-03-20,19,0.17,0.207
2010-03-20,20,0.413,0.475
2010-03-20,21,0.609,0.649
2010-03-20,22,0.269,0.305
2010-03-20,23,0.275,0.576
2010-03-20,24,0.269,0.303
2010-03-21,1,0.071,0.185
2010-03-21,2,0.078,0.114
2010-03-21,3,0.09,0.099
2010-03-21,4,0.086,0.097
2010-03-21,5,0.077,0.102
2010-03-21,6,0.071,0.104
2010-03-21,7,0.071,0.246
2010-03-21,8,0.104,0.225
2010-03-21,9,0.074,0.1
2010-03-21,10,0.077,0.502
2010-03-21,11,0.328,1.516
2010-03-21,12,0.043,0.08
2010-03-21,13,1.646,1.727
2010-03-21,14,0.291,2.664
2010-03-21,15,0.072,0.153
2010-03-21,16,0.054,0.084
2010-03-21,17,0.095,0.288
2010-03-21,18,0.198,0.279
2010-03-21,19,0.756,1.033
2010-03-21,20,0.752,1.151
2010-03-21,21,0.291,0.41
2010-03-21,22,0.297,0.305
2010-03-21,23,0.091,0.108
2010-03-21,24,0.071,0.109
2010-03-22,1,0.08,0.1
2010-03-22,2,0.081,0.095
2010-03-22,3,0.068,0.107
2010-03-22,4,0.07,0.109
2010-03-22,5,0.07,0.106
2010-03-22,6,0.07,0.107
2010-03-22,7,0.106,0.212
2010-03-22,8,0.33,0.642
2010-03-22,9,0.057,0.079
2010-03-22,10,0.046,0.081
2010-03-22,11,0.044,0.081
2010-03-22,12,0.043,0.081
2010-03-22,13,0.044,0.082
2010-03-22,14,0.044,0.081
2010-03-22,15,0.043,0.084
2010-03-22,16,0.044,0.083
2010-03-22,17,0.066,0.481
2010-03-22,18,0.202,0.29
2010-03-22,19,0.447,0.702
2010-03-22,20,0.295,0.408
2010-03-22,21,0.262,0.308
2010-03-22,22,0.27,0.306
2010-03-22,23,0.251,0.622
2010-03-22,24,0.079,0.111
2010-03-23,1,0.076,0.107
2010-03-23,2,0.068,0.109
2010-03-23,3,0.07,0.108
2010-03-23,4,0.069,0.107
2010-03-23,5,0.069,0.108
2010-03-23,6,0.069,0.108
2010-03-23,7,0.068,0.251
2010-03-23,8,0.187,0.553
2010-03-23,9,0.044,0.079
2010-03-23,10,0.047,0.066
2010-03-23,11,0.055,0.058
2010-03-23,12,0.044,0.072
2010-03-23,13,0.043,0.081
2010-03-23,14,0.044,0.083
2010-03-23,15,0.044,0.084
2010-03-23,16,0.044,0.084
2010-03-23,17,0.072,0.811
2010-03-23,18,0.199,0.544
2010-03-23,19,0.454,0.638
2010-03-23,20,0.269,0.643
2010-03-23,21,0.292,0.311
2010-03-23,22,0.283,0.498
2010-03-23,23,0.262,0.281
2010-03-23,24,0.08,0.107
2010-03-24,1,0.072,0.111
2010-03-24,2,0.068,0.105
2010-03-24,3,0.069,0.108
2010-03-24,4,0.069,0.096
2010-03-24,5,0.075,0.08
2010-03-24,6,0.067,0.101
2010-03-24,7,0.108,0.213
2010-03-24,8,0.225,0.707
2010-03-24,9,0.044,0.081
2010-03-24,10,0.044,0.082
2010-03-24,11,0.059,0.068
2010-03-24,12,0.046,0.08
2010-03-24,13,0.044,0.084
2010-03-24,14,0.044,0.083
2010-03-24,15,0.044,0.08
2010-03-24,16,0.048,0.06
2010-03-24,17,0.078,0.744
2010-03-24,18,0.209,1.618
2010-03-24,19,0.193,0.198
2010-03-24,20,0.188,0.533
2010-03-24,21,0.368,0.572
2010-03-24,22,0.278,0.424
2010-03-24,23,0.091,0.447
2010-03-24,24,0.084,0.089
2010-03-25,1,0.077,0.095
2010-03-25,2,0.068,0.099
2010-03-25,3,0.069,0.108
2010-03-25,4,0.069,0.108
2010-03-25,5,0.07,0.107
2010-03-25,6,0.069,0.109
2010-03-25,7,0.104,0.215
2010-03-25,8,0.366,0.747
2010-03-25,9,0.062,0.063
2010-03-25,10,0.055,0.07
2010-03-25,11,0.045,0.081
2010-03-25,12,0.044,0.083
2010-03-25,13,0.044,0.083
2010-03-25,14,0.044,0.081
2010-03-25,15,0.044,0.085
2010-03-25,16,0.044,0.08
2010-03-25,17,0.263,0.343
2010-03-25,18,0.206,0.247
2010-03-25,19,0.181,0.504
2010-03-25,20,0.263,0.292
2010-03-25,21,0.259,0.305
2010-03-25,22,0.265,0.305
2010-03-25,23,0.224,0.239
2010-03-25,24,0.199,0.461
2010-03-26,1,0.094,0.111
2010-03-26,2,0.077,0.101
2010-03-26,3,0.078,0.089
2010-03-26,4,0.083,0.087
2010-03-26,5,0.072,0.094
2010-03-26,6,0.069,0.102
2010-03-26,7,0.108,0.223
2010-03-26,8,0.189,0.618
2010-03-26,9,0.044,0.08
2010-03-26,10,0.044,0.082
2010-03-26,11,0.044,0.083
2010-03-26,12,0.044,0.08
2010-03-26,13,0.045,0.081
2010-03-26,14,0.044,0.084
2010-03-26,15,0.046,0.082
2010-03-26,16,0.146,0.28
2010-03-26,17,0.166,0.295
2010-03-26,18,0.111,0.286
2010-03-26,19,0.253,0.375
2010-03-26,20,0.297,0.347
2010-03-26,21,0.316,0.631
2010-03-26,22,0.543,1.761
2010-03-26,23,0.292,0.336
2010-03-26,24,0.281,0.304
2010-03-27,1,0.174,0.198
2010-03-27,2,0.07,0.107
2010-03-27,3,0.069,0.107
2010-03-27,4,0.069,0.106
2010-03-27,5,0.069,0.106
2010-03-27,6,0.069,0.109
2010-03-27,7,0.072,0.264
2010-03-27,8,0.107,0.211
2010-03-27,9,0.069,0.106
2010-03-27,10,0.068,0.107
2010-03-27,11,0.238,0.252
2010-03-27,12,0.158,0.173
2010-03-27,13,0.142,0.181
2010-03-27,14,0.195,1.277
2010-03-27,15,0.175,0.198
2010-03-27,16,0.046,0.131
2010-03-27,17,0.093,0.24
2010-03-27,18,0.319,0.971
2010-03-27,19,0.315,0.868
2010-03-27,20,0.316,0.341
2010-03-27,21,0.07,0.435
2010-03-27,22,0.092,0.183
2010-03-27,23,0.345,0.385
2010-03-27,24,0.108,0.224
2010-03-28,1,0.0,0.075
2010-03-28,2,0.0,0.113
2010-03-28,3,0.069,0.11
2010-03-28,4,0.069,0.109
2010-03-28,5,0.084,0.093
2010-03-28,6,0.078,0.099
2010-03-28,7,0.109,0.208
2010-03-28,8,0.115,0.263
2010-03-28,9,0.045,0.491
2010-03-28,10,0.044,0.082
2010-03-28,11,0.044,0.08
2010-03-28,12,0.049,0.082
2010-03-28,13,0.058,0.071
2010-03-28,14,0.068,0.076
2010-03-28,15,0.048,0.081
2010-03-28,16,0.045,0.266
2010-03-28,17,0.142,0.246
2010-03-28,18,0.123,0.129
2010-03-28,19,0.142,0.364
2010-03-28,20,0.178,0.219
2010-03-28,21,0.268,0.325
2010-03-28,22,0.278,0.304
2010-03-28,23,0.291,0.574
2010-03-28,24,0.101,0.217
2010-03-29,1,0.085,0.105
2010-03-29,2,0.074,0.106
2010-03-29,3,0.07,0.106
2010-03-29,4,0.069,0.107
2010-03-29,5,0.07,0.109
2010-03-29,6,0.068,0.221
2010-03-29,7,0.103,0.189
2010-03-29,8,0.082,0.092
2010-03-29,9,0.082,0.085
2010-03-29,10,0.093,0.426
2010-03-29,11,0.184,0.35
2010-03-29,12,0.044,0.077
2010-03-29,13,0.044,0.082
2010-03-29,14,0.044,0.082
2010-03-29,15,0.044,0.082
2010-03-29,16,0.083,0.168
2010-03-29,17,0.31,0.45
2010-03-29,18,0.383,0.551
2010-03-29,19,0.37,0.5
2010-03-29,20,0.378,0.843
2010-03-29,21,0.255,0.304
2010-03-29,22,0.264,0.464
2010-03-29,23,0.263,0.413
2010-03-29,24,0.153,0.161
2010-03-30,1,0.069,0.124
2010-03-30,2,0.069,0.107
2010-03-30,3,0.07,0.109
2010-03-30,4,0.126,0.155
2010-03-30,5,0.102,0.118
2010-03-30,6,0.07,0.109
2010-03-30,7,0.097,0.731
2010-03-30,8,0.149,0.235
2010-03-30,9,0.073,0.101
2010-03-30,10,0.075,0.112
2010-03-30,11,0.074,0.115
2010-03-30,12,0.081,0.105
2010-03-30,13,0.074,0.115
2010-03-30,14,0.074,0.096
2010-03-30,15,0.073,0.092
2010-03-30,16,0.074,0.218
2010-03-30,17,0.109,0.25
2010-03-30,18,0.17,0.224
2010-03-30,19,0.131,0.169
2010-03-30,20,0.128,0.136
2010-03-30,21,0.129,0.162
2010-03-30,22,0.129,0.171
2010-03-30,23,0.132,0.175
2010-03-30,24,0.131,0.16
2010-03-31,1,0.074,0.123
2010-03-31,2,0.074,0.113
2010-03-31,3,0.073,0.116
2010-03-31,4,0.12,0.143
2010-03-31,5,0.074,0.147
2010-03-31,6,0.094,0.096
2010-03-31,7,0.073,0.214
2010-03-31,8,0.115,0.205
2010-03-31,9,0.087,0.101
2010-03-31,10,0.073,0.102
2010-03-31,11,0.073,0.087
2010-03-31,12,0.114,0.195
2010-03-31,13,0.073,0.095
2010-03-31,14,0.074,0.095
2010-03-31,15,0.093,0.099
2010-03-31,16,0.074,0.087
2010-03-31,17,0.103,0.189
2010-03-31,18,0.159,0.202
2010-03-31,19,0.131,0.2
2010-03-31,20,0.133,0.195
2010-03-31,21,0.131,0.173
2010-03-31,22,0.129,0.131
2010-03-31,23,0.133,0.176
2010-03-31,24,0.132,0.178
2010-04-01,1,0.073,0.109
2010-04-01,2,0.088,0.104
2010-04-01,3,0.074,0.074
2010-04-01,4,0.131,0.166
2010-04-01,5,0.109,0.112
2010-04-01,6,0.074,0.084
2010-04-01,7,0.072,0.236
2010-04-01,8,0.145,0.231
2010-04-01,9,0.084,0.112
2010-04-01,10,0.074,0.074
2010-04-01,11,0.079,0.116
2010-04-01,12,0.073,0.074
2010-04-01,13,0.074,0.265
2010-04-01,14,0.074,0.091
2010-04-01,15,0.075,0.106
2010-04-01,16,0.074,0.122
2010-04-01,17,0.075,0.25
2010-04-01,18,0.163,0.246
2010-04-01,19,0.131,0.132
2010-04-01,20,0.374,0.575
2010-04-01,21,0.293,0.8
2010-04-01,22,0.272,0.435
2010-04-01,23,0.297,0.314
2010-04-01,24,0.11,0.247
2010-04-02,1,0.074,0.084
2010-04-02,2,0.069,0.101
2010-04-02,3,0.075,0.107
2010-04-02,4,0.069,0.082
2010-04-02,5,0.067,0.112
2010-04-02,6,0.07,0.116
2010-04-02,7,0.069,0.187
2010-04-02,8,0.121,0.274
2010-04-02,9,0.07,0.105
2010-04-02,10,0.078,0.441
2010-04-02,11,0.304,0.355
2010-04-02,12,0.244,0.336
2010-04-02,13,0.222,0.409
2010-04-02,14,0.202,0.241
2010-04-02,15,0.058,0.434
2010-04-02,16,0.047,0.089
2010-04-02,17,0.044,0.215
2010-04-02,18,0.144,0.216
2010-04-02,19,0.3,0.569
2010-04-02,20,0.198,0.33
2010-04-02,21,0.181,0.301
2010-04-02,22,0.279,0.304
2010-04-02,23,0.3,0.323
2010-04-02,24,0.325,1.312
2010-04-03,1,0.367,0.833
2010-04-03,2,0.111,0.287
2010-04-03,3,0.071,0.11
2010-04-03,4,0.07,0.072
2010-04-03,5,0.07,0.112
2010-04-03,6,0.072,0.11
2010-04-03,7,0.069,0.212
2010-04-03,8,0.139,0.256
2010-04-03,9,0.066,0.108
2010-04-03,10,0.069,0.308
2010-04-03,11,0.183,0.229
2010-04-03,12,0.167,0.189
2010-04-03,13,0.208,0.515
2010-04-03,14,0.195,0.293
2010-04-03,15,0.165,0.206
2010-04-03,16,0.174,0.182
2010-04-03,17,0.203,0.678
2010-04-03,18,0.178,0.347
2010-04-03,19,0.22,0.333
2010-04-03,20,0.255,0.357
2010-04-03,21,0.283,0.293
2010-04-03,22,0.27,0.312
2010-04-03,23,0.276,0.765
2010-04-03,24,0.253,0.272
2010-04-04,1,0.073,0.092
2010-04-04,2,0.068,0.111
2010-04-04,3,0.069,0.11
2010-04-04,4,0.088,0.093
2010-04-04,5,0.07,0.112
2010-04-04,6,0.069,0.1
2010-04-04,7,0.08,0.191
2010-04-04,8,0.138,0.272
2010-04-04,9,0.076,0.103
2010-04-04,10,0.069,0.373
2010-04-04,11,0.23,1.202
2010-04-04,12,0.044,0.075
2010-04-04,13,0.042,0.052
2010-04-04,14,0.111,0.289
2010-04-04,15,0.198,0.3
2010-04-04,16,0.107,0.149
2010-04-04,17,0.142,0.259
2010-04-04,18,0.136,0.262
2010-04-04,19,0.116,0.139
2010-04-04,20,0.063,0.385
2010-04-04,21,0.303,0.306
2010-04-04,22,0.305,0.505
2010-04-04,23,0.288,0.309
2010-04-04,24,0.229,0.263
2010-04-05,1,0.131,0.187
2010-04-05,2,0.07,0.117
2010-04-05,3,0.069,0.109
2010-04-05,4,0.069,0.109
2010-04-05,5,0.088,0.092
2010-04-05,6,0.07,0.108
2010-04-05,7,0.07,0.228
2010-04-05,8,0.168,0.227
2010-04-05,9,0.076,0.109
2010-04-05,10,0.039,0.106
2010-04-05,11,0.04,0.079
2010-04-05,12,0.043,0.347
2010-04-05,13,0.209,0.333
2010-04-05,14,0.174,0.234
2010-04-05,15,0.282,0.46
2010-04-05,16,0.184,0.198
2010-04-05,17,0.18,0.282
2010-04-05,18,0.185,0.428
2010-04-05,19,0.196,0.339
2010-04-05,20,0.356,0.538
2010-04-05,21,0.319,0.322
2010-04-05,22,0.292,0.305
2010-04-05,23,0.294,0.633
2010-04-05,24,0.279,0.295
2010-04-06,1,0.086,0.215
2010-04-06,2,0.08,0.096
2010-04-06,3,0.082,0.096
2010-04-06,4,0.086,0.092
2010-04-06,5,0.086,0.09
2010-04-06,6,0.083,0.092
2010-04-06,7,0.078,0.215
2010-04-06,8,0.168,0.22
2010-04-06,9,0.074,0.106
2010-04-06,10,0.068,0.281
2010-04-06,11,0.289,1.06
2010-04-06,12,0.253,0.673
2010-04-06,13,0.649,0.986
2010-04-06,14,0.075,0.078
2010-04-06,15,0.356,0.497
2010-04-06,16,0.044,0.083
2010-04-06,17,0.081,0.211
2010-04-06,18,0.152,0.223
2010-04-06,19,0.204,0.425
2010-04-06,20,0.247,0.716
2010-04-06,21,0.251,0.285
2010-04-06,22,0.246,0.29
2010-04-06,23,0.188,0.252
2010-04-06,24,0.212,0.565
2010-04-07,1,0.079,0.235
2010-04-07,2,0.069,0.108
2010-04-07,3,0.069,0.109
2010-04-07,4,0.07,0.106
2010-04-07,5,0.07,0.111
2010-04-07,6,0.07,0.107
2010-04-07,7,0.096,0.196
2010-04-07,8,0.139,0.228
2010-04-07,9,0.068,0.112
2010-04-07,10,0.078,0.117
2010-04-07,11,0.27,0.48
2010-04-07,12,0.044,0.081
2010-04-07,13,0.169,0.196
2010-04-07,14,0.081,0.105
2010-04-07,15,0.079,0.305
2010-04-07,16,0.069,0.183
2010-04-07,17,0.149,0.301
2010-04-07,18,0.153,0.265
2010-04-07,19,0.123,0.131
2010-04-07,20,0.17,0.41
2010-04-07,21,0.314,0.353
2010-04-07,22,0.273,0.547
2010-04-07,23,0.271,0.314
2010-04-07,24,0.376,1.203
2010-04-08,1,0.311,0.965
2010-04-08,2,0.069,0.113
2010-04-08,3,0.07,0.109
2010-04-08,4,0.07,0.109
2010-04-08,5,0.075,0.102
2010-04-08,6,0.083,0.095
2010-04-08,7,0.084,0.208
2010-04-08,8,0.164,0.232
2010-04-08,9,0.068,0.089
2010-04-08,10,0.04,0.128
2010-04-08,11,0.217,0.346
2010-04-08,12,0.044,0.081
2010-04-08,13,0.044,0.081
2010-04-08,14,0.045,0.083
2010-04-08,15,0.045,0.081
2010-04-08,16,0.045,0.104
2010-04-08,17,0.157,0.377
2010-04-08,18,0.195,0.308
2010-04-08,19,0.15,0.349
2010-04-08,20,0.111,0.246
2010-04-08,21,0.286,0.311
2010-04-08,22,0.323,0.629
2010-04-08,23,0.268,0.389
2010-04-08,24,0.252,0.468
2010-04-09,1,0.075,0.114
2010-04-09,2,0.072,0.108
2010-04-09,3,0.07,0.106
2010-04-09,4,0.069,0.109
2010-04-09,5,0.07,0.109
2010-04-09,6,0.069,0.107
2010-04-09,7,0.069,0.224
2010-04-09,8,0.17,0.217
2010-04-09,9,0.068,0.107
2010-04-09,10,0.067,0.302
2010-04-09,11,0.045,0.082
2010-04-09,12,0.043,0.085
2010-04-09,13,0.045,0.084
2010-04-09,14,0.045,0.083
2010-04-09,15,0.083,0.183
2010-04-09,16,0.044,0.082
2010-04-09,17,0.367,0.372
2010-04-09,18,0.164,0.272
2010-04-09,19,0.122,0.168
2010-04-09,20,0.154,0.204
2010-04-09,21,0.73,1.339
2010-04-09,22,0.358,1.348
2010-04-09,23,0.366,1.028
2010-04-09,24,0.407,0.479
2010-04-10,1,0.105,0.155
2010-04-10,2,0.097,0.109
2010-04-10,3,0.083,0.108
2010-04-10,4,0.074,0.109
2010-04-10,5,0.069,0.108
2010-04-10,6,0.071,0.109
2010-04-10,7,0.07,0.23
2010-04-10,8,0.115,0.233
2010-04-10,9,0.069,0.107
2010-04-10,10,0.069,0.092
2010-04-10,11,0.239,0.356
2010-04-10,12,0.126,0.216
2010-04-10,13,0.046,0.081
2010-04-10,14,0.058,0.211
2010-04-10,15,0.06,0.085
2010-04-10,16,0.07,0.082
2010-04-10,17,0.106,0.316
2010-04-10,18,0.051,0.087
2010-04-10,19,0.143,0.232
2010-04-10,20,0.112,0.158
2010-04-10,21,0.288,0.38
2010-04-10,22,0.396,0.872
2010-04-10,23,0.418,0.429
2010-04-10,24,0.274,0.278
2010-04-11,1,0.252,0.254
2010-04-11,2,0.111,0.225
2010-04-11,3,0.074,0.112
2010-04-11,4,0.09,0.109
2010-04-11,5,0.086,0.107
2010-04-11,6,0.07,0.108
2010-04-11,7,0.07,0.231
2010-04-11,8,0.163,0.237
2010-04-11,9,0.068,0.107
2010-04-11,10,0.066,0.227
2010-04-11,11,0.044,0.251
2010-04-11,12,0.044,0.08
2010-04-11,13,2.525,2.699
2010-04-11,14,0.472,1.251
2010-04-11,15,0.07,0.279
2010-04-11,16,0.088,0.117
2010-04-11,17,0.117,0.319
2010-04-11,18,0.245,0.853
2010-04-11,19,0.11,0.166
2010-04-11,20,0.249,0.715
2010-04-11,21,0.175,0.222
2010-04-11,22,0.27,0.741
2010-04-11,23,0.211,0.308
2010-04-11,24,0.106,0.115
2010-04-12,1,0.076,0.11
2010-04-12,2,0.068,0.107
2010-04-12,3,0.085,0.092
2010-04-12,4,0.07,0.105
2010-04-12,5,0.07,0.108
2010-04-12,6,0.07,0.108
2010-04-12,7,0.108,0.196
2010-04-12,8,0.254,0.538
2010-04-12,9,0.044,0.081
2010-04-12,10,0.044,0.081
2010-04-12,11,0.044,0.081
2010-04-12,12,0.052,0.073
2010-04-12,13,0.058,0.067
2010-04-12,14,0.045,0.083
2010-04-12,15,0.044,0.082
2010-04-12,16,0.045,0.082
2010-04-12,17,0.104,0.886
2010-04-12,18,0.299,0.324
2010-04-12,19,0.11,0.165
2010-04-12,20,0.182,0.22
2010-04-12,21,0.189,0.237
2010-04-12,22,0.23,0.54
2010-04-12,23,0.224,0.317
2010-04-12,24,0.109,0.113
2010-04-13,1,0.074,0.111
2010-04-13,2,0.07,0.108
2010-04-13,3,0.069,0.107
2010-04-13,4,0.086,0.093
2010-04-13,5,0.078,0.099
2010-04-13,6,0.071,0.105
2010-04-13,7,0.106,0.188
2010-04-13,8,0.131,0.659
2010-04-13,9,0.056,0.082
2010-04-13,10,0.07,0.071
2010-04-13,11,0.054,0.08
2010-04-13,12,0.044,0.082
2010-04-13,13,0.044,0.082
2010-04-13,14,0.045,0.082
2010-04-13,15,0.054,0.072
2010-04-13,16,0.057,0.07
2010-04-13,17,0.381,0.682
2010-04-13,18,0.235,0.335
2010-04-13,19,0.156,0.362
2010-04-13,20,0.189,0.199
2010-04-13,21,0.355,0.58
2010-04-13,22,0.238,0.309
2010-04-13,23,0.13,0.24
2010-04-13,24,0.077,0.111
2010-04-14,1,0.077,0.106
2010-04-14,2,0.084,0.093
2010-04-14,3,0.084,0.092
2010-04-14,4,0.075,0.1
2010-04-14,5,0.072,0.106
2010-04-14,6,0.069,0.107
2010-04-14,7,0.107,0.187
2010-04-14,8,0.303,0.353
2010-04-14,9,0.043,0.082
2010-04-14,10,0.044,0.081
2010-04-14,11,0.044,0.083
2010-04-14,12,0.044,0.082
2010-04-14,13,0.044,0.083
2010-04-14,14,0.045,0.083
2010-04-14,15,0.045,0.083
2010-04-14,16,0.046,0.084
2010-04-14,17,0.084,0.392
2010-04-14,18,0.125,0.148
2010-04-14,19,0.118,0.368
2010-04-14,20,0.145,0.164
2010-04-14,21,0.154,0.181
2010-04-14,22,0.368,0.637
2010-04-14,23,0.289,0.304
2010-04-14,24,0.173,0.193
2010-04-15,1,0.079,0.11
2010-04-15,2,0.072,0.11
2010-04-15,3,0.068,0.106
2010-04-15,4,0.069,0.109
2010-04-15,5,0.069,0.109
2010-04-15,6,0.069,0.108
2010-04-15,7,0.068,0.22
2010-04-15,8,0.149,0.179
2010-04-15,9,0.068,0.105
2010-04-15,10,0.07,0.957
2010-04-15,11,0.067,0.161
2010-04-15,12,0.057,0.06
2010-04-15,13,0.049,0.07
2010-04-15,14,0.044,0.076
2010-04-15,15,0.074,0.226
2010-04-15,16,0.052,0.081
2010-04-15,17,0.044,0.253
2010-04-15,18,0.233,0.26
2010-04-15,19,0.197,0.204
2010-04-15,20,0.325,0.55
2010-04-15,21,0.273,0.303
2010-04-15,22,0.268,0.323
2010-04-15,23,0.299,0.603
2010-04-15,24,0.085,0.103
2010-04-16,1,0.071,0.109
2010-04-16,2,0.07,0.11
2010-04-16,3,0.07,0.106
2010-04-16,4,0.071,0.11
2010-04-16,5,0.071,0.107
2010-04-16,6,0.07,0.11
2010-04-16,7,0.108,0.189
2010-04-16,8,0.153,0.538
2010-04-16,9,0.044,0.082
2010-04-16,10,0.044,0.081
2010-04-16,11,0.044,0.083
2010-04-16,12,0.044,0.083
2010-04-16,13,0.046,0.084
2010-04-16,14,0.045,0.084
2010-04-16,15,0.045,0.084
2010-04-16,16,0.045,0.084
2010-04-16,17,0.084,0.268
2010-04-16,18,0.127,0.3
2010-04-16,19,0.114,0.154
2010-04-16,20,0.159,0.294
2010-04-16,21,0.252,0.275
2010-04-16,22,0.335,0.519
2010-04-16,23,0.288,0.499
2010-04-16,24,0.31,0.349
2010-04-17,1,0.13,0.271
2010-04-17,2,0.073,0.111
2010-04-17,3,0.07,0.108
2010-04-17,4,0.07,0.108
2010-04-17,5,0.069,0.107
2010-04-17,6,0.069,0.108
2010-04-17,7,0.069,0.224
2010-04-17,8,0.176,0.227
2010-04-17,9,0.077,0.088
2010-04-17,10,0.041,0.288
2010-04-17,11,0.196,0.229
2010-04-17,12,0.062,0.082
2010-04-17,13,0.044,0.081
2010-04-17,14,0.048,0.081
2010-04-17,15,0.046,0.084
2010-04-17,16,0.128,0.37
2010-04-17,17,0.094,0.254
2010-04-17,18,0.047,0.085
2010-04-17,19,0.053,2.276
2010-04-17,20,0.192,0.255
2010-04-17,21,0.208,0.282
2010-04-17,22,0.243,0.328
2010-04-17,23,0.275,0.642
2010-04-17,24,0.154,0.376
2010-04-18,1,0.084,0.099
2010-04-18,2,0.069,0.107
2010-04-18,3,0.07,0.107
2010-04-18,4,0.089,0.107
2010-04-18,5,0.088,0.107
2010-04-18,6,0.07,0.107
2010-04-18,7,0.07,0.227
2010-04-18,8,0.174,0.23
2010-04-18,9,0.068,0.106
2010-04-18,10,0.311,1.281
2010-04-18,11,0.077,0.679
2010-04-18,12,0.082,0.083
2010-04-18,13,0.378,2.143
2010-04-18,14,0.414,1.615
2010-04-18,15,0.405,0.627
2010-04-18,16,0.054,0.15
2010-04-18,17,0.086,0.262
2010-04-18,18,0.173,0.231
2010-04-18,19,0.205,0.958
2010-04-18,20,0.51,0.807
2010-04-18,21,0.398,0.418
2010-04-18,22,0.292,0.407
2010-04-18,23,0.076,0.248
2010-04-18,24,0.094,0.117
2010-04-19,1,0.093,0.116
2010-04-19,2,0.069,0.113
2010-04-19,3,0.074,0.112
2010-04-19,4,0.089,0.096
2010-04-19,5,0.07,0.115
2010-04-19,6,0.07,0.114
2010-04-19,7,0.114,0.187
2010-04-19,8,0.24,0.668
2010-04-19,9,0.071,0.079
2010-04-19,10,0.052,0.087
2010-04-19,11,0.044,0.086
2010-04-19,12,0.044,0.086
2010-04-19,13,0.045,0.086
2010-04-19,14,0.046,0.084
2010-04-19,15,0.059,0.072
2010-04-19,16,0.061,0.068
2010-04-19,17,0.379,0.937
2010-04-19,18,0.162,0.378
2010-04-19,19,0.2,0.235
2010-04-19,20,0.237,0.251
2010-04-19,21,0.209,0.235
2010-04-19,22,0.203,0.236
2010-04-19,23,0.972,1.18
2010-04-19,24,0.202,0.209
2010-04-20,1,0.078,0.113
2010-04-20,2,0.07,0.107
2010-04-20,3,0.069,0.108
2010-04-20,4,0.069,0.108
2010-04-20,5,0.068,0.108
2010-04-20,6,0.068,0.105
2010-04-20,7,0.068,0.216
2010-04-20,8,0.078,0.142
2010-04-20,9,0.04,0.077
2010-04-20,10,0.041,0.382
2010-04-20,11,0.105,0.143
2010-04-20,12,0.103,0.141
2010-04-20,13,0.105,0.143
2010-04-20,14,0.104,0.142
2010-04-20,15,0.103,0.142
2010-04-20,16,0.085,0.091
2010-04-20,17,0.044,0.087
2010-04-20,18,0.213,0.247
2010-04-20,19,0.332,0.421
2010-04-20,20,0.201,0.481
2010-04-20,21,0.236,0.316
2010-04-20,22,0.335,0.366
2010-04-20,23,0.169,0.268
2010-04-20,24,0.073,0.11
2010-04-21,1,0.072,0.113
2010-04-21,2,0.07,0.11
2010-04-21,3,0.07,0.109
2010-04-21,4,0.07,0.111
2010-04-21,5,0.069,0.095
2010-04-21,6,0.073,0.086
2010-04-21,7,0.109,0.153
2010-04-21,8,0.141,0.414
2010-04-21,9,0.044,0.082
2010-04-21,10,0.043,0.084
2010-04-21,11,0.061,0.067
2010-04-21,12,0.05,0.078
2010-04-21,13,0.044,0.082
2010-04-21,14,0.044,0.085
2010-04-21,15,0.045,0.083
2010-04-21,16,0.044,0.078
2010-04-21,17,0.054,0.228
2010-04-21,18,0.827,1.444
2010-04-21,19,0.21,0.254
2010-04-21,20,0.179,0.262
2010-04-21,21,0.281,0.554
2010-04-21,22,0.273,0.312
2010-04-21,23,0.16,0.309
2010-04-21,24,0.08,0.106
2010-04-22,1,0.088,0.097
2010-04-22,2,0.069,0.11
2010-04-22,3,0.07,0.108
2010-04-22,4,0.07,0.11
2010-04-22,5,0.07,0.097
2010-04-22,6,0.07,0.083
2010-04-22,7,0.111,0.158
2010-04-22,8,0.146,0.445
2010-04-22,9,0.044,0.083
2010-04-22,10,0.059,0.068
2010-04-22,11,0.044,0.085
2010-04-22,12,0.043,0.082
2010-04-22,13,0.044,0.075
2010-04-22,14,0.049,0.054
2010-04-22,15,0.045,0.079
2010-04-22,16,0.044,0.085
2010-04-22,17,0.083,0.319
2010-04-22,18,0.51,0.659
2010-04-22,19,0.151,0.152
2010-04-22,20,0.234,0.34
2010-04-22,21,0.197,0.246
2010-04-22,22,0.287,0.507
2010-04-22,23,0.274,0.551
2010-04-22,24,0.086,0.115
2010-04-23,1,0.073,0.112
2010-04-23,2,0.068,0.11
2010-04-23,3,0.07,0.097
2010-04-23,4,0.073,0.083
2010-04-23,5,0.07,0.107
2010-04-23,6,0.07,0.111
2010-04-23,7,0.067,0.11
2010-04-23,8,0.248,0.389
2010-04-23,9,0.049,0.078
2010-04-23,10,0.044,0.083
2010-04-23,11,0.044,0.084
2010-04-23,12,0.044,0.082
2010-04-23,13,0.044,0.063
2010-04-23,14,0.045,0.066
2010-04-23,15,0.045,0.083
2010-04-23,16,0.045,0.085
2010-04-23,17,0.085,0.089
2010-04-23,18,0.223,0.437
2010-04-23,19,0.184,1.007
2010-04-23,20,0.21,0.251
2010-04-23,21,0.189,0.545
2010-04-23,22,0.266,0.33
2010-04-23,23,0.264,0.472
2010-04-23,24,0.258,0.306
2010-04-24,1,0.074,0.222
2010-04-24,2,0.069,0.109
2010-04-24,3,0.069,0.108
2010-04-24,4,0.069,0.109
2010-04-24,5,0.07,0.109
2010-04-24,6,0.077,0.099
2010-04-24,7,0.092,0.184
2010-04-24,8,0.083,0.194
2010-04-24,9,0.05,0.068
2010-04-24,10,0.045,0.071
2010-04-24,11,0.169,0.871
2010-04-24,12,0.051,0.074
2010-04-24,13,0.047,0.078
2010-04-24,14,0.046,0.08
2010-04-24,15,0.044,0.083
2010-04-24,16,0.044,0.083
2010-04-24,17,0.082,0.166
2010-04-24,18,0.101,0.182
2010-04-24,19,0.191,0.452
2010-04-24,20,0.215,0.215
2010-04-24,21,0.258,0.715
2010-04-24,22,0.276,0.307
2010-04-24,23,0.294,0.318
2010-04-24,24,0.256,0.383
2010-04-25,1,0.229,0.303
2010-04-25,2,0.08,0.109
2010-04-25,3,0.092,0.099
2010-04-25,4,0.085,0.104
2010-04-25,5,0.07,0.108
2010-04-25,6,0.069,0.107
2010-04-25,7,0.069,0.199
2010-04-25,8,0.111,0.176
2010-04-25,9,0.045,0.078
2010-04-25,10,0.05,0.083
2010-04-25,11,0.21,0.458
2010-04-25,12,0.044,0.094
2010-04-25,13,0.043,0.081
2010-04-25,14,0.044,0.311
2010-04-25,15,0.047,0.082
2010-04-25,16,0.062,0.08
2010-04-25,17,0.318,0.343
2010-04-25,18,0.179,0.229
2010-04-25,19,0.606,0.697
2010-04-25,20,0.205,0.315
2010-04-25,21,0.215,0.751
2010-04-25,22,0.262,0.303
2010-04-25,23,0.098,0.198
2010-04-25,24,0.092,0.107
2010-04-26,1,0.076,0.108
2010-04-26,2,0.069,0.109
2010-04-26,3,0.068,0.108
2010-04-26,4,0.071,0.107
2010-04-26,5,0.086,0.091
2010-04-26,6,0.078,0.099
2010-04-26,7,0.108,0.158
2010-04-26,8,0.166,0.491
2010-04-26,9,0.044,0.081
2010-04-26,10,0.064,0.081
2010-04-26,11,0.062,0.082
2010-04-26,12,0.044,0.083
2010-04-26,13,0.044,0.081
2010-04-26,14,0.043,0.082
2010-04-26,15,0.045,0.083
2010-04-26,16,0.047,0.079
2010-04-26,17,0.066,1.021
2010-04-26,18,0.168,0.532
2010-04-26,19,0.21,0.388
2010-04-26,20,0.204,0.303
2010-04-26,21,0.261,0.306
2010-04-26,22,0.277,0.617
2010-04-26,23,0.151,0.486
2010-04-26,24,0.073,0.119
2010-04-27,1,0.091,0.11
2010-04-27,2,0.089,0.107
2010-04-27,3,0.069,0.109
2010-04-27,4,0.069,0.109
2010-04-27,5,0.069,0.108
2010-04-27,6,0.071,0.106
2010-04-27,7,0.085,0.178
2010-04-27,8,0.177,0.523
2010-04-27,9,0.043,0.081
2010-04-27,10,0.043,0.082
2010-04-27,11,0.055,0.082
2010-04-27,12,0.07,0.071
2010-04-27,13,0.055,0.084
2010-04-27,14,0.045,0.083
2010-04-27,15,0.045,0.084
2010-04-27,16,0.044,0.082
2010-04-27,17,0.057,0.369
2010-04-27,18,0.28,0.471
2010-04-27,19,0.285,0.428
2010-04-27,20,0.233,0.52
2010-04-27,21,0.206,0.253
2010-04-27,22,0.296,0.455
2010-04-27,23,0.083,0.153
2010-04-27,24,0.072,0.111
2010-04-28,1,0.085,0.112
2010-04-28,2,0.096,0.106
2010-04-28,3,0.074,0.11
2010-04-28,4,0.07,0.11
2010-04-28,5,0.07,0.107
2010-04-28,6,0.083,0.096
2010-04-28,7,0.099,0.169
2010-04-28,8,0.143,0.484
2010-04-28,9,0.046,0.082
2010-04-28,10,0.071,0.08
2010-04-28,11,0.053,0.08
2010-04-28,12,0.044,0.082
2010-04-28,13,0.044,0.083
2010-04-28,14,0.06,0.066
2010-04-28,15,0.044,0.082
2010-04-28,16,0.044,0.083
2010-04-28,17,0.326,1.479
2010-04-28,18,0.199,0.206
2010-04-28,19,0.296,0.517
2010-04-28,20,0.207,0.339
2010-04-28,21,0.199,0.231
2010-04-28,22,0.302,0.313
2010-04-28,23,0.116,0.218
2010-04-28,24,0.071,0.11
2010-04-29,1,0.082,0.1
2010-04-29,2,0.071,0.106
2010-04-29,3,0.069,0.108
2010-04-29,4,0.07,0.108
2010-04-29,5,0.095,0.107
2010-04-29,6,0.082,0.108
2010-04-29,7,0.069,0.195
2010-04-29,8,0.164,0.39
2010-04-29,9,0.051,0.074
2010-04-29,10,0.045,0.08
2010-04-29,11,0.05,0.083
2010-04-29,12,0.073,0.078
2010-04-29,13,0.052,0.083
2010-04-29,14,0.044,0.083
2010-04-29,15,0.044,0.08
2010-04-29,16,0.058,0.069
2010-04-29,17,0.11,0.285
2010-04-29,18,0.174,0.205
2010-04-29,19,0.2,0.224
2010-04-29,20,0.181,0.473
2010-04-29,21,0.172,0.238
2010-04-29,22,0.388,0.418
2010-04-29,23,0.276,0.307
2010-04-29,24,0.079,0.118
2010-04-30,1,0.104,0.105
2010-04-30,2,0.075,0.107
2010-04-30,3,0.068,0.108
2010-04-30,4,0.07,0.11
2010-04-30,5,0.085,0.093
2010-04-30,6,0.075,0.102
2010-04-30,7,0.107,0.155
2010-04-30,8,0.274,0.561
2010-04-30,9,0.073,0.079
2010-04-30,10,0.053,0.083
2010-04-30,11,0.044,0.082
2010-04-30,12,0.044,0.083
2010-04-30,13,0.051,0.077
2010-04-30,14,0.058,0.068
2010-04-30,15,0.045,0.083
2010-04-30,16,0.045,0.083
2010-04-30,17,0.082,0.167
2010-04-30,18,0.056,0.089
2010-04-30,19,0.073,0.169
2010-04-30,20,0.216,0.458
2010-04-30,21,0.725,1.407
2010-04-30,22,0.31,0.635
2010-04-30,23,0.761,2.157
2010-04-30,24,0.448,1.212
2010-05-01,1,0.108,0.334
2010-05-01,2,0.085,0.095
2010-05-01,3,0.07,0.108
2010-05-01,4,0.076,0.108
2010-05-01,5,0.101,0.101
2010-05-01,6,0.077,0.108
2010-05-01,7,0.069,0.2
2010-05-01,8,0.1,0.155
2010-05-01,9,0.054,0.069
2010-05-01,10,0.077,0.39
2010-05-01,11,0.122,0.224
2010-05-01,12,0.206,0.7
2010-05-01,13,0.107,0.213
2010-05-01,14,0.049,0.083
2010-05-01,15,0.044,0.083
2010-05-01,16,0.045,0.08
2010-05-01,17,0.053,0.192
2010-05-01,18,0.054,0.079
2010-05-01,19,0.497,0.728
2010-05-01,20,0.186,0.189
2010-05-01,21,0.204,0.314
2010-05-01,22,0.83,1.502
2010-05-01,23,0.254,0.325
2010-05-01,24,0.275,0.289
2010-05-02,1,0.318,0.703
2010-05-02,2,0.113,0.127
2010-05-02,3,0.08,0.098
2010-05-02,4,0.069,0.107
2010-05-02,5,0.069,0.108
2010-05-02,6,0.089,0.108
2010-05-02,7,0.088,0.197
2010-05-02,8,0.113,0.182
2010-05-02,9,0.069,0.09
2010-05-02,10,0.048,0.079
2010-05-02,11,0.471,0.86
2010-05-02,12,0.046,0.121
2010-05-02,13,0.044,0.083
2010-05-02,14,0.044,0.082
2010-05-02,15,0.053,0.082
2010-05-02,16,0.075,0.725
2010-05-02,17,0.545,0.702
2010-05-02,18,0.267,1.101
2010-05-02,19,0.249,0.268
2010-05-02,20,0.189,0.276
2010-05-02,21,0.209,0.523
2010-05-02,22,0.264,0.303
2010-05-02,23,0.282,0.336
2010-05-02,24,0.202,0.277
2010-05-03,1,0.074,0.109
2010-05-03,2,0.07,0.108
2010-05-03,3,0.07,0.11
2010-05-03,4,0.069,0.109
2010-05-03,5,0.07,0.11
2010-05-03,6,0.07,0.11
2010-05-03,7,0.07,0.202
2010-05-03,8,0.087,0.151
2010-05-03,9,0.041,0.087
2010-05-03,10,0.049,0.088
2010-05-03,11,0.22,0.257
2010-05-03,12,0.057,0.069
2010-05-03,13,0.061,0.067
2010-05-03,14,0.056,0.071
2010-05-03,15,0.049,0.077
2010-05-03,16,0.045,0.084
2010-05-03,17,0.083,0.164
2010-05-03,18,0.044,0.089
2010-05-03,19,0.291,1.224
2010-05-03,20,0.207,0.228
2010-05-03,21,0.305,0.662
2010-05-03,22,0.344,0.357
2010-05-03,23,0.118,0.252
2010-05-03,24,0.073,0.111
2010-05-04,1,0.072,0.111
2010-05-04,2,0.07,0.107
2010-05-04,3,0.077,0.103
2010-05-04,4,0.087,0.091
2010-05-04,5,0.086,0.095
2010-05-04,6,0.083,0.097
2010-05-04,7,0.1,0.17
2010-05-04,8,0.062,0.49
2010-05-04,9,0.044,0.084
2010-05-04,10,0.045,0.084
2010-05-04,11,0.045,0.084
2010-05-04,12,0.045,0.082
2010-05-04,13,0.052,0.082
2010-05-04,14,0.063,0.076
2010-05-04,15,0.066,0.071
2010-05-04,16,0.06,0.078
2010-05-04,17,0.155,0.388
2010-05-04,18,0.185,0.24
2010-05-04,19,0.234,0.755
2010-05-04,20,0.189,0.215
2010-05-04,21,0.232,0.299
2010-05-04,22,0.265,0.569
2010-05-04,23,0.302,0.324
2010-05-04,24,0.078,0.121
2010-05-05,1,0.074,0.11
2010-05-05,2,0.076,0.11
2010-05-05,3,0.085,0.103
2010-05-05,4,0.092,0.096
2010-05-05,5,0.088,0.099
2010-05-05,6,0.082,0.104
2010-05-05,7,0.076,0.199
2010-05-05,8,0.21,0.503
2010-05-05,9,0.045,0.083
2010-05-05,10,0.045,0.083
2010-05-05,11,0.045,0.084
2010-05-05,12,0.05,0.078
2010-05-05,13,0.062,0.068
2010-05-05,14,0.059,0.072
2010-05-05,15,0.046,0.082
2010-05-05,16,0.045,0.085
2010-05-05,17,0.098,1.414
2010-05-05,18,0.115,0.172
2010-05-05,19,0.155,0.524
2010-05-05,20,0.215,0.219
2010-05-05,21,0.217,0.405
2010-05-05,22,0.27,0.426
2010-05-05,23,0.08,0.136
2010-05-05,24,0.072,0.113
2010-05-06,1,0.072,0.11
2010-05-06,2,0.086,0.107
2010-05-06,3,0.09,0.105
2010-05-06,4,0.071,0.106
2010-05-06,5,0.068,0.108
2010-05-06,6,0.07,0.107
2010-05-06,7,0.075,0.195
2010-05-06,8,0.174,0.529
2010-05-06,9,0.045,0.082
2010-05-06,10,0.047,0.083
2010-05-06,11,0.068,0.081
2010-05-06,12,0.062,0.083
2010-05-06,13,0.045,0.084
2010-05-06,14,0.045,0.084
2010-05-06,15,0.084,0.188
2010-05-06,16,0.063,0.338
2010-05-06,17,0.085,0.233
2010-05-06,18,0.133,0.15
2010-05-06,19,0.205,0.358
2010-05-06,20,0.206,0.221
2010-05-06,21,0.382,0.389
2010-05-06,22,0.209,0.293
2010-05-06,23,0.119,0.349
2010-05-06,24,0.073,0.11
2010-05-07,1,0.073,0.112
2010-05-07,2,0.089,0.108
2010-05-07,3,0.089,0.108
2010-05-07,4,0.07,0.109
2010-05-07,5,0.071,0.11
2010-05-07,6,0.07,0.11
2010-05-07,7,0.07,0.204
2010-05-07,8,0.189,0.501
2010-05-07,9,0.044,0.082
2010-05-07,10,0.045,0.083
2010-05-07,11,0.045,0.083
2010-05-07,12,0.055,0.083
2010-05-07,13,0.069,0.076
2010-05-07,14,0.061,0.082
2010-05-07,15,0.044,0.085
2010-05-07,16,0.046,0.085
2010-05-07,17,0.046,0.211
2010-05-07,18,0.056,0.083
2010-05-07,19,0.055,0.074
2010-05-07,20,0.172,0.377
2010-05-07,21,0.235,0.358
2010-05-07,22,0.388,1.995
2010-05-07,23,0.345,0.607
2010-05-07,24,0.332,0.38
2010-05-08,1,0.169,0.208
2010-05-08,2,0.166,0.203
2010-05-08,3,0.172,0.198
2010-05-08,4,0.186,0.187
2010-05-08,5,0.176,0.196
2010-05-08,6,0.166,0.203
2010-05-08,7,0.155,0.159
2010-05-08,8,0.076,0.218
2010-05-08,9,0.056,0.106
2010-05-08,10,0.063,0.088
2010-05-08,11,0.108,0.266
2010-05-08,12,0.073,0.165
2010-05-08,13,0.083,0.179
2010-05-08,14,0.049,0.088
2010-05-08,15,0.116,0.281
2010-05-08,16,0.126,0.155
2010-05-08,17,0.088,0.275
2010-05-08,18,0.136,0.3
2010-05-08,19,0.152,0.298
2010-05-08,20,0.15,0.19
2010-05-08,21,0.227,0.308
2010-05-08,22,0.274,0.292
2010-05-08,23,0.268,0.299
2010-05-08,24,0.303,0.4
2010-05-09,1,0.217,0.27
2010-05-09,2,0.079,0.109
2010-05-09,3,0.085,0.095
2010-05-09,4,0.069,0.107
2010-05-09,5,0.076,0.107
2010-05-09,6,0.099,0.102
2010-05-09,7,0.076,0.199
2010-05-09,8,0.115,0.178
2010-05-09,9,0.07,0.112
2010-05-09,10,0.099,0.861
2010-05-09,11,1.396,2.204
2010-05-09,12,0.898,0.917
2010-05-09,13,1.249,2.374
2010-05-09,14,0.339,1.017
2010-05-09,15,0.07,0.306
2010-05-09,16,0.066,0.089
2010-05-09,17,0.05,0.24
2010-05-09,18,0.169,0.219
2010-05-09,19,0.781,1.164
2010-05-09,20,0.273,0.726
2010-05-09,21,0.369,0.377
2010-05-09,22,0.234,0.271
2010-05-09,23,0.093,0.288
2010-05-09,24,0.104,0.112
2010-05-10,1,0.072,0.111
2010-05-10,2,0.07,0.109
2010-05-10,3,0.089,0.091
2010-05-10,4,0.069,0.109
2010-05-10,5,0.07,0.108
2010-05-10,6,0.071,0.108
2010-05-10,7,0.11,0.172
2010-05-10,8,0.093,0.565
2010-05-10,9,0.045,0.082
2010-05-10,10,0.045,0.082
2010-05-10,11,0.056,0.074
2010-05-10,12,0.052,0.074
2010-05-10,13,0.045,0.084
2010-05-10,14,0.045,0.084
2010-05-10,15,0.046,0.084
2010-05-10,16,0.049,0.083
2010-05-10,17,0.262,0.344
2010-05-10,18,0.205,1.124
2010-05-10,19,0.179,0.334
2010-05-10,20,0.234,0.259
2010-05-10,21,0.245,0.274
2010-05-10,22,0.234,0.502
2010-05-10,23,0.247,0.315
2010-05-10,24,0.186,0.254
2010-05-11,1,0.098,0.111
2010-05-11,2,0.087,0.108
2010-05-11,3,0.071,0.109
2010-05-11,4,0.071,0.11
2010-05-11,5,0.071,0.111
2010-05-11,6,0.07,0.111
2010-05-11,7,0.07,0.202
2010-05-11,8,0.098,0.16
2010-05-11,9,0.045,0.079
2010-05-11,10,0.181,0.335
2010-05-11,11,0.045,0.085
2010-05-11,12,0.045,0.084
2010-05-11,13,0.045,0.083
2010-05-11,14,0.045,0.084
2010-05-11,15,0.085,0.218
2010-05-11,16,0.049,0.166
2010-05-11,17,0.28,0.391
2010-05-11,18,0.183,0.618
2010-05-11,19,0.202,0.288
2010-05-11,20,0.196,0.217
2010-05-11,21,0.215,0.554
2010-05-11,22,0.255,0.65
2010-05-11,23,0.083,0.299
2010-05-11,24,0.074,0.111
2010-05-12,1,0.079,0.108
2010-05-12,2,0.078,0.103
2010-05-12,3,0.077,0.102
2010-05-12,4,0.074,0.102
2010-05-12,5,0.069,0.105
2010-05-12,6,0.068,0.11
2010-05-12,7,0.107,0.158
2010-05-12,8,0.121,0.437
2010-05-12,9,0.044,0.083
2010-05-12,10,0.044,0.083
2010-05-12,11,0.045,0.083
2010-05-12,12,0.044,0.085
2010-05-12,13,0.045,0.083
2010-05-12,14,0.045,0.085
2010-05-12,15,0.045,0.084
2010-05-12,16,0.045,0.085
2010-05-12,17,0.085,0.498
2010-05-12,18,0.204,0.207
2010-05-12,19,0.236,0.706
2010-05-12,20,0.203,0.285
2010-05-12,21,0.172,0.208
2010-05-12,22,0.289,0.491
2010-05-12,23,0.277,0.299
2010-05-12,24,0.174,0.336
2010-05-13,1,0.073,0.116
2010-05-13,2,0.069,0.11
2010-05-13,3,0.07,0.108
2010-05-13,4,0.07,0.11
2010-05-13,5,0.069,0.11
2010-05-13,6,0.07,0.108
2010-05-13,7,0.11,0.156
2010-05-13,8,0.047,0.186
2010-05-13,9,0.04,0.078
2010-05-13,10,0.113,0.411
2010-05-13,11,0.044,0.135
2010-05-13,12,0.085,0.189
2010-05-13,13,0.045,0.083
2010-05-13,14,0.045,0.083
2010-05-13,15,0.045,0.084
2010-05-13,16,0.045,0.084
2010-05-13,17,0.158,0.288
2010-05-13,18,0.173,0.207
2010-05-13,19,0.174,0.208
2010-05-13,20,0.556,0.709
2010-05-13,21,0.311,0.391
2010-05-13,22,0.302,0.618
2010-05-13,23,0.116,0.221
2010-05-13,24,0.08,0.103
2010-05-14,1,0.092,0.093
2010-05-14,2,0.08,0.098
2010-05-14,3,0.073,0.106
2010-05-14,4,0.069,0.109
2010-05-14,5,0.07,0.111
2010-05-14,6,0.068,0.109
2010-05-14,7,0.108,0.157
2010-05-14,8,0.104,0.53
2010-05-14,9,0.045,0.083
2010-05-14,10,0.046,0.082
2010-05-14,11,0.055,0.085
2010-05-14,12,0.068,0.075
2010-05-14,13,0.062,0.08
2010-05-14,14,0.049,0.084
2010-05-14,15,0.045,0.083
2010-05-14,16,0.045,0.084
2010-05-14,17,0.045,0.402
2010-05-14,18,0.122,0.142
2010-05-14,19,0.137,0.142
2010-05-14,20,0.11,0.159
2010-05-14,21,0.194,0.441
2010-05-14,22,0.289,0.303
2010-05-14,23,0.301,0.46
2010-05-14,24,0.31,0.439
2010-05-15,1,0.114,0.23
2010-05-15,2,0.068,0.107
2010-05-15,3,0.068,0.109
2010-05-15,4,0.069,0.108
2010-05-15,5,0.074,0.102
2010-05-15,6,0.088,0.101
2010-05-15,7,0.094,0.177
2010-05-15,8,0.085,0.202
2010-05-15,9,0.069,0.113
2010-05-15,10,0.079,0.366
2010-05-15,11,0.101,0.2
2010-05-15,12,0.082,0.139
2010-05-15,13,0.066,0.086
2010-05-15,14,0.05,0.087
2010-05-15,15,0.043,0.081
2010-05-15,16,0.042,0.086
2010-05-15,17,0.098,0.226
2010-05-15,18,0.15,0.362
2010-05-15,19,0.205,0.373
2010-05-15,20,0.186,0.215
2010-05-15,21,0.216,0.225
2010-05-15,22,0.248,0.353
2010-05-15,23,0.283,0.353
2010-05-15,24,0.251,0.282
2010-05-16,1,0.086,0.132
2010-05-16,2,0.069,0.108
2010-05-16,3,0.073,0.108
2010-05-16,4,0.095,0.105
2010-05-16,5,0.082,0.107
2010-05-16,6,0.069,0.107
2010-05-16,7,0.068,0.198
2010-05-16,8,0.12,0.177
2010-05-16,9,0.087,0.088
2010-05-16,10,0.07,0.104
2010-05-16,11,0.344,0.931
2010-05-16,12,0.047,0.143
2010-05-16,13,0.073,0.326
2010-05-16,14,0.054,0.083
2010-05-16,15,0.045,0.084
2010-05-16,16,0.045,0.084
2010-05-16,17,0.052,0.303
2010-05-16,18,0.196,0.214
2010-05-16,19,0.305,1.658
2010-05-16,20,0.273,0.804
2010-05-16,21,0.2,0.214
2010-05-16,22,0.41,0.519
2010-05-16,23,0.335,0.349
2010-05-16,24,0.251,0.313
2010-05-17,1,0.074,0.118
2010-05-17,2,0.07,0.109
2010-05-17,3,0.075,0.108
2010-05-17,4,0.092,0.104
2010-05-17,5,0.087,0.104
2010-05-17,6,0.075,0.11
2010-05-17,7,0.069,0.199
2010-05-17,8,0.107,0.164
2010-05-17,9,0.04,0.083
2010-05-17,10,0.058,0.261
2010-05-17,11,0.046,0.14
2010-05-17,12,0.047,0.084
2010-05-17,13,0.082,0.556
2010-05-17,14,0.249,1.356
2010-05-17,15,0.1,0.14
2010-05-17,16,0.058,0.079
2010-05-17,17,0.079,0.448
2010-05-17,18,0.114,0.152
2010-05-17,19,0.129,0.149
2010-05-17,20,0.219,0.228
2010-05-17,21,0.178,0.222
2010-05-17,22,0.308,0.843
2010-05-17,23,0.285,0.316
2010-05-17,24,0.193,0.582
2010-05-18,1,0.089,0.111
2010-05-18,2,0.089,0.107
2010-05-18,3,0.069,0.107
2010-05-18,4,0.067,0.108
2010-05-18,5,0.085,0.091
2010-05-18,6,0.071,0.106
2010-05-18,7,0.108,0.158
2010-05-18,8,0.081,0.205
2010-05-18,9,0.085,0.115
2010-05-18,10,0.063,0.116
2010-05-18,11,0.11,0.391
2010-05-18,12,0.045,0.082
2010-05-18,13,0.063,0.065
2010-05-18,14,0.044,0.083
2010-05-18,15,0.045,0.08
2010-05-18,16,0.101,0.142
2010-05-18,17,0.173,0.322
2010-05-18,18,0.169,0.259
2010-05-18,19,0.257,0.628
2010-05-18,20,0.197,0.225
2010-05-18,21,0.263,0.486
2010-05-18,22,0.325,0.486
2010-05-18,23,0.182,0.277
2010-05-18,24,0.073,0.111
2010-05-19,1,0.084,0.098
2010-05-19,2,0.068,0.107
2010-05-19,3,0.07,0.109
2010-05-19,4,0.08,0.109
2010-05-19,5,0.099,0.1
2010-05-19,6,0.079,0.109
2010-05-19,7,0.069,0.198
2010-05-19,8,0.298,0.494
2010-05-19,9,0.063,0.064
2010-05-19,10,0.044,0.084
2010-05-19,11,0.044,0.083
2010-05-19,12,0.056,0.083
2010-05-19,13,0.07,0.081
2010-05-19,14,0.047,0.083
2010-05-19,15,0.044,0.084
2010-05-19,16,0.052,0.077
2010-05-19,17,0.552,0.929
2010-05-19,18,0.17,0.185
2010-05-19,19,0.191,0.212
2010-05-19,20,0.204,0.436
2010-05-19,21,0.22,0.228
2010-05-19,22,0.276,0.495
2010-05-19,23,0.301,0.397
2010-05-19,24,0.087,0.112
2010-05-20,1,0.079,0.104
2010-05-20,2,0.07,0.11
2010-05-20,3,0.068,0.108
2010-05-20,4,0.096,0.106
2010-05-20,5,0.08,0.108
2010-05-20,6,0.068,0.107
2010-05-20,7,0.075,0.101
2010-05-20,8,0.247,0.476
2010-05-20,9,0.049,0.082
2010-05-20,10,0.08,0.081
2010-05-20,11,0.048,0.085
2010-05-20,12,0.044,0.084
2010-05-20,13,0.058,0.071
2010-05-20,14,0.045,0.084
2010-05-20,15,0.06,0.084
2010-05-20,16,0.068,0.084
2010-05-20,17,0.045,0.334
2010-05-20,18,0.173,0.206
2010-05-20,19,0.369,0.502
2010-05-20,20,0.138,0.302
2010-05-20,21,0.255,0.284
2010-05-20,22,0.295,0.495
2010-05-20,23,0.224,0.249
2010-05-20,24,0.123,0.137
2010-05-21,1,0.074,0.11
2010-05-21,2,0.07,0.109
2010-05-21,3,0.077,0.109
2010-05-21,4,0.102,0.109
2010-05-21,5,0.069,0.109
2010-05-21,6,0.08,0.098
2010-05-21,7,0.069,0.109
2010-05-21,8,0.302,0.491
2010-05-21,9,0.074,0.084
2010-05-21,10,0.045,0.084
2010-05-21,11,0.053,0.077
2010-05-21,12,0.045,0.084
2010-05-21,13,0.051,0.084
2010-05-21,14,0.078,0.083
2010-05-21,15,0.044,0.083
2010-05-21,16,0.053,0.074
2010-05-21,17,0.084,0.169
2010-05-21,18,0.06,0.09
2010-05-21,19,0.069,0.116
2010-05-21,20,0.108,0.148
2010-05-21,21,0.762,1.062
2010-05-21,22,0.408,0.605
2010-05-21,23,0.401,0.429
2010-05-21,24,0.214,0.282
2010-05-22,1,0.097,0.109
2010-05-22,2,0.073,0.101
2010-05-22,3,0.067,0.107
2010-05-22,4,0.102,0.108
2010-05-22,5,0.075,0.108
2010-05-22,6,0.077,0.1
2010-05-22,7,0.069,0.108
2010-05-22,8,0.146,0.162
2010-05-22,9,0.072,0.079
2010-05-22,10,0.041,0.08
2010-05-22,11,0.633,0.651
2010-05-22,12,0.252,0.576
2010-05-22,13,0.214,0.826
2010-05-22,14,0.064,0.166
2010-05-22,15,0.059,0.085
2010-05-22,16,0.072,0.093
2010-05-22,17,0.129,0.261
2010-05-22,18,0.084,0.118
2010-05-22,19,0.07,0.086
2010-05-22,20,0.063,0.067
2010-05-22,21,0.049,0.086
2010-05-22,22,0.536,1.401
2010-05-22,23,0.275,0.306
2010-05-22,24,0.295,0.339
2010-05-23,1,0.111,0.118
2010-05-23,2,0.09,0.093
2010-05-23,3,0.07,0.11
2010-05-23,4,0.103,0.11
2010-05-23,5,0.074,0.109
2010-05-23,6,0.069,0.108
2010-05-23,7,0.053,0.099
2010-05-23,8,0.12,0.132
2010-05-23,9,0.058,0.08
2010-05-23,10,0.37,1.735
2010-05-23,11,0.304,0.379
2010-05-23,12,0.074,0.081
2010-05-23,13,1.061,1.565
2010-05-23,14,0.121,1.026
2010-05-23,15,0.361,0.396
2010-05-23,16,0.083,0.096
2010-05-23,17,0.101,0.139
2010-05-23,18,0.148,0.149
2010-05-23,19,0.124,0.137
2010-05-23,20,0.367,0.374
2010-05-23,21,0.195,0.698
2010-05-23,22,0.208,0.292
2010-05-23,23,0.23,0.273
2010-05-23,24,0.11,0.199
2010-05-24,1,0.087,0.096
2010-05-24,2,0.109,0.11
2010-05-24,3,0.069,0.11
2010-05-24,4,0.076,0.11
2010-05-24,5,0.104,0.109
2010-05-24,6,0.08,0.098
2010-05-24,7,0.071,0.11
2010-05-24,8,0.069,0.08
2010-05-24,9,0.052,0.082
2010-05-24,10,0.04,0.081
2010-05-24,11,0.147,0.329
2010-05-24,12,0.064,0.114
2010-05-24,13,0.067,0.084
2010-05-24,14,0.242,0.271
2010-05-24,15,0.055,0.243
2010-05-24,16,0.074,0.084
2010-05-24,17,0.138,0.268
2010-05-24,18,0.116,0.143
2010-05-24,19,0.15,0.16
2010-05-24,20,0.201,0.346
2010-05-24,21,0.168,0.196
2010-05-24,22,0.204,0.419
2010-05-24,23,0.239,0.668
2010-05-24,24,0.174,0.273
2010-05-25,1,0.102,0.114
2010-05-25,2,0.078,0.1
2010-05-25,3,0.071,0.11
2010-05-25,4,0.107,0.109
2010-05-25,5,0.066,0.108
2010-05-25,6,0.075,0.101
2010-05-25,7,0.078,0.107
2010-05-25,8,0.092,0.097
2010-05-25,9,0.043,0.081
2010-05-25,10,0.072,0.197
2010-05-25,11,0.068,0.084
2010-05-25,12,0.06,0.084
2010-05-25,13,0.049,0.08
2010-05-25,14,0.085,0.137
2010-05-25,15,0.078,0.083
2010-05-25,16,0.051,0.082
2010-05-25,17,0.056,0.072
2010-05-25,18,0.044,0.083
2010-05-25,19,0.084,0.638
2010-05-25,20,0.116,0.142
2010-05-25,21,0.126,0.167
2010-05-25,22,0.248,0.495
2010-05-25,23,0.231,0.248
2010-05-25,24,0.219,0.284
2010-05-26,1,0.086,0.097
2010-05-26,2,0.067,0.111
2010-05-26,3,0.091,0.108
2010-05-26,4,0.084,0.108
2010-05-26,5,0.068,0.108
2010-05-26,6,0.086,0.09
2010-05-26,7,0.068,0.116
2010-05-26,8,0.076,0.107
2010-05-26,9,0.097,0.105
2010-05-26,10,0.069,0.251
2010-05-26,11,0.079,0.217
2010-05-26,12,0.044,0.083
2010-05-26,13,0.049,0.084
2010-05-26,14,0.077,0.083
2010-05-26,15,0.044,0.084
2010-05-26,16,0.059,0.292
2010-05-26,17,0.045,0.08
2010-05-26,18,0.065,0.084
2010-05-26,19,0.126,0.15
2010-05-26,20,0.145,0.34
2010-05-26,21,0.148,0.155
2010-05-26,22,0.211,0.362
2010-05-26,23,0.374,0.44
2010-05-26,24,0.352,0.39
2010-05-27,1,0.113,0.207
2010-05-27,2,0.079,0.168
2010-05-27,3,0.072,0.112
2010-05-27,4,0.087,0.111
2010-05-27,5,0.092,0.109
2010-05-27,6,0.07,0.109
2010-05-27,7,0.069,0.106
2010-05-27,8,0.069,0.072
2010-05-27,9,0.056,0.08
2010-05-27,10,0.305,0.782
2010-05-27,11,0.059,0.29
2010-05-27,12,0.069,0.084
2010-05-27,13,0.043,0.083
2010-05-27,14,0.045,0.084
2010-05-27,15,0.054,0.287
2010-05-27,16,0.138,0.166
2010-05-27,17,0.212,0.402
2010-05-27,18,0.202,0.226
2010-05-27,19,0.25,0.25
2010-05-27,20,0.208,0.511
2010-05-27,21,0.146,0.192
2010-05-27,22,0.178,0.485
2010-05-27,23,0.185,0.259
2010-05-27,24,0.075,0.117
2010-05-28,1,0.097,0.108
2010-05-28,2,0.084,0.109
2010-05-28,3,0.069,0.109
2010-05-28,4,0.07,0.111
2010-05-28,5,0.07,0.11
2010-05-28,6,0.079,0.099
2010-05-28,7,0.083,0.095
2010-05-28,8,0.168,0.313
2010-05-28,9,0.044,0.082
2010-05-28,10,0.044,0.083
2010-05-28,11,0.06,0.084
2010-05-28,12,0.068,0.079
2010-05-28,13,0.051,0.085
2010-05-28,14,0.045,0.085
2010-05-28,15,0.045,0.084
2010-05-28,16,0.05,0.079
2010-05-28,17,0.07,0.43
2010-05-28,18,0.173,0.188
2010-05-28,19,0.197,0.229
2010-05-28,20,0.188,0.204
2010-05-28,21,0.175,0.449
2010-05-28,22,0.268,0.436
2010-05-28,23,0.256,0.262
2010-05-28,24,0.304,0.523
2010-05-29,1,0.178,0.321
2010-05-29,2,0.075,0.111
2010-05-29,3,0.069,0.108
2010-05-29,4,0.087,0.089
2010-05-29,5,0.07,0.11
2010-05-29,6,0.07,0.109
2010-05-29,7,0.072,0.109
2010-05-29,8,0.147,0.194
2010-05-29,9,0.096,0.107
2010-05-29,10,0.067,0.517
2010-05-29,11,0.2,1.041
2010-05-29,12,0.74,1.236
2010-05-29,13,0.21,0.236
2010-05-29,14,0.076,0.083
2010-05-29,15,0.045,0.083
2010-05-29,16,0.059,0.259
2010-05-29,17,0.206,0.302
2010-05-29,18,0.18,0.214
2010-05-29,19,0.219,0.605
2010-05-29,20,0.212,0.386
2010-05-29,21,0.207,0.24
2010-05-29,22,0.209,0.241
2010-05-29,23,0.145,0.21
2010-05-29,24,0.223,0.328
2010-05-30,1,0.114,0.231
2010-05-30,2,0.072,0.111
2010-05-30,3,0.078,0.1
2010-05-30,4,0.078,0.102
2010-05-30,5,0.07,0.109
2010-05-30,6,0.07,0.109
2010-05-30,7,0.069,0.109
2010-05-30,8,0.148,0.158
2010-05-30,9,0.075,0.077
2010-05-30,10,0.065,0.8
2010-05-30,11,0.964,1.035
2010-05-30,12,0.075,0.081
2010-05-30,13,0.061,0.066
2010-05-30,14,0.044,0.081
2010-05-30,15,0.045,0.084
2010-05-30,16,0.049,0.085
2010-05-30,17,0.085,0.338
2010-05-30,18,0.047,0.082
2010-05-30,19,0.042,0.132
2010-05-30,20,0.195,0.399
2010-05-30,21,0.216,0.31
2010-05-30,22,0.203,0.223
2010-05-30,23,0.334,0.339
2010-05-30,24,0.115,0.289
2010-05-31,1,0.071,0.11
2010-05-31,2,0.086,0.095
2010-05-31,3,0.07,0.108
2010-05-31,4,0.07,0.11
2010-05-31,5,0.07,0.11
2010-05-31,6,0.08,0.11
2010-05-31,7,0.067,0.092
2010-05-31,8,0.093,0.178
2010-05-31,9,0.04,0.078
2010-05-31,10,0.048,0.319
2010-05-31,11,0.101,0.298
2010-05-31,12,0.159,0.186
2010-05-31,13,0.045,0.084
2010-05-31,14,0.045,0.084
2010-05-31,15,0.079,0.084
2010-05-31,16,0.083,0.219
2010-05-31,17,0.046,0.209
2010-05-31,18,0.129,0.232
2010-05-31,19,0.17,0.209
2010-05-31,20,0.212,0.435
2010-05-31,21,0.244,0.495
2010-05-31,22,0.252,0.405
2010-05-31,23,0.303,0.486
2010-05-31,24,0.141,0.245
2010-06-01,1,0.164,0.166
2010-06-01,2,0.134,0.168
2010-06-01,3,0.129,0.168
2010-06-01,4,0.138,0.159
2010-06-01,5,0.135,0.161
2010-06-01,6,0.129,0.169
2010-06-01,7,0.169,0.309
2010-06-01,8,0.189,0.322
2010-06-01,9,0.093,0.112
2010-06-01,10,0.072,0.113
2010-06-01,11,0.073,0.113
2010-06-01,12,0.083,0.103
2010-06-01,13,0.082,0.104
2010-06-01,14,0.073,0.113
2010-06-01,15,0.073,0.113
2010-06-01,16,0.092,0.113
2010-06-01,17,0.092,0.236
2010-06-01,18,0.079,0.146
2010-06-01,19,0.132,0.171
2010-06-01,20,0.151,0.151
2010-06-01,21,0.132,0.171
2010-06-01,22,0.13,0.171
2010-06-01,23,0.157,0.171
2010-06-01,24,0.145,0.173
2010-06-02,1,0.115,0.124
2010-06-02,2,0.075,0.113
2010-06-02,3,0.09,0.099
2010-06-02,4,0.135,0.146
2010-06-02,5,0.134,0.174
2010-06-02,6,0.09,0.146
2010-06-02,7,0.097,0.11
2010-06-02,8,0.115,0.208
2010-06-02,9,0.073,0.11
2010-06-02,10,0.076,0.11
2010-06-02,11,0.086,0.1
2010-06-02,12,0.072,0.112
2010-06-02,13,0.073,0.112
2010-06-02,14,0.095,0.113
2010-06-02,15,0.092,0.113
2010-06-02,16,0.075,0.114
2010-06-02,17,0.074,0.237
2010-06-02,18,0.098,0.127
2010-06-02,19,0.132,0.171
2010-06-02,20,0.134,0.17
2010-06-02,21,0.167,0.168
2010-06-02,22,0.139,0.169
2010-06-02,23,0.129,0.17
2010-06-02,24,0.152,0.152
2010-06-03,1,0.074,0.163
2010-06-03,2,0.081,0.115
2010-06-03,3,0.107,0.111
2010-06-03,4,0.108,0.168
2010-06-03,5,0.127,0.167
2010-06-03,6,0.09,0.123
2010-06-03,7,0.07,0.11
2010-06-03,8,0.15,0.164
2010-06-03,9,0.102,0.109
2010-06-03,10,0.077,0.11
2010-06-03,11,0.07,0.109
2010-06-03,12,0.085,0.094
2010-06-03,13,0.07,0.109
2010-06-03,14,0.072,0.11
2010-06-03,15,0.105,0.109
2010-06-03,16,0.074,0.109
2010-06-03,17,0.071,0.225
2010-06-03,18,0.101,0.116
2010-06-03,19,0.142,0.166
2010-06-03,20,0.15,0.166
2010-06-03,21,0.129,0.168
2010-06-03,22,0.139,0.153
2010-06-03,23,0.126,0.165
2010-06-03,24,0.166,0.17
2010-06-04,1,0.111,0.121
2010-06-04,2,0.083,0.1
2010-06-04,3,0.072,0.112
2010-06-04,4,0.131,0.146
2010-06-04,5,0.165,0.172
2010-06-04,6,0.111,0.111
2010-06-04,7,0.07,0.109
2010-06-04,8,0.144,0.163
2010-06-04,9,0.069,0.108
2010-06-04,10,0.108,0.108
2010-06-04,11,0.071,0.11
2010-06-04,12,0.08,0.101
2010-06-04,13,0.071,0.11
2010-06-04,14,0.091,0.11
2010-06-04,15,0.089,0.109
2010-06-04,16,0.07,0.109
2010-06-04,17,0.107,0.189
2010-06-04,18,0.116,0.118
2010-06-04,19,0.148,0.166
2010-06-04,20,0.128,0.167
2010-06-04,21,0.128,0.168
2010-06-04,22,0.152,0.167
2010-06-04,23,0.14,0.167
2010-06-04,24,0.134,0.162
2010-06-05,1,0.071,0.161
2010-06-05,2,0.1,0.111
2010-06-05,3,0.081,0.11
2010-06-05,4,0.109,0.161
2010-06-05,5,0.129,0.169
2010-06-05,6,0.098,0.146
2010-06-05,7,0.084,0.11
2010-06-05,8,0.112,0.195
2010-06-05,9,0.069,0.11
2010-06-05,10,0.097,0.111
2010-06-05,11,0.084,0.11
2010-06-05,12,0.077,0.104
2010-06-05,13,0.071,0.111
2010-06-05,14,0.105,0.11
2010-06-05,15,0.073,0.111
2010-06-05,16,0.091,0.091
2010-06-05,17,0.11,0.189
2010-06-05,18,0.114,0.138
2010-06-05,19,0.127,0.168
2010-06-05,20,0.128,0.169
2010-06-05,21,0.165,0.168
2010-06-05,22,0.133,0.168
2010-06-05,23,0.143,0.153
2010-06-05,24,0.141,0.168
2010-06-06,1,0.11,0.148
2010-06-06,2,0.07,0.112
2010-06-06,3,0.072,0.112
2010-06-06,4,0.133,0.162
2010-06-06,5,0.149,0.172
2010-06-06,6,0.111,0.129
2010-06-06,7,0.071,0.111
2010-06-06,8,0.15,0.158
2010-06-06,9,0.093,0.11
2010-06-06,10,0.085,0.109
2010-06-06,11,0.081,0.098
2010-06-06,12,0.069,0.107
2010-06-06,13,0.109,0.109
2010-06-06,14,0.069,0.11
2010-06-06,15,0.088,0.092
2010-06-06,16,0.075,0.111
2010-06-06,17,0.105,0.229
2010-06-06,18,0.077,0.138
2010-06-06,19,0.142,0.161
2010-06-06,20,0.144,0.168
2010-06-06,21,0.153,0.168
2010-06-06,22,0.129,0.168
2010-06-06,23,0.126,0.165
2010-06-06,24,0.151,0.166
2010-06-07,1,0.11,0.137
2010-06-07,2,0.08,0.103
2010-06-07,3,0.072,0.112
2010-06-07,4,0.135,0.158
2010-06-07,5,0.141,0.171
2010-06-07,6,0.109,0.11
2010-06-07,7,0.073,0.108
2010-06-07,8,0.15,0.171
2010-06-07,9,0.099,0.109
2010-06-07,10,0.07,0.107
2010-06-07,11,0.083,0.094
2010-06-07,12,0.069,0.109
2010-06-07,13,0.107,0.108
2010-06-07,14,0.069,0.11
2010-06-07,15,0.082,0.096
2010-06-07,16,0.07,0.109
2010-06-07,17,0.11,0.218
2010-06-07,18,0.085,0.144
2010-06-07,19,0.13,0.165
2010-06-07,20,0.141,0.15
2010-06-07,21,0.126,0.166
2010-06-07,22,0.16,0.166
2010-06-07,23,0.134,0.167
2010-06-07,24,0.13,0.166
2010-06-08,1,0.072,0.165
2010-06-08,2,0.079,0.111
2010-06-08,3,0.103,0.112
2010-06-08,4,0.098,0.171
2010-06-08,5,0.134,0.163
2010-06-08,6,0.073,0.15
2010-06-08,7,0.07,0.111
2010-06-08,8,0.15,0.193
2010-06-08,9,0.077,0.107
2010-06-08,10,0.069,0.109
2010-06-08,11,0.079,0.099
2010-06-08,12,0.069,0.109
2010-06-08,13,0.092,0.109
2010-06-08,14,0.085,0.109
2010-06-08,15,0.07,0.109
2010-06-08,16,0.083,0.095
2010-06-08,17,0.108,0.195
2010-06-08,18,0.099,0.111
2010-06-08,19,0.162,0.162
2010-06-08,20,0.129,0.166
2010-06-08,21,0.127,0.168
2010-06-08,22,0.141,0.156
2010-06-08,23,0.129,0.168
2010-06-08,24,0.144,0.167
2010-06-09,1,0.11,0.152
2010-06-09,2,0.071,0.111
2010-06-09,3,0.071,0.112
2010-06-09,4,0.126,0.143
2010-06-09,5,0.128,0.17
2010-06-09,6,0.076,0.15
2010-06-09,7,0.101,0.106
2010-06-09,8,0.118,0.203
2010-06-09,9,0.069,0.108
2010-06-09,10,0.078,0.1
2010-06-09,11,0.073,0.106
2010-06-09,12,0.07,0.11
2010-06-09,13,0.088,0.11
2010-06-09,14,0.09,0.11
2010-06-09,15,0.07,0.11
2010-06-09,16,0.07,0.108
2010-06-09,17,0.096,0.209
2010-06-09,18,0.095,0.112
2010-06-09,19,0.132,0.165
2010-06-09,20,0.161,0.164
2010-06-09,21,0.136,0.169
2010-06-09,22,0.128,0.164
2010-06-09,23,0.137,0.157
2010-06-09,24,0.132,0.161
2010-06-10,1,0.071,0.166
2010-06-10,2,0.079,0.111
2010-06-10,3,0.102,0.103
2010-06-10,4,0.104,0.172
2010-06-10,5,0.131,0.17
2010-06-10,6,0.108,0.111
2010-06-10,7,0.086,0.094
2010-06-10,8,0.146,0.17
2010-06-10,9,0.067,0.108
2010-06-10,10,0.07,0.108
2010-06-10,11,0.091,0.108
2010-06-10,12,0.088,0.109
2010-06-10,13,0.069,0.11
2010-06-10,14,0.071,0.111
2010-06-10,15,0.07,0.11
2010-06-10,16,0.088,0.093
2010-06-10,17,0.108,0.197
2010-06-10,18,0.096,0.113
2010-06-10,19,0.134,0.167
2010-06-10,20,0.16,0.162
2010-06-10,21,0.141,0.187
2010-06-10,22,0.129,0.167
2010-06-10,23,0.142,0.153
2010-06-10,24,0.129,0.167
2010-06-11,1,0.071,0.165
2010-06-11,2,0.078,0.11
2010-06-11,3,0.098,0.105
2010-06-11,4,0.101,0.168
2010-06-11,5,0.128,0.168
2010-06-11,6,0.109,0.111
2010-06-11,7,0.089,0.09
2010-06-11,8,0.148,0.164
2010-06-11,9,0.069,0.109
2010-06-11,10,0.069,0.109
2010-06-11,11,0.09,0.11
2010-06-11,12,0.09,0.109
2010-06-11,13,0.07,0.11
2010-06-11,14,0.071,0.111
2010-06-11,15,0.076,0.106
2010-06-11,16,0.081,0.099
2010-06-11,17,0.11,0.194
2010-06-11,18,0.098,0.116
2010-06-11,19,0.152,0.167
2010-06-11,20,0.139,0.169
2010-06-11,21,0.128,0.168
2010-06-11,22,0.136,0.161
2010-06-11,23,0.131,0.164
2010-06-11,24,0.129,0.168
2010-06-12,1,0.09,0.164
2010-06-12,2,0.093,0.112
2010-06-12,3,0.071,0.109
2010-06-12,4,0.097,0.17
2010-06-12,5,0.148,0.151
2010-06-12,6,0.07,0.15
2010-06-12,7,0.071,0.112
2010-06-12,8,0.151,0.185
2010-06-12,9,0.084,0.107
2010-06-12,10,0.069,0.11
2010-06-12,11,0.079,0.098
2010-06-12,12,0.071,0.106
2010-06-12,13,0.07,0.11
2010-06-12,14,0.094,0.11
2010-06-12,15,0.086,0.109
2010-06-12,16,0.071,0.109
2010-06-12,17,0.087,0.215
2010-06-12,18,0.097,0.115
2010-06-12,19,0.141,0.169
2010-06-12,20,0.155,0.168
2010-06-12,21,0.127,0.167
2010-06-12,22,0.139,0.154
2010-06-12,23,0.126,0.166
2010-06-12,24,0.14,0.168
2010-06-13,1,0.111,0.155
2010-06-13,2,0.07,0.11
2010-06-13,3,0.076,0.106
2010-06-13,4,0.132,0.134
2010-06-13,5,0.131,0.169
2010-06-13,6,0.106,0.15
2010-06-13,7,0.078,0.111
2010-06-13,8,0.114,0.203
2010-06-13,9,0.086,0.092
2010-06-13,10,0.069,0.108
2010-06-13,11,0.083,0.109
2010-06-13,12,0.096,0.108
2010-06-13,13,0.07,0.111
2010-06-13,14,0.078,0.103
2010-06-13,15,0.071,0.111
2010-06-13,16,0.072,0.111
2010-06-13,17,0.107,0.229
2010-06-13,18,0.078,0.136
2010-06-13,19,0.131,0.167
2010-06-13,20,0.131,0.161
2010-06-13,21,0.128,0.166
2010-06-13,22,0.162,0.165
2010-06-13,23,0.131,0.166
2010-06-13,24,0.128,0.166
2010-06-14,1,0.075,0.158
2010-06-14,2,0.07,0.112
2010-06-14,3,0.091,0.109
2010-06-14,4,0.112,0.167
2010-06-14,5,0.127,0.168
2010-06-14,6,0.108,0.111
2010-06-14,7,0.081,0.097
2010-06-14,8,0.151,0.162
2010-06-14,9,0.074,0.108
2010-06-14,10,0.102,0.105
2010-06-14,11,0.077,0.109
2010-06-14,12,0.07,0.109
2010-06-14,13,0.082,0.099
2010-06-14,14,0.074,0.106
2010-06-14,15,0.071,0.107
2010-06-14,16,0.085,0.11
2010-06-14,17,0.093,0.23
2010-06-14,18,0.075,0.132
2010-06-14,19,0.136,0.157
2010-06-14,20,0.127,0.167
2010-06-14,21,0.133,0.167
2010-06-14,22,0.163,0.165
2010-06-14,23,0.128,0.165
2010-06-14,24,0.128,0.168
2010-06-15,1,0.14,0.16
2010-06-15,2,0.13,0.168
2010-06-15,3,0.149,0.17
2010-06-15,4,0.153,0.169
2010-06-15,5,0.131,0.17
2010-06-15,6,0.101,0.11
2010-06-15,7,0.082,0.099
2010-06-15,8,0.152,0.162
2010-06-15,9,0.071,0.108
2010-06-15,10,0.099,0.108
2010-06-15,11,0.08,0.109
2010-06-15,12,0.07,0.107
2010-06-15,13,0.086,0.093
2010-06-15,14,0.079,0.116
2010-06-15,15,0.099,0.11
2010-06-15,16,0.081,0.109
2010-06-15,17,0.069,0.229
2010-06-15,18,0.101,0.106
2010-06-15,19,0.128,0.164
2010-06-15,20,0.166,0.168
2010-06-15,21,0.128,0.168
2010-06-15,22,0.141,0.154
2010-06-15,23,0.127,0.167
2010-06-15,24,0.147,0.166
2010-06-16,1,0.111,0.144
2010-06-16,2,0.071,0.111
2010-06-16,3,0.087,0.094
2010-06-16,4,0.128,0.136
2010-06-16,5,0.15,0.168
2010-06-16,6,0.11,0.115
2010-06-16,7,0.071,0.11
2010-06-16,8,0.127,0.183
2010-06-16,9,0.069,0.107
2010-06-16,10,0.084,0.109
2010-06-16,11,0.094,0.109
2010-06-16,12,0.068,0.109
2010-06-16,13,0.09,0.09
2010-06-16,14,0.071,0.11
2010-06-16,15,0.098,0.111
2010-06-16,16,0.082,0.112
2010-06-16,17,0.07,0.228
2010-06-16,18,0.094,0.119
2010-06-16,19,0.146,0.168
2010-06-16,20,0.148,0.168
2010-06-16,21,0.126,0.165
2010-06-16,22,0.128,0.164
2010-06-16,23,0.144,0.165
2010-06-16,24,0.151,0.167
2010-06-17,1,0.112,0.126
2010-06-17,2,0.074,0.109
2010-06-17,3,0.086,0.112
2010-06-17,4,0.124,0.17
2010-06-17,5,0.129,0.167
2010-06-17,6,0.075,0.13
2010-06-17,7,0.081,0.109
2010-06-17,8,0.138,0.195
2010-06-17,9,0.069,0.107
2010-06-17,10,0.076,0.102
2010-06-17,11,0.084,0.11
2010-06-17,12,0.096,0.11
2010-06-17,13,0.07,0.11
2010-06-17,14,0.077,0.103
2010-06-17,15,0.081,0.11
2010-06-17,16,0.098,0.109
2010-06-17,17,0.07,0.226
2010-06-17,18,0.099,0.112
2010-06-17,19,0.143,0.166
2010-06-17,20,0.153,0.17
2010-06-17,21,0.128,0.168
2010-06-17,22,0.137,0.193
2010-06-17,23,0.159,0.172
2010-06-17,24,0.144,0.171
2010-06-18,1,0.1,0.139
2010-06-18,2,0.071,0.111
2010-06-18,3,0.11,0.111
2010-06-18,4,0.098,0.169
2010-06-18,5,0.14,0.157
2010-06-18,6,0.075,0.138
2010-06-18,7,0.103,0.109
2010-06-18,8,0.111,0.195
2010-06-18,9,0.079,0.097
2010-06-18,10,0.083,0.108
2010-06-18,11,0.093,0.108
2010-06-18,12,0.07,0.11
2010-06-18,13,0.07,0.11
2010-06-18,14,0.094,0.11
2010-06-18,15,0.087,0.11
2010-06-18,16,0.076,0.104
2010-06-18,17,0.11,0.185
2010-06-18,18,0.117,0.126
2010-06-18,19,0.133,0.167
2010-06-18,20,0.148,0.148
2010-06-18,21,0.135,0.17
2010-06-18,22,0.162,0.167
2010-06-18,23,0.127,0.167
2010-06-18,24,0.128,0.166
2010-06-19,1,0.097,0.163
2010-06-19,2,0.083,0.111
2010-06-19,3,0.085,0.097
2010-06-19,4,0.13,0.138
2010-06-19,5,0.169,0.169
2010-06-19,6,0.099,0.111
2010-06-19,7,0.087,0.092
2010-06-19,8,0.152,0.161
2010-06-19,9,0.107,0.107
2010-06-19,10,0.07,0.109
2010-06-19,11,0.089,0.09
2010-06-19,12,0.07,0.109
2010-06-19,13,0.109,0.11
2010-06-19,14,0.071,0.109
2010-06-19,15,0.087,0.093
2010-06-19,16,0.077,0.11
2010-06-19,17,0.102,0.23
2010-06-19,18,0.077,0.132
2010-06-19,19,0.129,0.171
2010-06-19,20,0.153,0.169
2010-06-19,21,0.14,0.166
2010-06-19,22,0.141,0.154
2010-06-19,23,0.125,0.166
2010-06-19,24,0.164,0.166
2010-06-20,1,0.108,0.122
2010-06-20,2,0.083,0.095
2010-06-20,3,0.074,0.11
2010-06-20,4,0.132,0.169
2010-06-20,5,0.129,0.17
2010-06-20,6,0.087,0.121
2010-06-20,7,0.073,0.111
2010-06-20,8,0.15,0.199
2010-06-20,9,0.07,0.108
2010-06-20,10,0.073,0.103
2010-06-20,11,0.087,0.108
2010-06-20,12,0.089,0.109
2010-06-20,13,0.075,0.103
2010-06-20,14,0.07,0.109
2010-06-20,15,0.106,0.108
2010-06-20,16,0.073,0.107
2010-06-20,17,0.092,0.201
2010-06-20,18,0.104,0.116
2010-06-20,19,0.151,0.165
2010-06-20,20,0.128,0.164
2010-06-20,21,0.125,0.166
2010-06-20,22,0.164,0.165
2010-06-20,23,0.125,0.166
2010-06-20,24,0.128,0.166
2010-06-21,1,0.163,0.168
2010-06-21,2,0.134,0.169
2010-06-21,3,0.144,0.156
2010-06-21,4,0.142,0.169
2010-06-21,5,0.155,0.169
2010-06-21,6,0.136,0.163
2010-06-21,7,0.127,0.168
2010-06-21,8,0.207,0.249
2010-06-21,9,0.126,0.164
2010-06-21,10,0.127,0.164
2010-06-21,11,0.16,0.163
2010-06-21,12,0.13,0.165
2010-06-21,13,0.138,0.153
2010-06-21,14,0.149,0.167
2010-06-21,15,0.143,0.165
2010-06-21,16,0.146,0.147
2010-06-21,17,0.166,0.256
2010-06-21,18,0.159,0.165
2010-06-21,19,0.142,0.153
2010-06-21,20,0.141,0.169
2010-06-21,21,0.153,0.167
2010-06-21,22,0.142,0.153
2010-06-21,23,0.14,0.165
2010-06-21,24,0.152,0.167
2010-06-22,1,0.146,0.153
2010-06-22,2,0.144,0.169
2010-06-22,3,0.151,0.169
2010-06-22,4,0.146,0.154
2010-06-22,5,0.144,0.17
2010-06-22,6,0.112,0.124
2010-06-22,7,0.08,0.1
2010-06-22,8,0.15,0.16
2010-06-22,9,0.1,0.109
2010-06-22,10,0.082,0.098
2010-06-22,11,0.086,0.11
2010-06-22,12,0.095,0.11
2010-06-22,13,0.089,0.091
2010-06-22,14,0.094,0.11
2010-06-22,15,0.086,0.109
2010-06-22,16,0.08,0.099
2010-06-22,17,0.11,0.219
2010-06-22,18,0.082,0.132
2010-06-22,19,0.127,0.167
2010-06-22,20,0.166,0.17
2010-06-22,21,0.131,0.167
2010-06-22,22,0.138,0.168
2010-06-22,23,0.156,0.166
2010-06-22,24,0.144,0.152
2010-06-23,1,0.093,0.166
2010-06-23,2,0.087,0.112
2010-06-23,3,0.085,0.099
2010-06-23,4,0.139,0.16
2010-06-23,5,0.142,0.17
2010-06-23,6,0.083,0.126
2010-06-23,7,0.098,0.11
2010-06-23,8,0.123,0.193
2010-06-23,9,0.078,0.099
2010-06-23,10,0.105,0.108
2010-06-23,11,0.073,0.109
2010-06-23,12,0.074,0.105
2010-06-23,13,0.106,0.107
2010-06-23,14,0.074,0.11
2010-06-23,15,0.072,0.109
2010-06-23,16,0.11,0.111
2010-06-23,17,0.07,0.225
2010-06-23,18,0.09,0.116
2010-06-23,19,0.167,0.167
2010-06-23,20,0.127,0.167
2010-06-23,21,0.165,0.17
2010-06-23,22,0.167,0.168
2010-06-23,23,0.131,0.165
2010-06-23,24,0.134,0.168
2010-06-24,1,0.11,0.161
2010-06-24,2,0.077,0.105
2010-06-24,3,0.08,0.112
2010-06-24,4,0.129,0.17
2010-06-24,5,0.14,0.157
2010-06-24,6,0.075,0.133
2010-06-24,7,0.104,0.11
2010-06-24,8,0.11,0.194
2010-06-24,9,0.069,0.109
2010-06-24,10,0.107,0.109
2010-06-24,11,0.07,0.109
2010-06-24,12,0.071,0.109
2010-06-24,13,0.105,0.11
2010-06-24,14,0.075,0.11
2010-06-24,15,0.077,0.103
2010-06-24,16,0.101,0.11
2010-06-24,17,0.077,0.229
2010-06-24,18,0.099,0.113
2010-06-24,19,0.165,0.167
2010-06-24,20,0.128,0.168
2010-06-24,21,0.129,0.165
2010-06-24,22,0.165,0.168
2010-06-24,23,0.129,0.167
2010-06-24,24,0.131,0.165
2010-06-25,1,0.106,0.165
2010-06-25,2,0.077,0.111
2010-06-25,3,0.081,0.103
2010-06-25,4,0.14,0.16
2010-06-25,5,0.142,0.17
2010-06-25,6,0.089,0.118
2010-06-25,7,0.086,0.109
2010-06-25,8,0.134,0.193
2010-06-25,9,0.082,0.095
2010-06-25,10,0.063,0.085
2010-06-25,11,0.059,0.081
2010-06-25,12,0.059,0.063
2010-06-25,13,0.058,0.081
2010-06-25,14,0.064,0.082
2010-06-25,15,0.061,0.067
2010-06-25,16,0.084,0.321
2010-06-25,17,0.303,0.502
2010-06-25,18,0.207,0.224
2010-06-25,19,0.168,0.208
2010-06-25,20,0.186,0.218
2010-06-25,21,0.186,0.207
2010-06-25,22,0.24,0.558
2010-06-25,23,0.196,0.257
2010-06-25,24,0.081,0.112
2010-06-26,1,0.07,0.109
2010-06-26,2,0.107,0.107
2010-06-26,3,0.072,0.106
2010-06-26,4,0.074,0.108
2010-06-26,5,0.103,0.108
2010-06-26,6,0.073,0.104
2010-06-26,7,0.066,0.108
2010-06-26,8,0.142,0.18
2010-06-26,9,0.059,0.094
2010-06-26,10,0.041,0.079
2010-06-26,11,0.413,0.917
2010-06-26,12,0.095,0.152
2010-06-26,13,0.166,0.36
2010-06-26,14,0.119,0.203
2010-06-26,15,0.147,0.253
2010-06-26,16,0.194,0.211
2010-06-26,17,0.185,0.201
2010-06-26,18,0.144,0.265
2010-06-26,19,0.118,0.144
2010-06-26,20,0.109,0.137
2010-06-26,21,0.156,0.315
2010-06-26,22,0.171,0.286
2010-06-26,23,0.258,0.288
2010-06-26,24,0.223,0.242
2010-06-27,1,0.126,0.185
2010-06-27,2,0.084,0.109
2010-06-27,3,0.088,0.112
2010-06-27,4,0.09,0.11
2010-06-27,5,0.079,0.099
2010-06-27,6,0.109,0.109
2010-06-27,7,0.068,0.109
2010-06-27,8,0.069,0.109
2010-06-27,9,0.079,0.084
2010-06-27,10,0.039,0.083
2010-06-27,11,0.278,0.972
2010-06-27,12,0.071,0.082
2010-06-27,13,0.063,0.306
2010-06-27,14,0.073,0.083
2010-06-27,15,0.055,0.085
2010-06-27,16,0.139,0.267
2010-06-27,17,0.149,0.15
2010-06-27,18,0.12,0.142
2010-06-27,19,0.158,0.228
2010-06-27,20,0.108,0.153
2010-06-27,21,0.231,0.252
2010-06-27,22,0.244,0.337
2010-06-27,23,0.348,0.449
2010-06-27,24,0.275,0.293
2010-06-28,1,0.175,0.28
2010-06-28,2,0.116,0.117
2010-06-28,3,0.073,0.112
2010-06-28,4,0.07,0.114
2010-06-28,5,0.107,0.109
2010-06-28,6,0.071,0.112
2010-06-28,7,0.069,0.11
2010-06-28,8,0.107,0.107
2010-06-28,9,0.069,0.107
2010-06-28,10,0.137,0.289
2010-06-28,11,0.083,0.084
2010-06-28,12,0.055,0.155
2010-06-28,13,0.361,0.448
2010-06-28,14,0.113,0.124
2010-06-28,15,0.075,0.082
2010-06-28,16,0.052,0.082
2010-06-28,17,0.081,0.113
2010-06-28,18,0.208,0.21
2010-06-28,19,0.527,0.626
2010-06-28,20,0.191,0.275
2010-06-28,21,0.175,0.211
2010-06-28,22,0.186,0.203
2010-06-28,23,0.253,0.976
2010-06-28,24,0.114,0.139
2010-06-29,1,0.072,0.111
2010-06-29,2,0.108,0.109
2010-06-29,3,0.07,0.11
2010-06-29,4,0.07,0.108
2010-06-29,5,0.102,0.11
2010-06-29,6,0.074,0.108
2010-06-29,7,0.084,0.091
2010-06-29,8,0.056,0.091
2010-06-29,9,0.226,0.252
2010-06-29,10,0.046,0.082
2010-06-29,11,0.084,0.084
2010-06-29,12,0.045,0.084
2010-06-29,13,0.045,0.084
2010-06-29,14,0.08,0.085
2010-06-29,15,0.049,0.083
2010-06-29,16,0.054,0.075
2010-06-29,17,0.068,0.085
2010-06-29,18,0.061,0.084
2010-06-29,19,0.062,0.113
2010-06-29,20,0.071,0.13
2010-06-29,21,0.071,0.091
2010-06-29,22,0.203,0.511
2010-06-29,23,0.221,0.824
2010-06-29,24,0.31,0.733
2010-06-30,1,0.102,0.198
2010-06-30,2,0.074,0.112
2010-06-30,3,0.104,0.11
2010-06-30,4,0.069,0.111
2010-06-30,5,0.075,0.105
2010-06-30,6,0.089,0.11
2010-06-30,7,0.089,0.106
2010-06-30,8,0.071,0.099
2010-06-30,9,0.04,0.081
2010-06-30,10,0.078,0.081
2010-06-30,11,0.084,0.204
2010-06-30,12,0.046,0.082
2010-06-30,13,0.076,0.083
2010-06-30,14,0.051,0.085
2010-06-30,15,0.068,0.181
2010-06-30,16,0.177,0.21
2010-06-30,17,0.193,0.21
2010-06-30,18,0.161,0.238
2010-06-30,19,0.255,0.557
2010-06-30,20,0.218,0.235
2010-06-30,21,0.215,0.731
2010-06-30,22,0.227,0.242
2010-06-30,23,0.24,0.292
2010-06-30,24,0.075,0.115
2010-07-01,1,0.074,0.112
2010-07-01,2,0.103,0.111
2010-07-01,3,0.074,0.109
2010-07-01,4,0.079,0.096
2010-07-01,5,0.089,0.11
2010-07-01,6,0.089,0.109
2010-07-01,7,0.077,0.098
2010-07-01,8,0.076,0.107
2010-07-01,9,0.107,0.108
2010-07-01,10,0.067,0.203
2010-07-01,11,0.197,0.324
2010-07-01,12,0.084,0.202
2010-07-01,13,0.062,0.065
2010-07-01,14,0.061,0.085
2010-07-01,15,0.068,0.098
2010-07-01,16,0.055,0.074
2010-07-01,17,0.085,0.093
2010-07-01,18,0.134,0.15
2010-07-01,19,0.181,0.248
2010-07-01,20,0.459,0.708
2010-07-01,21,0.185,0.194
2010-07-01,22,0.237,0.422
2010-07-01,23,0.201,0.253
2010-07-01,24,0.174,0.369
2010-07-02,1,0.11,0.112
2010-07-02,2,0.075,0.106
2010-07-02,3,0.069,0.11
2010-07-02,4,0.108,0.108
2010-07-02,5,0.069,0.11
2010-07-02,6,0.07,0.107
2010-07-02,7,0.101,0.109
2010-07-02,8,0.049,0.078
2010-07-02,9,0.049,0.069
2010-07-02,10,0.079,0.169
2010-07-02,11,0.082,0.141
2010-07-02,12,0.056,0.073
2010-07-02,13,0.069,0.083
2010-07-02,14,0.059,0.442
2010-07-02,15,0.065,0.08
2010-07-02,16,0.083,0.098
2010-07-02,17,0.056,0.094
2010-07-02,18,0.093,0.143
2010-07-02,19,0.206,0.223
2010-07-02,20,0.229,0.358
2010-07-02,21,0.21,0.211
2010-07-02,22,0.657,1.775
2010-07-02,23,0.255,0.331
2010-07-02,24,0.363,0.378
2010-07-03,1,0.266,0.313
2010-07-03,2,0.082,0.145
2010-07-03,3,0.107,0.145
2010-07-03,4,0.127,0.165
2010-07-03,5,0.127,0.165
2010-07-03,6,0.108,0.122
2010-07-03,7,0.073,0.111
2010-07-03,8,0.075,0.106
2010-07-03,9,0.1,0.107
2010-07-03,10,0.072,0.092
2010-07-03,11,0.217,0.792
2010-07-03,12,0.062,0.212
2010-07-03,13,0.049,0.139
2010-07-03,14,0.083,0.083
2010-07-03,15,0.047,0.261
2010-07-03,16,0.091,0.114
2010-07-03,17,0.142,0.179
2010-07-03,18,0.132,0.172
2010-07-03,19,0.2,0.207
2010-07-03,20,0.18,0.27
2010-07-03,21,0.268,0.454
2010-07-03,22,0.256,1.28
2010-07-03,23,0.242,0.264
2010-07-03,24,0.215,0.25
2010-07-04,1,0.096,0.12
2010-07-04,2,0.087,0.107
2010-07-04,3,0.071,0.105
2010-07-04,4,0.107,0.107
2010-07-04,5,0.069,0.107
2010-07-04,6,0.077,0.107
2010-07-04,7,0.1,0.107
2010-07-04,8,0.089,0.093
2010-07-04,9,0.086,0.107
2010-07-04,10,0.09,0.106
2010-07-04,11,0.441,0.497
2010-07-04,12,0.083,0.083
2010-07-04,13,1.271,1.64
2010-07-04,14,0.924,2.588
2010-07-04,15,1.319,1.421
2010-07-04,16,0.159,0.92
2010-07-04,17,0.171,0.189
2010-07-04,18,0.2,0.201
2010-07-04,19,0.185,0.186
2010-07-04,20,0.219,0.377
2010-07-04,21,0.18,0.184
2010-07-04,22,0.205,0.267
2010-07-04,23,0.229,0.23
2010-07-04,24,0.119,0.236
2010-07-05,1,0.071,0.11
2010-07-05,2,0.08,0.111
2010-07-05,3,0.096,0.108
2010-07-05,4,0.086,0.092
2010-07-05,5,0.096,0.108
2010-07-05,6,0.08,0.106
2010-07-05,7,0.085,0.102
2010-07-05,8,0.095,0.106
2010-07-05,9,0.078,0.105
2010-07-05,10,0.48,0.53
2010-07-05,11,0.08,0.082
2010-07-05,12,0.044,0.144
2010-07-05,13,0.228,1.226
2010-07-05,14,0.597,1.266
2010-07-05,15,0.068,0.227
2010-07-05,16,0.283,0.295
2010-07-05,17,0.135,0.138
2010-07-05,18,0.111,0.278
2010-07-05,19,0.191,0.265
2010-07-05,20,0.209,0.331
2010-07-05,21,0.195,0.199
2010-07-05,22,0.184,0.417
2010-07-05,23,0.218,1.023
2010-07-05,24,0.187,0.256
2010-07-06,1,0.077,0.104
2010-07-06,2,0.106,0.107
2010-07-06,3,0.069,0.106
2010-07-06,4,0.072,0.106
2010-07-06,5,0.102,0.105
2010-07-06,6,0.078,0.098
2010-07-06,7,0.076,0.106
2010-07-06,8,0.085,0.094
2010-07-06,9,0.046,0.079
2010-07-06,10,0.077,0.611
2010-07-06,11,0.473,0.748
2010-07-06,12,0.055,0.071
2010-07-06,13,0.08,0.153
2010-07-06,14,0.046,0.082
2010-07-06,15,0.045,0.082
2010-07-06,16,0.081,0.081
2010-07-06,17,0.057,0.194
2010-07-06,18,0.2,0.319
2010-07-06,19,0.209,0.745
2010-07-06,20,0.205,0.216
2010-07-06,21,0.204,0.329
2010-07-06,22,0.274,0.324
2010-07-06,23,0.308,0.32
2010-07-06,24,0.332,0.639
2010-07-07,1,0.21,0.257
2010-07-07,2,0.183,0.19
2010-07-07,3,0.087,0.199
2010-07-07,4,0.086,0.108
2010-07-07,5,0.079,0.098
2010-07-07,6,0.069,0.106
2010-07-07,7,0.105,0.105
2010-07-07,8,0.068,0.103
2010-07-07,9,0.047,0.073
2010-07-07,10,0.078,0.433
2010-07-07,11,0.259,0.366
2010-07-07,12,0.068,0.144
2010-07-07,13,0.134,0.172
2010-07-07,14,0.121,0.147
2010-07-07,15,0.122,0.259
2010-07-07,16,0.122,0.148
2010-07-07,17,0.134,0.145
2010-07-07,18,0.105,0.725
2010-07-07,19,0.13,0.229
2010-07-07,20,0.222,0.434
2010-07-07,21,0.202,0.206
2010-07-07,22,0.227,0.504
2010-07-07,23,0.27,0.303
2010-07-07,24,0.103,0.128
2010-07-08,1,0.072,0.11
2010-07-08,2,0.104,0.106
2010-07-08,3,0.072,0.107
2010-07-08,4,0.086,0.089
2010-07-08,5,0.069,0.108
2010-07-08,6,0.107,0.107
2010-07-08,7,0.069,0.105
2010-07-08,8,0.084,0.086
2010-07-08,9,0.039,0.078
2010-07-08,10,0.075,0.334
2010-07-08,11,0.092,0.152
2010-07-08,12,0.044,0.079
2010-07-08,13,0.072,0.08
2010-07-08,14,0.813,1.295
2010-07-08,15,0.154,0.542
2010-07-08,16,0.206,0.206
2010-07-08,17,0.17,0.218
2010-07-08,18,0.183,0.214
2010-07-08,19,0.222,0.412
2010-07-08,20,0.181,0.266
2010-07-08,21,0.211,0.293
2010-07-08,22,0.309,0.349
2010-07-08,23,0.303,0.432
2010-07-08,24,0.173,0.305
2010-07-09,1,0.113,0.117
2010-07-09,2,0.072,0.107
2010-07-09,3,0.08,0.094
2010-07-09,4,0.083,0.106
2010-07-09,5,0.092,0.106
2010-07-09,6,0.07,0.1
2010-07-09,7,0.068,0.105
2010-07-09,8,0.099,0.104
2010-07-09,9,0.072,0.104
2010-07-09,10,0.086,0.287
2010-07-09,11,0.075,0.078
2010-07-09,12,0.048,0.081
2010-07-09,13,0.058,0.066
2010-07-09,14,0.056,0.081
2010-07-09,15,0.069,0.084
2010-07-09,16,0.083,0.141
2010-07-09,17,0.194,0.227
2010-07-09,18,0.198,0.318
2010-07-09,19,0.214,0.396
2010-07-09,20,0.218,0.526
2010-07-09,21,0.226,0.226
2010-07-09,22,0.249,0.472
2010-07-09,23,0.209,0.249
2010-07-09,24,0.166,0.58
2010-07-10,1,0.108,0.109
2010-07-10,2,0.07,0.105
2010-07-10,3,0.07,0.105
2010-07-10,4,0.104,0.104
2010-07-10,5,0.067,0.106
2010-07-10,6,0.069,0.105
2010-07-10,7,0.096,0.102
2010-07-10,8,0.076,0.106
2010-07-10,9,0.092,0.093
2010-07-10,10,0.105,0.246
2010-07-10,11,0.367,0.493
2010-07-10,12,0.199,0.223
2010-07-10,13,0.044,0.084
2010-07-10,14,0.08,0.081
2010-07-10,15,0.045,0.081
2010-07-10,16,0.054,0.071
2010-07-10,17,0.111,0.187
2010-07-10,18,0.192,0.46
2010-07-10,19,0.207,0.429
2010-07-10,20,0.19,0.218
2010-07-10,21,0.221,0.662
2010-07-10,22,0.199,0.427
2010-07-10,23,0.283,0.305
2010-07-10,24,0.228,0.285
2010-07-11,1,0.08,0.115
2010-07-11,2,0.073,0.105
2010-07-11,3,0.102,0.113
2010-07-11,4,0.073,0.105
2010-07-11,5,0.085,0.088
2010-07-11,6,0.069,0.105
2010-07-11,7,0.104,0.105
2010-07-11,8,0.068,0.103
2010-07-11,9,0.054,0.079
2010-07-11,10,0.085,0.547
2010-07-11,11,0.08,0.221
2010-07-11,12,0.06,0.064
2010-07-11,13,0.048,0.257
2010-07-11,14,0.075,0.078
2010-07-11,15,0.044,0.15
2010-07-11,16,0.149,0.234
2010-07-11,17,0.188,0.202
2010-07-11,18,0.16,0.294
2010-07-11,19,0.323,0.479
2010-07-11,20,0.196,0.206
2010-07-11,21,0.17,0.295
2010-07-11,22,0.302,0.318
2010-07-11,23,0.245,0.33
2010-07-11,24,0.09,0.099
2010-07-12,1,0.098,0.108
2010-07-12,2,0.079,0.104
2010-07-12,3,0.08,0.096
2010-07-12,4,0.091,0.104
2010-07-12,5,0.084,0.106
2010-07-12,6,0.084,0.091
2010-07-12,7,0.072,0.105
2010-07-12,8,0.098,0.12
2010-07-12,9,0.069,0.405
2010-07-12,10,0.055,0.079
2010-07-12,11,0.069,0.081
2010-07-12,12,0.05,0.075
2010-07-12,13,0.081,0.113
2010-07-12,14,1.077,1.76
2010-07-12,15,0.217,0.363
2010-07-12,16,0.082,0.083
2010-07-12,17,0.122,0.142
2010-07-12,18,0.119,0.132
2010-07-12,19,0.13,0.159
2010-07-12,20,0.13,0.145
2010-07-12,21,0.122,0.126
2010-07-12,22,0.149,0.904
2010-07-12,23,0.414,0.613
2010-07-12,24,0.105,0.222
2010-07-13,1,0.101,0.11
2010-07-13,2,0.079,0.104
2010-07-13,3,0.085,0.09
2010-07-13,4,0.084,0.104
2010-07-13,5,0.092,0.106
2010-07-13,6,0.071,0.104
2010-07-13,7,0.069,0.105
2010-07-13,8,0.079,0.094
2010-07-13,9,0.05,0.077
2010-07-13,10,0.293,1.09
2010-07-13,11,0.074,0.263
2010-07-13,12,0.049,0.08
2010-07-13,13,0.067,0.422
2010-07-13,14,0.061,0.08
2010-07-13,15,0.065,0.081
2010-07-13,16,0.05,0.075
2010-07-13,17,0.045,0.081
2010-07-13,18,0.081,0.083
2010-07-13,19,0.235,0.585
2010-07-13,20,0.191,0.237
2010-07-13,21,0.198,0.325
2010-07-13,22,0.293,0.776
2010-07-13,23,0.305,0.475
2010-07-13,24,0.208,0.211
2010-07-14,1,0.076,0.113
2010-07-14,2,0.105,0.105
2010-07-14,3,0.069,0.105
2010-07-14,4,0.078,0.096
2010-07-14,5,0.084,0.106
2010-07-14,6,0.091,0.104
2010-07-14,7,0.069,0.105
2010-07-14,8,0.068,0.103
2010-07-14,9,0.103,0.132
2010-07-14,10,0.059,0.286
2010-07-14,11,0.204,0.431
2010-07-14,12,0.09,0.112
2010-07-14,13,0.065,0.081
2010-07-14,14,0.052,0.074
2010-07-14,15,0.045,0.082
2010-07-14,16,0.081,0.118
2010-07-14,17,0.109,0.326
2010-07-14,18,0.085,0.141
2010-07-14,19,0.072,0.122
2010-07-14,20,0.131,0.133
2010-07-14,21,0.206,0.41
2010-07-14,22,0.207,0.433
2010-07-14,23,0.246,0.332
2010-07-14,24,0.212,0.342
2010-07-15,1,0.108,0.111
2010-07-15,2,0.072,0.104
2010-07-15,3,0.069,0.106
2010-07-15,4,0.105,0.106
2010-07-15,5,0.068,0.107
2010-07-15,6,0.07,0.104
2010-07-15,7,0.092,0.106
2010-07-15,8,0.079,0.105
2010-07-15,9,0.068,0.074
2010-07-15,10,0.099,1.085
2010-07-15,11,0.294,0.537
2010-07-15,12,0.143,0.178
2010-07-15,13,0.045,0.08
2010-07-15,14,0.08,0.08
2010-07-15,15,0.045,0.161
2010-07-15,16,1.801,1.962
2010-07-15,17,1.541,2.242
2010-07-15,18,0.202,0.245
2010-07-15,19,0.244,0.783
2010-07-15,20,0.243,0.441
2010-07-15,21,0.208,0.248
2010-07-15,22,0.248,0.313
2010-07-15,23,0.255,0.273
2010-07-15,24,0.244,0.47
2010-07-16,1,0.084,0.116
2010-07-16,2,0.093,0.103
2010-07-16,3,0.074,0.098
2010-07-16,4,0.069,0.106
2010-07-16,5,0.104,0.105
2010-07-16,6,0.069,0.104
2010-07-16,7,0.084,0.089
2010-07-16,8,0.076,0.103
2010-07-16,9,0.102,0.105
2010-07-16,10,0.068,0.276
2010-07-16,11,0.08,0.115
2010-07-16,12,0.08,0.276
2010-07-16,13,0.181,0.219
2010-07-16,14,0.066,0.178
2010-07-16,15,0.262,0.497
2010-07-16,16,0.047,0.076
2010-07-16,17,0.08,0.08
2010-07-16,18,0.06,0.728
2010-07-16,19,0.146,0.176
2010-07-16,20,0.175,0.205
2010-07-16,21,0.172,0.452
2010-07-16,22,0.247,0.46
2010-07-16,23,0.284,0.305
2010-07-16,24,0.096,0.243
2010-07-17,1,0.083,0.107
2010-07-17,2,0.082,0.093
2010-07-17,3,0.087,0.105
2010-07-17,4,0.086,0.104
2010-07-17,5,0.082,0.092
2010-07-17,6,0.07,0.106
2010-07-17,7,0.104,0.106
2010-07-17,8,0.069,0.104
2010-07-17,9,0.085,0.09
2010-07-17,10,0.074,0.106
2010-07-17,11,0.242,0.415
2010-07-17,12,0.055,0.065
2010-07-17,13,0.045,0.078
2010-07-17,14,0.078,0.081
2010-07-17,15,0.045,0.081
2010-07-17,16,0.053,0.074
2010-07-17,17,0.101,0.388
2010-07-17,18,0.134,0.168
2010-07-17,19,0.147,0.166
2010-07-17,20,0.135,0.167
2010-07-17,21,0.167,0.168
2010-07-17,22,0.133,0.169
2010-07-17,23,0.125,0.809
2010-07-17,24,0.287,0.429
2010-07-18,1,0.109,0.112
2010-07-18,2,0.08,0.102
2010-07-18,3,0.07,0.106
2010-07-18,4,0.102,0.106
2010-07-18,5,0.074,0.105
2010-07-18,6,0.08,0.092
2010-07-18,7,0.069,0.106
2010-07-18,8,0.103,0.104
2010-07-18,9,0.081,0.103
2010-07-18,10,0.081,0.096
2010-07-18,11,0.238,0.523
2010-07-18,12,0.066,0.08
2010-07-18,13,0.051,0.074
2010-07-18,14,0.045,0.081
2010-07-18,15,0.08,0.08
2010-07-18,16,0.045,0.081
2010-07-18,17,0.126,0.19
2010-07-18,18,0.178,0.216
2010-07-18,19,0.229,0.84
2010-07-18,20,0.205,0.522
2010-07-18,21,0.215,0.482
2010-07-18,22,0.228,0.275
2010-07-18,23,0.284,0.29
2010-07-18,24,0.316,0.343
2010-07-19,1,0.111,0.269
2010-07-19,2,0.078,0.098
2010-07-19,3,0.069,0.105
2010-07-19,4,0.102,0.106
2010-07-19,5,0.071,0.106
2010-07-19,6,0.086,0.09
2010-07-19,7,0.073,0.105
2010-07-19,8,0.098,0.112
2010-07-19,9,0.069,0.103
2010-07-19,10,0.095,0.23
2010-07-19,11,0.227,0.261
2010-07-19,12,0.082,0.199
2010-07-19,13,0.057,0.068
2010-07-19,14,0.065,0.082
2010-07-19,15,0.062,0.107
2010-07-19,16,0.16,0.19
2010-07-19,17,0.193,0.205
2010-07-19,18,0.164,0.207
2010-07-19,19,0.203,0.5
2010-07-19,20,0.196,0.202
2010-07-19,21,0.189,0.198
2010-07-19,22,0.189,0.223
2010-07-19,23,0.248,1.252
2010-07-19,24,0.205,0.275
2010-07-20,1,0.08,0.109
2010-07-20,2,0.068,0.108
2010-07-20,3,0.104,0.106
2010-07-20,4,0.073,0.1
2010-07-20,5,0.076,0.105
2010-07-20,6,0.099,0.106
2010-07-20,7,0.074,0.099
2010-07-20,8,0.069,0.102
2010-07-20,9,0.102,0.104
2010-07-20,10,0.078,0.62
2010-07-20,11,0.056,0.08
2010-07-20,12,0.068,0.08
2010-07-20,13,0.054,0.071
2010-07-20,14,0.049,0.079
2010-07-20,15,0.076,0.081
2010-07-20,16,0.052,0.074
2010-07-20,17,0.1,0.115
2010-07-20,18,0.144,0.196
2010-07-20,19,0.186,0.464
2010-07-20,20,0.204,0.217
2010-07-20,21,0.232,0.331
2010-07-20,22,0.238,0.26
2010-07-20,23,0.257,0.267
2010-07-20,24,0.245,0.291
2010-07-21,1,0.074,0.129
2010-07-21,2,0.106,0.109
2010-07-21,3,0.069,0.106
2010-07-21,4,0.07,0.106
2010-07-21,5,0.105,0.107
2010-07-21,6,0.07,0.105
2010-07-21,7,0.076,0.097
2010-07-21,8,0.094,0.104
2010-07-21,9,0.087,0.105
2010-07-21,10,0.084,0.264
2010-07-21,11,0.07,0.16
2010-07-21,12,0.054,0.256
2010-07-21,13,0.049,0.076
2010-07-21,14,0.076,0.079
2010-07-21,15,0.049,0.293
2010-07-21,16,0.045,0.08
2010-07-21,17,0.08,0.08
2010-07-21,18,0.044,0.079
2010-07-21,19,0.096,1.534
2010-07-21,20,0.202,0.687
2010-07-21,21,0.195,0.466
2010-07-21,22,0.245,0.5
2010-07-21,23,0.263,0.299
2010-07-21,24,0.214,0.411
2010-07-22,1,0.109,0.127
2010-07-22,2,0.072,0.107
2010-07-22,3,0.069,0.106
2010-07-22,4,0.105,0.106
2010-07-22,5,0.069,0.104
2010-07-22,6,0.069,0.105
2010-07-22,7,0.106,0.109
2010-07-22,8,0.068,0.106
2010-07-22,9,0.074,0.1
2010-07-22,10,0.104,0.741
2010-07-22,11,0.535,0.672
2010-07-22,12,0.044,0.109
2010-07-22,13,0.078,0.08
2010-07-22,14,0.044,0.081
2010-07-22,15,0.156,0.29
2010-07-22,16,0.191,0.191
2010-07-22,17,0.156,0.197
2010-07-22,18,0.449,0.451
2010-07-22,19,0.223,0.519
2010-07-22,20,0.185,0.207
2010-07-22,21,0.209,0.423
2010-07-22,22,0.237,0.322
2010-07-22,23,0.256,0.277
2010-07-22,24,0.254,0.293
2010-07-23,1,0.085,0.107
2010-07-23,2,0.077,0.098
2010-07-23,3,0.09,0.105
2010-07-23,4,0.081,0.103
2010-07-23,5,0.084,0.089
2010-07-23,6,0.076,0.103
2010-07-23,7,0.097,0.103
2010-07-23,8,0.067,0.104
2010-07-23,9,0.069,0.102
2010-07-23,10,0.104,0.432
2010-07-23,11,0.174,0.397
2010-07-23,12,0.06,0.063
2010-07-23,13,0.049,0.08
2010-07-23,14,0.074,0.083
2010-07-23,15,0.064,0.171
2010-07-23,16,0.151,0.246
2010-07-23,17,0.045,0.079
2010-07-23,18,0.105,0.12
2010-07-23,19,0.194,0.303
2010-07-23,20,0.329,0.466
2010-07-23,21,0.198,0.847
2010-07-23,22,0.256,0.612
2010-07-23,23,0.281,0.286
2010-07-23,24,0.304,0.479
2010-07-24,1,0.128,0.18
2010-07-24,2,0.16,0.163
2010-07-24,3,0.133,0.157
2010-07-24,4,0.144,0.162
2010-07-24,5,0.147,0.165
2010-07-24,6,0.145,0.147
2010-07-24,7,0.152,0.163
2010-07-24,8,0.145,0.16
2010-07-24,9,0.141,0.144
2010-07-24,10,0.159,0.511
2010-07-24,11,0.141,0.24
2010-07-24,12,0.773,1.048
2010-07-24,13,0.37,0.435
2010-07-24,14,0.429,0.696
2010-07-24,15,0.134,0.137
2010-07-24,16,0.109,0.138
2010-07-24,17,0.103,0.137
2010-07-24,18,0.076,0.111
2010-07-24,19,0.049,0.068
2010-07-24,20,0.135,0.199
2010-07-24,21,0.496,0.594
2010-07-24,22,0.226,0.473
2010-07-24,23,0.22,0.628
2010-07-24,24,0.268,0.309
2010-07-25,1,0.275,0.28
2010-07-25,2,0.207,0.221
2010-07-25,3,0.182,0.204
2010-07-25,4,0.077,0.105
2010-07-25,5,0.089,0.106
2010-07-25,6,0.087,0.104
2010-07-25,7,0.075,0.105
2010-07-25,8,0.099,0.104
2010-07-25,9,0.078,0.094
2010-07-25,10,0.112,0.428
2010-07-25,11,0.211,0.353
2010-07-25,12,0.083,0.134
2010-07-25,13,1.768,2.962
2010-07-25,14,0.587,2.958
2010-07-25,15,0.083,0.328
2010-07-25,16,0.058,0.084
2010-07-25,17,0.154,0.21
2010-07-25,18,0.193,0.201
2010-07-25,19,0.19,0.22
2010-07-25,20,0.208,0.221
2010-07-25,21,0.176,0.476
2010-07-25,22,0.251,0.386
2010-07-25,23,0.219,0.237
2010-07-25,24,0.114,0.264
2010-07-26,1,0.072,0.106
2010-07-26,2,0.105,0.106
2010-07-26,3,0.073,0.099
2010-07-26,4,0.104,0.105
2010-07-26,5,0.084,0.09
2010-07-26,6,0.104,0.105
2010-07-26,7,0.078,0.094
2010-07-26,8,0.099,0.101
2010-07-26,9,0.071,0.088
2010-07-26,10,0.084,0.571
2010-07-26,11,0.729,0.783
2010-07-26,12,0.074,0.118
2010-07-26,13,0.048,0.079
2010-07-26,14,0.065,0.08
2010-07-26,15,0.059,0.079
2010-07-26,16,0.066,0.078
2010-07-26,17,0.058,0.622
2010-07-26,18,0.16,0.194
2010-07-26,19,0.179,0.313
2010-07-26,20,0.162,0.416
2010-07-26,21,0.117,0.127
2010-07-26,22,0.139,0.146
2010-07-26,23,0.318,1.429
2010-07-26,24,0.176,0.179
2010-07-27,1,0.086,0.172
2010-07-27,2,0.106,0.111
2010-07-27,3,0.07,0.104
2010-07-27,4,0.105,0.105
2010-07-27,5,0.076,0.099
2010-07-27,6,0.104,0.105
2010-07-27,7,0.086,0.087
2010-07-27,8,0.08,0.102
2010-07-27,9,0.047,0.075
2010-07-27,10,0.279,0.319
2010-07-27,11,0.048,0.077
2010-07-27,12,0.078,0.078
2010-07-27,13,0.046,0.079
2010-07-27,14,0.071,0.079
2010-07-27,15,0.055,0.081
2010-07-27,16,0.056,0.08
2010-07-27,17,0.07,0.271
2010-07-27,18,0.125,0.128
2010-07-27,19,0.13,0.15
2010-07-27,20,0.139,0.16
2010-07-27,21,0.222,0.308
2010-07-27,22,0.228,0.48
2010-07-27,23,0.212,0.234
2010-07-27,24,0.253,0.288
2010-07-28,1,0.077,0.105
2010-07-28,2,0.099,0.103
2010-07-28,3,0.074,0.103
2010-07-28,4,0.089,0.103
2010-07-28,5,0.084,0.103
2010-07-28,6,0.075,0.103
2010-07-28,7,0.098,0.1
2010-07-28,8,0.075,0.096
2010-07-28,9,0.101,0.103
2010-07-28,10,0.072,0.332
2010-07-28,11,0.392,0.43
2010-07-28,12,0.056,0.065
2010-07-28,13,0.077,0.078
2010-07-28,14,0.05,0.073
2010-07-28,15,0.079,0.079
2010-07-28,16,0.046,0.077
2010-07-28,17,0.072,0.079
2010-07-28,18,0.117,0.151
2010-07-28,19,0.147,0.159
2010-07-28,20,0.196,0.478
2010-07-28,21,0.207,0.304
2010-07-28,22,0.237,0.533
2010-07-28,23,0.282,0.303
2010-07-28,24,0.119,0.234
2010-07-29,1,0.106,0.107
2010-07-29,2,0.075,0.1
2010-07-29,3,0.096,0.104
2010-07-29,4,0.076,0.102
2010-07-29,5,0.084,0.101
2010-07-29,6,0.086,0.091
2010-07-29,7,0.04,0.084
2010-07-29,8,0.073,0.073
2010-07-29,9,0.053,0.061
2010-07-29,10,0.074,0.725
2010-07-29,11,0.062,0.333
2010-07-29,12,0.077,0.079
2010-07-29,13,0.054,0.07
2010-07-29,14,0.079,0.128
2010-07-29,15,0.045,0.079
2010-07-29,16,0.233,0.489
2010-07-29,17,0.159,0.198
2010-07-29,18,0.173,0.199
2010-07-29,19,0.194,0.204
2010-07-29,20,0.168,0.193
2010-07-29,21,0.195,0.212
2010-07-29,22,0.226,0.552
2010-07-29,23,0.444,0.997
2010-07-29,24,0.257,0.281
2010-07-30,1,0.107,0.189
2010-07-30,2,0.079,0.098
2010-07-30,3,0.098,0.103
2010-07-30,4,0.074,0.102
2010-07-30,5,0.08,0.104
2010-07-30,6,0.092,0.103
2010-07-30,7,0.074,0.097
2010-07-30,8,0.103,0.103
2010-07-30,9,0.073,0.098
2010-07-30,10,0.088,0.1
2010-07-30,11,0.311,0.474
2010-07-30,12,0.066,0.181
2010-07-30,13,0.057,0.077
2010-07-30,14,0.047,0.077
2010-07-30,15,0.076,0.412
2010-07-30,16,0.046,0.079
2010-07-30,17,0.079,0.094
2010-07-30,18,0.141,1.465
2010-07-30,19,0.205,0.69
2010-07-30,20,0.205,0.396
2010-07-30,21,0.183,0.192
2010-07-30,22,0.308,0.494
2010-07-30,23,0.249,0.269
2010-07-30,24,0.248,0.259
2010-07-31,1,0.093,0.235
2010-07-31,2,0.084,0.103
2010-07-31,3,0.092,0.101
2010-07-31,4,0.081,0.102
2010-07-31,5,0.088,0.1
2010-07-31,6,0.083,0.106
2010-07-31,7,0.057,0.107
2010-07-31,8,0.061,0.071
2010-07-31,9,0.043,0.073
2010-07-31,10,0.07,0.251
2010-07-31,11,0.045,0.223
2010-07-31,12,0.077,0.079
2010-07-31,13,0.052,0.163
2010-07-31,14,0.352,0.681
2010-07-31,15,0.324,0.465
2010-07-31,16,0.068,0.078
2010-07-31,17,0.103,0.325
2010-07-31,18,0.204,0.225
2010-07-31,19,0.224,1.99
2010-07-31,20,0.2,0.217
2010-07-31,21,0.222,0.686
2010-07-31,22,0.266,0.398
2010-07-31,23,0.216,0.241
2010-07-31,24,0.234,0.245
2010-08-01,1,0.084,0.28
2010-08-01,2,0.106,0.106
2010-08-01,3,0.071,0.104
2010-08-01,4,0.103,0.104
2010-08-01,5,0.084,0.085
2010-08-01,6,0.101,0.102
2010-08-01,7,0.068,0.102
2010-08-01,8,0.092,0.102
2010-08-01,9,0.091,0.102
2010-08-01,10,0.101,0.275
2010-08-01,11,0.078,0.145
2010-08-01,12,0.046,0.077
2010-08-01,13,0.076,0.162
2010-08-01,14,0.057,0.064
2010-08-01,15,0.122,0.158
2010-08-01,16,0.14,0.141
2010-08-01,17,0.139,0.145
2010-08-01,18,0.113,0.157
2010-08-01,19,0.218,0.231
2010-08-01,20,0.178,0.375
2010-08-01,21,0.209,1.046
2010-08-01,22,0.22,0.243
2010-08-01,23,0.232,0.246
2010-08-01,24,0.246,0.384
2010-08-02,1,0.083,0.175
2010-08-02,2,0.093,0.103
2010-08-02,3,0.071,0.101
2010-08-02,4,0.103,0.103
2010-08-02,5,0.081,0.09
2010-08-02,6,0.096,0.104
2010-08-02,7,0.076,0.102
2010-08-02,8,0.069,0.102
2010-08-02,9,0.102,0.137
2010-08-02,10,0.368,0.423
2010-08-02,11,0.079,0.183
2010-08-02,12,0.072,0.53
2010-08-02,13,0.123,0.156
2010-08-02,14,0.088,0.305
2010-08-02,15,0.1,0.138
2010-08-02,16,0.049,0.079
2010-08-02,17,0.08,0.295
2010-08-02,18,0.127,0.154
2010-08-02,19,0.194,0.251
2010-08-02,20,0.143,0.163
2010-08-02,21,0.162,0.186
2010-08-02,22,0.254,0.256
2010-08-02,23,0.225,0.493
2010-08-02,24,0.327,0.328
2010-08-03,1,0.213,0.263
2010-08-03,2,0.164,0.165
2010-08-03,3,0.14,0.154
2010-08-03,4,0.163,0.168
2010-08-03,5,0.107,0.109
2010-08-03,6,0.09,0.108
2010-08-03,7,0.086,0.105
2010-08-03,8,0.072,0.101
2010-08-03,9,0.102,0.102
2010-08-03,10,0.081,0.307
2010-08-03,11,0.078,0.257
2010-08-03,12,0.045,0.126
2010-08-03,13,0.143,0.435
2010-08-03,14,0.142,0.441
2010-08-03,15,0.056,0.078
2010-08-03,16,0.071,0.08
2010-08-03,17,0.052,0.073
2010-08-03,18,0.076,0.077
2010-08-03,19,0.05,0.329
2010-08-03,20,0.189,0.203
2010-08-03,21,0.171,0.542
2010-08-03,22,0.245,0.303
2010-08-03,23,0.3,0.555
2010-08-03,24,0.306,0.332
2010-08-04,1,0.15,0.212
2010-08-04,2,0.087,0.096
2010-08-04,3,0.102,0.104
2010-08-04,4,0.07,0.102
2010-08-04,5,0.076,0.102
2010-08-04,6,0.095,0.102
2010-08-04,7,0.079,0.09
2010-08-04,8,0.099,0.102
2010-08-04,9,0.068,0.08
2010-08-04,10,0.08,0.211
2010-08-04,11,0.073,0.077
2010-08-04,12,0.067,0.152
2010-08-04,13,0.076,0.113
2010-08-04,14,0.045,0.077
2010-08-04,15,0.055,0.078
2010-08-04,16,0.069,0.078
2010-08-04,17,0.074,0.162
2010-08-04,18,0.197,0.242
2010-08-04,19,0.124,0.13
2010-08-04,20,0.148,0.192
2010-08-04,21,0.216,0.23
2010-08-04,22,0.242,0.561
2010-08-04,23,0.221,0.235
2010-08-04,24,0.305,0.341
2010-08-05,1,0.189,0.267
2010-08-05,2,0.093,0.109
2010-08-05,3,0.081,0.103
2010-08-05,4,0.072,0.103
2010-08-05,5,0.1,0.103
2010-08-05,6,0.08,0.09
2010-08-05,7,0.102,0.105
2010-08-05,8,0.068,0.086
2010-08-05,9,0.053,0.073
2010-08-05,10,0.064,0.175
2010-08-05,11,0.045,0.405
2010-08-05,12,0.079,0.193
2010-08-05,13,0.056,0.065
2010-08-05,14,0.078,0.078
2010-08-05,15,0.111,0.128
2010-08-05,16,0.082,0.091
2010-08-05,17,0.052,0.134
2010-08-05,18,0.14,0.15
2010-08-05,19,0.163,0.208
2010-08-05,20,0.211,0.223
2010-08-05,21,0.227,0.358
2010-08-05,22,1.336,2.119
2010-08-05,23,0.325,0.581
2010-08-05,24,0.305,0.356
2010-08-06,1,0.211,0.321
2010-08-06,2,0.177,0.202
2010-08-06,3,0.17,0.189
2010-08-06,4,0.077,0.107
2010-08-06,5,0.096,0.105
2010-08-06,6,0.07,0.104
2010-08-06,7,0.103,0.103
2010-08-06,8,0.08,0.094
2010-08-06,9,0.101,0.102
2010-08-06,10,0.084,0.128
2010-08-06,11,0.374,1.104
2010-08-06,12,0.078,0.22
2010-08-06,13,0.184,0.226
2010-08-06,14,0.244,0.322
2010-08-06,15,0.319,0.328
2010-08-06,16,0.081,0.117
2010-08-06,17,0.08,0.125
2010-08-06,18,0.128,0.156
2010-08-06,19,0.142,0.147
2010-08-06,20,0.146,0.204
2010-08-06,21,0.177,0.409
2010-08-06,22,0.265,0.741
2010-08-06,23,0.287,0.325
2010-08-06,24,0.316,0.335
2010-08-07,1,0.088,0.091
2010-08-07,2,0.099,0.105
2010-08-07,3,0.075,0.094
2010-08-07,4,0.1,0.101
2010-08-07,5,0.07,0.102
2010-08-07,6,0.083,0.102
2010-08-07,7,0.087,0.103
2010-08-07,8,0.049,0.094
2010-08-07,9,0.073,0.077
2010-08-07,10,0.046,0.081
2010-08-07,11,0.129,0.681
2010-08-07,12,0.128,0.411
2010-08-07,13,0.465,0.899
2010-08-07,14,0.067,0.283
2010-08-07,15,0.278,0.658
2010-08-07,16,0.049,0.078
2010-08-07,17,0.074,0.078
2010-08-07,18,0.045,0.078
2010-08-07,19,0.076,0.079
2010-08-07,20,0.05,0.071
2010-08-07,21,0.078,0.079
2010-08-07,22,0.057,0.063
2010-08-07,23,0.078,0.079
2010-08-07,24,0.05,0.317
2010-08-08,1,0.205,0.331
2010-08-08,2,0.075,0.104
2010-08-08,3,0.084,0.103
2010-08-08,4,0.085,0.103
2010-08-08,5,0.069,0.103
2010-08-08,6,0.102,0.103
2010-08-08,7,0.086,0.086
2010-08-08,8,0.082,0.103
2010-08-08,9,0.04,0.074
2010-08-08,10,0.265,0.35
2010-08-08,11,0.064,0.325
2010-08-08,12,0.047,0.08
2010-08-08,13,1.636,2.808
2010-08-08,14,0.168,1.155
2010-08-08,15,0.081,0.343
2010-08-08,16,0.08,0.082
2010-08-08,17,0.065,0.2
2010-08-08,18,0.083,0.086
2010-08-08,19,0.173,0.68
2010-08-08,20,0.503,0.592
2010-08-08,21,0.198,0.324
2010-08-08,22,0.207,0.368
2010-08-08,23,0.297,0.299
2010-08-08,24,0.166,0.411
2010-08-09,1,0.107,0.107
2010-08-09,2,0.081,0.089
2010-08-09,3,0.102,0.103
2010-08-09,4,0.077,0.096
2010-08-09,5,0.103,0.104
2010-08-09,6,0.078,0.095
2010-08-09,7,0.103,0.104
2010-08-09,8,0.08,0.088
2010-08-09,9,0.101,0.101
2010-08-09,10,0.084,0.091
2010-08-09,11,0.303,0.469
2010-08-09,12,0.051,0.349
2010-08-09,13,0.077,0.077
2010-08-09,14,0.077,0.135
2010-08-09,15,0.067,0.077
2010-08-09,16,0.057,0.078
2010-08-09,17,0.063,0.128
2010-08-09,18,0.281,0.626
2010-08-09,19,0.167,0.239
2010-08-09,20,0.209,0.456
2010-08-09,21,0.169,0.191
2010-08-09,22,0.202,0.204
2010-08-09,23,0.364,1.571
2010-08-09,24,0.236,0.397
2010-08-10,1,0.083,0.106
2010-08-10,2,0.103,0.105
2010-08-10,3,0.077,0.095
2010-08-10,4,0.102,0.103
2010-08-10,5,0.082,0.091
2010-08-10,6,0.104,0.104
2010-08-10,7,0.082,0.091
2010-08-10,8,0.1,0.101
2010-08-10,9,0.057,0.079
2010-08-10,10,0.082,0.325
2010-08-10,11,0.077,0.103
2010-08-10,12,0.069,0.077
2010-08-10,13,0.051,0.078
2010-08-10,14,0.078,0.123
2010-08-10,15,0.201,0.272
2010-08-10,16,0.05,0.125
2010-08-10,17,0.068,0.116
2010-08-10,18,0.048,0.077
2010-08-10,19,0.077,0.151
2010-08-10,20,0.112,0.292
2010-08-10,21,0.141,0.141
2010-08-10,22,0.282,0.468
2010-08-10,23,0.308,0.308
2010-08-10,24,0.321,0.51
2010-08-11,1,0.294,0.296
2010-08-11,2,0.085,0.128
2010-08-11,3,0.103,0.105
2010-08-11,4,0.078,0.095
2010-08-11,5,0.101,0.103
2010-08-11,6,0.072,0.104
2010-08-11,7,0.082,0.103
2010-08-11,8,0.086,0.101
2010-08-11,9,0.046,0.102
2010-08-11,10,0.358,0.555
2010-08-11,11,0.199,0.213
2010-08-11,12,0.065,0.078
2010-08-11,13,0.051,0.077
2010-08-11,14,0.07,0.078
2010-08-11,15,0.045,0.078
2010-08-11,16,0.076,0.079
2010-08-11,17,0.069,0.139
2010-08-11,18,0.299,0.478
2010-08-11,19,0.108,0.153
2010-08-11,20,0.14,0.154
2010-08-11,21,0.738,0.889
2010-08-11,22,0.3,0.376
2010-08-11,23,0.298,0.304
2010-08-11,24,0.322,0.339
2010-08-12,1,0.175,0.319
2010-08-12,2,0.083,0.107
2010-08-12,3,0.09,0.104
2010-08-12,4,0.082,0.102
2010-08-12,5,0.088,0.102
2010-08-12,6,0.085,0.102
2010-08-12,7,0.079,0.104
2010-08-12,8,0.092,0.101
2010-08-12,9,0.047,0.1
2010-08-12,10,0.074,0.075
2010-08-12,11,0.089,0.225
2010-08-12,12,0.2,0.231
2010-08-12,13,0.051,0.108
2010-08-12,14,0.077,0.079
2010-08-12,15,0.059,0.064
2010-08-12,16,0.077,0.078
2010-08-12,17,0.044,0.248
2010-08-12,18,0.199,0.201
2010-08-12,19,0.176,0.514
2010-08-12,20,0.202,0.21
2010-08-12,21,0.178,0.32
2010-08-12,22,0.329,0.586
2010-08-12,23,0.271,0.297
2010-08-12,24,0.269,0.482
2010-08-13,1,0.2,0.275
2010-08-13,2,0.096,0.139
2010-08-13,3,0.08,0.104
2010-08-13,4,0.079,0.104
2010-08-13,5,0.091,0.105
2010-08-13,6,0.071,0.102
2010-08-13,7,0.104,0.104
2010-08-13,8,0.082,0.086
2010-08-13,9,0.081,0.088
2010-08-13,10,0.044,0.669
2010-08-13,11,0.069,0.444
2010-08-13,12,0.053,0.078
2010-08-13,13,0.051,0.077
2010-08-13,14,0.07,0.255
2010-08-13,15,0.051,0.078
2010-08-13,16,0.071,0.078
2010-08-13,17,0.078,0.088
2010-08-13,18,0.62,1.421
2010-08-13,19,0.111,0.338
2010-08-13,20,0.146,0.39
2010-08-13,21,0.159,0.215
2010-08-13,22,0.277,0.605
2010-08-13,23,0.305,0.31
2010-08-13,24,0.305,0.307
2010-08-14,1,0.25,0.274
2010-08-14,2,0.09,0.108
2010-08-14,3,0.089,0.103
2010-08-14,4,0.075,0.102
2010-08-14,5,0.106,0.106
2010-08-14,6,0.069,0.106
2010-08-14,7,0.074,0.106
2010-08-14,8,0.099,0.105
2010-08-14,9,0.077,0.095
2010-08-14,10,0.106,0.312
2010-08-14,11,0.208,0.584
2010-08-14,12,0.163,1.034
2010-08-14,13,0.085,0.485
2010-08-14,14,0.053,0.07
2010-08-14,15,0.081,0.081
2010-08-14,16,0.05,0.076
2010-08-14,17,0.068,0.082
2010-08-14,18,0.072,0.087
2010-08-14,19,0.107,0.169
2010-08-14,20,0.205,0.251
2010-08-14,21,0.187,0.224
2010-08-14,22,0.315,0.523
2010-08-14,23,0.294,0.311
2010-08-14,24,0.27,0.329
2010-08-15,1,0.109,0.225
2010-08-15,2,0.081,0.101
2010-08-15,3,0.09,0.107
2010-08-15,4,0.087,0.106
2010-08-15,5,0.083,0.092
2010-08-15,6,0.094,0.107
2010-08-15,7,0.082,0.107
2010-08-15,8,0.083,0.093
2010-08-15,9,0.068,0.106
2010-08-15,10,0.069,0.249
2010-08-15,11,0.067,0.699
2010-08-15,12,0.073,0.084
2010-08-15,13,0.053,0.083
2010-08-15,14,0.05,0.077
2010-08-15,15,0.084,0.132
2010-08-15,16,0.122,0.158
2010-08-15,17,0.151,0.249
2010-08-15,18,0.143,0.144
2010-08-15,19,0.167,0.338
2010-08-15,20,0.13,0.156
2010-08-15,21,0.13,0.15
2010-08-15,22,0.309,0.434
2010-08-15,23,0.332,0.333
2010-08-15,24,0.278,0.314
2010-08-16,1,0.265,0.315
2010-08-16,2,0.113,0.126
2010-08-16,3,0.072,0.108
2010-08-16,4,0.072,0.109
2010-08-16,5,0.103,0.108
2010-08-16,6,0.073,0.103
2010-08-16,7,0.07,0.108
2010-08-16,8,0.103,0.107
2010-08-16,9,0.069,0.088
2010-08-16,10,0.079,0.308
2010-08-16,11,0.09,0.156
2010-08-16,12,0.044,0.084
2010-08-16,13,0.044,0.082
2010-08-16,14,0.082,0.084
2010-08-16,15,0.044,0.084
2010-08-16,16,0.055,0.076
2010-08-16,17,0.091,0.199
2010-08-16,18,0.189,0.776
2010-08-16,19,0.556,0.564
2010-08-16,20,0.306,0.441
2010-08-16,21,0.264,0.309
2010-08-16,22,0.264,0.308
2010-08-16,23,0.453,0.736
2010-08-16,24,0.235,0.277
2010-08-17,1,0.075,0.226
2010-08-17,2,0.111,0.112
2010-08-17,3,0.071,0.109
2010-08-17,4,0.07,0.109
2010-08-17,5,0.111,0.111
2010-08-17,6,0.07,0.109
2010-08-17,7,0.074,0.106
2010-08-17,8,0.096,0.107
2010-08-17,9,0.084,0.115
2010-08-17,10,0.078,0.707
2010-08-17,11,0.059,0.62
2010-08-17,12,0.07,0.085
2010-08-17,13,0.062,0.069
2010-08-17,14,0.085,0.147
2010-08-17,15,0.067,0.118
2010-08-17,16,0.219,0.275
2010-08-17,17,0.163,0.204
2010-08-17,18,0.177,0.21
2010-08-17,19,0.306,0.541
2010-08-17,20,0.186,0.271
2010-08-17,21,0.204,0.223
2010-08-17,22,0.31,0.684
2010-08-17,23,0.314,0.326
2010-08-17,24,0.292,0.416
2010-08-18,1,0.134,0.226
2010-08-18,2,0.079,0.115
2010-08-18,3,0.086,0.108
2010-08-18,4,0.092,0.101
2010-08-18,5,0.097,0.098
2010-08-18,6,0.094,0.1
2010-08-18,7,0.09,0.103
2010-08-18,8,0.085,0.105
2010-08-18,9,0.084,0.108
2010-08-18,10,0.11,0.11
2010-08-18,11,0.049,0.304
2010-08-18,12,0.044,0.097
2010-08-18,13,0.044,0.099
2010-08-18,14,0.045,0.099
2010-08-18,15,0.045,0.101
2010-08-18,16,0.101,0.304
2010-08-18,17,0.104,0.156
2010-08-18,18,0.13,0.163
2010-08-18,19,0.853,1.284
2010-08-18,20,0.197,0.206
2010-08-18,21,0.195,0.551
2010-08-18,22,0.449,0.576
2010-08-18,23,0.286,0.319
2010-08-18,24,0.267,0.298
2010-08-19,1,0.133,0.134
2010-08-19,2,0.071,0.126
2010-08-19,3,0.07,0.128
2010-08-19,4,0.07,0.126
2010-08-19,5,0.069,0.128
2010-08-19,6,0.069,0.122
2010-08-19,7,0.073,0.118
2010-08-19,8,0.076,0.112
2010-08-19,9,0.082,0.106
2010-08-19,10,0.139,0.308
2010-08-19,11,0.053,0.095
2010-08-19,12,0.051,0.096
2010-08-19,13,0.052,0.095
2010-08-19,14,0.052,0.885
2010-08-19,15,0.045,0.101
2010-08-19,16,0.195,0.298
2010-08-19,17,0.269,0.422
2010-08-19,18,0.182,0.223
2010-08-19,19,0.208,0.216
2010-08-19,20,0.294,0.352
2010-08-19,21,0.264,0.344
2010-08-19,22,0.265,0.323
2010-08-19,23,1.152,1.516
2010-08-19,24,0.276,0.344
2010-08-20,1,0.244,0.293
2010-08-20,2,0.202,0.342
2010-08-20,3,0.099,0.23
2010-08-20,4,0.108,0.108
2010-08-20,5,0.09,0.118
2010-08-20,6,0.082,0.125
2010-08-20,7,0.073,0.126
2010-08-20,8,0.069,0.127
2010-08-20,9,0.068,0.126
2010-08-20,10,0.069,0.148
2010-08-20,11,0.222,0.371
2010-08-20,12,0.072,0.11
2010-08-20,13,0.06,0.089
2010-08-20,14,0.06,0.099
2010-08-20,15,0.045,0.103
2010-08-20,16,0.044,0.101
2010-08-20,17,0.067,0.104
2010-08-20,18,0.117,0.17
2010-08-20,19,0.176,1.255
2010-08-20,20,0.13,0.199
2010-08-20,21,0.181,0.219
2010-08-20,22,0.308,0.59
2010-08-20,23,0.288,0.328
2010-08-20,24,0.272,0.314
2010-08-21,1,0.111,0.13
2010-08-21,2,0.072,0.131
2010-08-21,3,0.07,0.129
2010-08-21,4,0.07,0.13
2010-08-21,5,0.069,0.129
2010-08-21,6,0.069,0.13
2010-08-21,7,0.069,0.124
2010-08-21,8,0.045,0.097
2010-08-21,9,0.037,0.092
2010-08-21,10,0.044,0.117
2010-08-21,11,0.548,0.598
2010-08-21,12,0.157,0.28
2010-08-21,13,0.798,0.956
2010-08-21,14,0.074,0.111
2010-08-21,15,0.05,0.092
2010-08-21,16,0.052,0.087
2010-08-21,17,0.06,0.08
2010-08-21,18,0.09,0.194
2010-08-21,19,0.154,0.194
2010-08-21,20,0.141,0.174
2010-08-21,21,0.392,0.709
2010-08-21,22,0.417,0.573
2010-08-21,23,0.274,0.311
2010-08-21,24,0.276,0.325
2010-08-22,1,0.097,0.116
2010-08-22,2,0.079,0.111
2010-08-22,3,0.085,0.105
2010-08-22,4,0.091,0.098
2010-08-22,5,0.093,0.096
2010-08-22,6,0.085,0.103
2010-08-22,7,0.073,0.111
2010-08-22,8,0.047,0.122
2010-08-22,9,0.093,0.1
2010-08-22,10,0.052,0.397
2010-08-22,11,0.042,0.103
2010-08-22,12,0.042,0.103
2010-08-22,13,0.099,0.39
2010-08-22,14,0.299,0.41
2010-08-22,15,0.042,0.102
2010-08-22,16,0.049,0.098
2010-08-22,17,0.138,0.18
2010-08-22,18,0.178,0.211
2010-08-22,19,0.198,0.29
2010-08-22,20,0.198,0.203
2010-08-22,21,0.41,0.451
2010-08-22,22,0.287,0.299
2010-08-22,23,0.248,0.335
2010-08-22,24,0.229,0.305
2010-08-23,1,0.087,0.139
2010-08-23,2,0.087,0.112
2010-08-23,3,0.093,0.107
2010-08-23,4,0.1,0.101
2010-08-23,5,0.092,0.108
2010-08-23,6,0.084,0.116
2010-08-23,7,0.075,0.122
2010-08-23,8,0.068,0.13
2010-08-23,9,0.068,0.129
2010-08-23,10,0.068,0.131
2010-08-23,11,0.284,0.296
2010-08-23,12,0.098,0.381
2010-08-23,13,0.051,0.09
2010-08-23,14,0.056,0.085
2010-08-23,15,0.063,0.078
2010-08-23,16,0.07,0.07
2010-08-23,17,0.062,0.078
2010-08-23,18,0.125,0.164
2010-08-23,19,0.555,0.582
2010-08-23,20,0.23,0.396
2010-08-23,21,0.385,0.398
2010-08-23,22,0.372,0.404
2010-08-23,23,0.473,1.218
2010-08-23,24,0.221,0.284
2010-08-24,1,0.072,0.137
2010-08-24,2,0.069,0.135
2010-08-24,3,0.076,0.126
2010-08-24,4,0.093,0.11
2010-08-24,5,0.092,0.111
2010-08-24,6,0.073,0.128
2010-08-24,7,0.069,0.134
2010-08-24,8,0.068,0.119
2010-08-24,9,0.081,0.097
2010-08-24,10,0.265,0.576
2010-08-24,11,0.044,0.09
2010-08-24,12,0.044,0.11
2010-08-24,13,0.105,0.227
2010-08-24,14,0.044,0.109
2010-08-24,15,0.095,0.59
2010-08-24,16,0.566,1.537
2010-08-24,17,0.185,0.231
2010-08-24,18,0.211,0.212
2010-08-24,19,0.229,0.458
2010-08-24,20,0.185,0.232
2010-08-24,21,0.288,0.316
2010-08-24,22,0.256,0.647
2010-08-24,23,0.262,0.324
2010-08-24,24,0.337,0.402
2010-08-25,1,0.1,0.104
2010-08-25,2,0.083,0.104
2010-08-25,3,0.069,0.12
2010-08-25,4,0.068,0.133
2010-08-25,5,0.077,0.126
2010-08-25,6,0.102,0.103
2010-08-25,7,0.065,0.112
2010-08-25,8,0.045,0.099
2010-08-25,9,0.05,0.066
2010-08-25,10,0.039,0.083
2010-08-25,11,0.044,0.235
2010-08-25,12,0.089,0.423
2010-08-25,13,0.067,0.09
2010-08-25,14,0.045,0.114
2010-08-25,15,0.045,0.094
2010-08-25,16,0.063,0.065
2010-08-25,17,0.277,0.281
2010-08-25,18,0.358,0.574
2010-08-25,19,0.136,0.152
2010-08-25,20,0.126,0.199
2010-08-25,21,0.199,0.219
2010-08-25,22,0.619,2.186
2010-08-25,23,0.341,0.647
2010-08-25,24,0.635,0.654
2010-08-26,1,0.309,0.337
2010-08-26,2,0.323,0.358
2010-08-26,3,0.235,0.367
2010-08-26,4,0.238,0.313
2010-08-26,5,0.273,0.281
2010-08-26,6,0.235,0.31
2010-08-26,7,0.212,0.213
2010-08-26,8,0.169,0.211
2010-08-26,9,0.125,0.242
2010-08-26,10,0.066,0.102
2010-08-26,11,0.255,0.269
2010-08-26,12,0.188,0.224
2010-08-26,13,0.206,0.852
2010-08-26,14,0.3,0.797
2010-08-26,15,0.146,1.467
2010-08-26,16,0.405,1.11
2010-08-26,17,0.108,0.152
2010-08-26,18,0.048,0.125
2010-08-26,19,0.089,0.095
2010-08-26,20,0.059,1.084
2010-08-26,21,0.233,0.31
2010-08-26,22,0.345,0.576
2010-08-26,23,0.309,0.328
2010-08-26,24,0.308,0.459
2010-08-27,1,0.078,0.108
2010-08-27,2,0.086,0.15
2010-08-27,3,0.085,0.146
2010-08-27,4,0.081,0.088
2010-08-27,5,0.083,0.145
2010-08-27,6,0.083,0.146
2010-08-27,7,0.074,0.089
2010-08-27,8,0.102,0.146
2010-08-27,9,0.055,0.383
2010-08-27,10,0.044,0.384
2010-08-27,11,0.08,0.122
2010-08-27,12,0.054,0.385
2010-08-27,13,0.045,0.13
2010-08-27,14,0.109,0.201
2010-08-27,15,0.047,0.158
2010-08-27,16,0.1,0.166
2010-08-27,17,0.157,0.177
2010-08-27,18,0.105,0.195
2010-08-27,19,0.223,0.59
2010-08-27,20,0.246,0.489
2010-08-27,21,0.286,0.577
2010-08-27,22,0.28,0.51
2010-08-27,23,0.302,0.353
2010-08-27,24,0.316,0.459
2010-08-28,1,0.082,0.147
2010-08-28,2,0.121,0.152
2010-08-28,3,0.068,0.127
2010-08-28,4,0.075,0.144
2010-08-28,5,0.091,0.145
2010-08-28,6,0.068,0.124
2010-08-28,7,0.112,0.144
2010-08-28,8,0.067,0.126
2010-08-28,9,0.098,0.146
2010-08-28,10,0.068,0.109
2010-08-28,11,0.243,0.275
2010-08-28,12,0.1,0.113
2010-08-28,13,0.042,0.064
2010-08-28,14,0.113,0.116
2010-08-28,15,0.044,0.086
2010-08-28,16,0.079,0.117
2010-08-28,17,0.097,0.341
2010-08-28,18,0.224,0.337
2010-08-28,19,0.184,0.38
2010-08-28,20,0.453,0.455
2010-08-28,21,0.267,0.313
2010-08-28,22,0.31,0.339
2010-08-28,23,0.254,0.294
2010-08-28,24,0.316,0.331
2010-08-29,1,0.198,0.206
2010-08-29,2,0.31,0.395
2010-08-29,3,0.22,0.314
2010-08-29,4,0.13,0.142
2010-08-29,5,0.068,0.068
2010-08-29,6,0.14,0.141
2010-08-29,7,0.139,0.14
2010-08-29,8,0.071,0.139
2010-08-29,9,0.066,0.114
2010-08-29,10,0.136,0.138
2010-08-29,11,0.129,0.406
2010-08-29,12,0.112,0.114
2010-08-29,13,0.059,0.111
2010-08-29,14,0.043,0.074
2010-08-29,15,0.115,0.117
2010-08-29,16,0.107,0.115
2010-08-29,17,0.048,0.049
2010-08-29,18,0.11,0.114
2010-08-29,19,0.121,0.163
2010-08-29,20,0.161,0.452
2010-08-29,21,0.314,0.602
2010-08-29,22,0.349,0.471
2010-08-29,23,0.269,0.328
2010-08-29,24,0.148,0.231
2010-08-30,1,0.071,0.131
2010-08-30,2,0.069,0.13
2010-08-30,3,0.143,0.144
2010-08-30,4,0.142,0.142
2010-08-30,5,0.121,0.142
2010-08-30,6,0.069,0.069
2010-08-30,7,0.112,0.143
2010-08-30,8,0.156,0.576
2010-08-30,9,0.116,0.117
2010-08-30,10,0.044,0.079
2010-08-30,11,0.044,0.113
2010-08-30,12,0.12,0.121
2010-08-30,13,0.046,0.079
2010-08-30,14,0.055,0.124
2010-08-30,15,0.121,0.121
2010-08-30,16,0.045,0.053
2010-08-30,17,0.398,1.497
2010-08-30,18,0.18,0.978
2010-08-30,19,0.182,0.721
2010-08-30,20,0.208,0.339
2010-08-30,21,0.32,0.322
2010-08-30,22,0.321,0.323
2010-08-30,23,0.958,1.084
2010-08-30,24,0.37,0.713
2010-08-31,1,0.071,0.074
2010-08-31,2,0.135,0.147
2010-08-31,3,0.146,0.146
2010-08-31,4,0.07,0.084
2010-08-31,5,0.104,0.147
2010-08-31,6,0.144,0.145
2010-08-31,7,0.068,0.134
2010-08-31,8,0.068,0.12
2010-08-31,9,0.141,0.145
2010-08-31,10,0.146,0.198
2010-08-31,11,0.045,0.12
2010-08-31,12,0.119,0.12
2010-08-31,13,0.045,0.109
2010-08-31,14,0.044,0.18
2010-08-31,15,0.121,0.312
2010-08-31,16,0.119,0.12
2010-08-31,17,0.119,0.189
2010-08-31,18,0.182,1.098
2010-08-31,19,0.25,0.618
2010-08-31,20,0.359,0.696
2010-08-31,21,0.274,0.328
2010-08-31,22,0.407,0.734
2010-08-31,23,0.384,0.405
2010-08-31,24,0.134,0.136
2010-09-01,1,0.21,0.213
2010-09-01,2,0.203,0.205
2010-09-01,3,0.128,0.146
2010-09-01,4,0.175,0.207
2010-09-01,5,0.166,0.206
2010-09-01,6,0.128,0.158
2010-09-01,7,0.202,0.205
2010-09-01,8,0.244,0.624
2010-09-01,9,0.127,0.175
2010-09-01,10,0.101,0.131
2010-09-01,11,0.177,0.18
2010-09-01,12,0.101,0.175
2010-09-01,13,0.101,0.169
2010-09-01,14,0.178,0.181
2010-09-01,15,0.101,0.101
2010-09-01,16,0.176,0.179
2010-09-01,17,0.145,0.3
2010-09-01,18,0.243,0.805
2010-09-01,19,0.231,0.247
2010-09-01,20,0.194,0.482
2010-09-01,21,0.284,0.358
2010-09-01,22,0.383,0.572
2010-09-01,23,0.272,0.305
2010-09-01,24,0.28,0.347
2010-09-02,1,0.151,0.152
2010-09-02,2,0.069,0.071
2010-09-02,3,0.143,0.149
2010-09-02,4,0.147,0.148
2010-09-02,5,0.07,0.076
2010-09-02,6,0.131,0.147
2010-09-02,7,0.117,0.148
2010-09-02,8,0.068,0.088
2010-09-02,9,0.144,0.148
2010-09-02,10,0.047,0.355
2010-09-02,11,0.084,0.123
2010-09-02,12,0.086,0.121
2010-09-02,13,0.045,0.081
2010-09-02,14,0.123,0.125
2010-09-02,15,0.122,0.123
2010-09-02,16,0.039,0.049
2010-09-02,17,0.197,0.264
2010-09-02,18,0.187,0.289
2010-09-02,19,0.174,0.193
2010-09-02,20,0.113,1.05
2010-09-02,21,0.385,0.412
2010-09-02,22,0.451,0.597
2010-09-02,23,0.272,0.282
2010-09-02,24,0.154,0.28
2010-09-03,1,0.131,0.151
2010-09-03,2,0.07,0.087
2010-09-03,3,0.148,0.151
2010-09-03,4,0.148,0.149
2010-09-03,5,0.069,0.07
2010-09-03,6,0.143,0.148
2010-09-03,7,0.145,0.147
2010-09-03,8,0.144,0.48
2010-09-03,9,0.12,0.122
2010-09-03,10,0.098,0.121
2010-09-03,11,0.044,0.063
2010-09-03,12,0.122,0.124
2010-09-03,13,0.101,0.122
2010-09-03,14,0.044,0.06
2010-09-03,15,0.123,0.126
2010-09-03,16,0.097,0.124
2010-09-03,17,0.06,0.165
2010-09-03,18,0.189,0.343
2010-09-03,19,0.196,0.29
2010-09-03,20,0.222,0.473
2010-09-03,21,0.318,0.34
2010-09-03,22,0.341,0.344
2010-09-03,23,0.281,0.31
2010-09-03,24,0.202,0.222
2010-09-04,1,0.266,0.347
2010-09-04,2,0.15,0.186
2010-09-04,3,0.07,0.104
2010-09-04,4,0.117,0.15
2010-09-04,5,0.142,0.149
2010-09-04,6,0.069,0.077
2010-09-04,7,0.149,0.151
2010-09-04,8,0.147,0.149
2010-09-04,9,0.069,0.125
2010-09-04,10,0.082,0.351
2010-09-04,11,0.491,0.529
2010-09-04,12,0.345,0.889
2010-09-04,13,0.098,0.265
2010-09-04,14,0.048,0.066
2010-09-04,15,0.128,0.13
2010-09-04,16,0.128,0.131
2010-09-04,17,0.18,0.264
2010-09-04,18,0.28,0.287
2010-09-04,19,0.269,0.521
2010-09-04,20,0.266,0.47
2010-09-04,21,0.266,0.342
2010-09-04,22,0.317,0.378
2010-09-04,23,0.293,0.333
2010-09-04,24,0.235,0.333
2010-09-05,1,0.161,0.277
2010-09-05,2,0.071,0.146
2010-09-05,3,0.069,0.151
2010-09-05,4,0.149,0.149
2010-09-05,5,0.14,0.149
2010-09-05,6,0.069,0.069
2010-09-05,7,0.149,0.149
2010-09-05,8,0.148,0.149
2010-09-05,9,0.067,0.096
2010-09-05,10,0.114,0.814
2010-09-05,11,0.986,1.348
2010-09-05,12,0.761,0.816
2010-09-05,13,2.336,3.34
2010-09-05,14,0.451,1.348
2010-09-05,15,0.236,0.279
2010-09-05,16,0.133,0.138
2010-09-05,17,0.2,0.224
2010-09-05,18,0.211,0.389
2010-09-05,19,0.292,0.633
2010-09-05,20,0.383,0.565
2010-09-05,21,0.284,0.308
2010-09-05,22,0.419,0.464
2010-09-05,23,0.156,0.272
2010-09-05,24,0.071,0.128
2010-09-06,1,0.107,0.148
2010-09-06,2,0.151,0.152
2010-09-06,3,0.069,0.085
2010-09-06,4,0.152,0.154
2010-09-06,5,0.104,0.152
2010-09-06,6,0.069,0.125
2010-09-06,7,0.151,0.152
2010-09-06,8,0.393,0.487
2010-09-06,9,0.043,0.055
2010-09-06,10,0.118,0.127
2010-09-06,11,0.084,0.126
2010-09-06,12,0.043,0.091
2010-09-06,13,0.125,0.126
2010-09-06,14,0.044,0.106
2010-09-06,15,0.067,0.128
2010-09-06,16,0.111,0.126
2010-09-06,17,0.166,0.301
2010-09-06,18,0.361,0.677
2010-09-06,19,0.345,0.366
2010-09-06,20,0.266,0.435
2010-09-06,21,0.336,0.356
2010-09-06,22,0.287,0.35
2010-09-06,23,1.088,1.244
2010-09-06,24,0.548,0.922
2010-09-07,1,0.341,0.773
2010-09-07,2,0.106,0.155
2010-09-07,3,0.134,0.152
2010-09-07,4,0.07,0.095
2010-09-07,5,0.153,0.153
2010-09-07,6,0.07,0.146
2010-09-07,7,0.075,0.153
2010-09-07,8,0.136,0.15
2010-09-07,9,0.041,0.072
2010-09-07,10,0.096,1.172
2010-09-07,11,0.126,0.256
2010-09-07,12,0.044,0.067
2010-09-07,13,0.108,0.216
2010-09-07,14,0.143,0.175
2010-09-07,15,0.117,0.377
2010-09-07,16,0.128,0.128
2010-09-07,17,0.132,0.311
2010-09-07,18,0.249,0.252
2010-09-07,19,0.34,0.394
2010-09-07,20,0.267,0.274
2010-09-07,21,0.297,0.363
2010-09-07,22,0.347,0.35
2010-09-07,23,0.216,0.23
2010-09-07,24,0.164,0.44
2010-09-08,1,0.088,0.156
2010-09-08,2,0.069,0.146
2010-09-08,3,0.152,0.152
2010-09-08,4,0.069,0.101
2010-09-08,5,0.127,0.153
2010-09-08,6,0.123,0.151
2010-09-08,7,0.068,0.098
2010-09-08,8,0.162,0.578
2010-09-08,9,0.112,0.125
2010-09-08,10,0.044,0.065
2010-09-08,11,0.128,0.13
2010-09-08,12,0.045,0.098
2010-09-08,13,0.086,0.129
2010-09-08,14,0.043,0.124
2010-09-08,15,0.064,0.13
2010-09-08,16,0.082,0.128
2010-09-08,17,0.2,0.671
2010-09-08,18,0.267,0.269
2010-09-08,19,0.167,0.192
2010-09-08,20,0.204,0.315
2010-09-08,21,0.345,0.538
2010-09-08,22,0.264,0.305
2010-09-08,23,0.382,0.521
2010-09-08,24,0.29,0.358
2010-09-09,1,0.286,0.295
2010-09-09,2,0.123,0.161
2010-09-09,3,0.069,0.112
2010-09-09,4,0.154,0.156
2010-09-09,5,0.07,0.088
2010-09-09,6,0.145,0.154
2010-09-09,7,0.083,0.152
2010-09-09,8,0.069,0.141
2010-09-09,9,0.144,0.152
2010-09-09,10,0.069,0.266
2010-09-09,11,0.126,0.194
2010-09-09,12,0.055,0.126
2010-09-09,13,0.044,0.13
2010-09-09,14,0.106,0.13
2010-09-09,15,0.054,0.14
2010-09-09,16,0.137,0.137
2010-09-09,17,0.177,0.206
2010-09-09,18,0.311,0.458
2010-09-09,19,0.274,0.418
2010-09-09,20,0.21,0.281
2010-09-09,21,0.309,0.493
2010-09-09,22,0.377,0.628
2010-09-09,23,0.367,0.374
2010-09-09,24,0.073,0.117
2010-09-10,1,0.159,0.162
2010-09-10,2,0.128,0.156
2010-09-10,3,0.068,0.112
2010-09-10,4,0.153,0.153
2010-09-10,5,0.068,0.139
2010-09-10,6,0.096,0.154
2010-09-10,7,0.152,0.153
2010-09-10,8,0.176,0.379
2010-09-10,9,0.128,0.129
2010-09-10,10,0.072,0.128
2010-09-10,11,0.045,0.11
2010-09-10,12,0.129,0.13
2010-09-10,13,0.047,0.055
2010-09-10,14,0.131,0.133
2010-09-10,15,0.045,0.103
2010-09-10,16,0.088,0.132
2010-09-10,17,0.083,0.128
2010-09-10,18,0.09,0.342
2010-09-10,19,0.259,0.265
2010-09-10,20,0.271,0.317
2010-09-10,21,0.359,1.05
2010-09-10,22,0.378,1.866
2010-09-10,23,0.632,2.475
2010-09-10,24,0.328,0.339
2010-09-11,1,0.161,0.208
2010-09-11,2,0.069,0.141
2010-09-11,3,0.1,0.155
2010-09-11,4,0.153,0.154
2010-09-11,5,0.071,0.079
2010-09-11,6,0.153,0.156
2010-09-11,7,0.08,0.153
2010-09-11,8,0.068,0.154
2010-09-11,9,0.151,0.152
2010-09-11,10,0.11,0.31
2010-09-11,11,0.176,0.196
2010-09-11,12,0.146,0.245
2010-09-11,13,0.043,0.103
2010-09-11,14,0.091,0.129
2010-09-11,15,0.11,0.128
2010-09-11,16,0.111,0.202
2010-09-11,17,0.244,0.244
2010-09-11,18,0.16,0.223
2010-09-11,19,0.202,0.256
2010-09-11,20,0.255,0.264
2010-09-11,21,0.294,0.408
2010-09-11,22,0.36,0.4
2010-09-11,23,0.296,0.353
2010-09-11,24,0.347,0.535
2010-09-12,1,0.156,0.203
2010-09-12,2,0.089,0.153
2010-09-12,3,0.07,0.14
2010-09-12,4,0.154,0.154
2010-09-12,5,0.07,0.143
2010-09-12,6,0.082,0.157
2010-09-12,7,0.154,0.154
2010-09-12,8,0.078,0.141
2010-09-12,9,0.083,0.154
2010-09-12,10,0.151,0.279
2010-09-12,11,0.173,0.265
2010-09-12,12,0.045,0.143
2010-09-12,13,0.129,0.294
2010-09-12,14,0.081,0.129
2010-09-12,15,0.045,0.092
2010-09-12,16,0.13,0.186
2010-09-12,17,0.546,0.728
2010-09-12,18,0.259,0.262
2010-09-12,19,0.251,2.395
2010-09-12,20,0.481,2.048
2010-09-12,21,0.261,0.484
2010-09-12,22,0.331,0.35
2010-09-12,23,0.296,0.356
2010-09-12,24,0.075,0.1
2010-09-13,1,0.155,0.156
2010-09-13,2,0.069,0.146
2010-09-13,3,0.072,0.158
2010-09-13,4,0.154,0.155
2010-09-13,5,0.07,0.13
2010-09-13,6,0.087,0.154
2010-09-13,7,0.153,0.155
2010-09-13,8,0.133,0.584
2010-09-13,9,0.111,0.127
2010-09-13,10,0.118,0.127
2010-09-13,11,0.045,0.045
2010-09-13,12,0.128,0.129
2010-09-13,13,0.11,0.129
2010-09-13,14,0.044,0.052
2010-09-13,15,0.128,0.13
2010-09-13,16,0.044,0.124
2010-09-13,17,0.194,0.23
2010-09-13,18,0.246,0.637
2010-09-13,19,0.404,0.516
2010-09-13,20,0.274,0.322
2010-09-13,21,0.259,0.352
2010-09-13,22,0.353,0.353
2010-09-13,23,0.354,1.016
2010-09-13,24,0.264,0.282
2010-09-14,1,0.144,0.157
2010-09-14,2,0.144,0.155
2010-09-14,3,0.07,0.074
2010-09-14,4,0.153,0.157
2010-09-14,5,0.152,0.154
2010-09-14,6,0.069,0.083
2010-09-14,7,0.132,0.152
2010-09-14,8,0.15,0.15
2010-09-14,9,0.074,0.097
2010-09-14,10,0.128,0.278
2010-09-14,11,0.129,0.13
2010-09-14,12,0.045,0.073
2010-09-14,13,0.096,0.13
2010-09-14,14,0.129,0.129
2010-09-14,15,0.045,0.073
2010-09-14,16,0.094,0.13
2010-09-14,17,0.128,0.252
2010-09-14,18,0.21,0.214
2010-09-14,19,0.171,0.194
2010-09-14,20,0.408,0.738
2010-09-14,21,0.335,0.445
2010-09-14,22,0.326,0.507
2010-09-14,23,0.339,0.358
2010-09-14,24,0.158,0.335
2010-09-15,1,0.072,0.152
2010-09-15,2,0.068,0.142
2010-09-15,3,0.151,0.151
2010-09-15,4,0.151,0.152
2010-09-15,5,0.069,0.071
2010-09-15,6,0.126,0.151
2010-09-15,7,0.151,0.151
2010-09-15,8,0.362,0.851
2010-09-15,9,0.045,0.113
2010-09-15,10,0.045,0.121
2010-09-15,11,0.127,0.128
2010-09-15,12,0.066,0.126
2010-09-15,13,0.044,0.084
2010-09-15,14,0.125,0.128
2010-09-15,15,0.045,0.115
2010-09-15,16,0.044,0.126
2010-09-15,17,0.226,0.31
2010-09-15,18,0.189,0.194
2010-09-15,19,0.104,0.127
2010-09-15,20,0.151,0.68
2010-09-15,21,0.304,0.369
2010-09-15,22,0.341,0.54
2010-09-15,23,0.32,0.321
2010-09-15,24,0.155,0.156
2010-09-16,1,0.12,0.156
2010-09-16,2,0.07,0.078
2010-09-16,3,0.153,0.156
2010-09-16,4,0.143,0.153
2010-09-16,5,0.07,0.07
2010-09-16,6,0.14,0.152
2010-09-16,7,0.15,0.151
2010-09-16,8,0.173,0.319
2010-09-16,9,0.125,0.128
2010-09-16,10,0.0,0.122
2010-09-16,11,0.0,0.0
2010-09-16,12,0.0,0.0
2010-09-16,13,0.0,0.111
2010-09-16,14,0.126,0.131
2010-09-16,15,0.124,0.125
2010-09-16,16,0.124,0.124
2010-09-16,17,0.094,0.124
2010-09-16,18,0.041,0.052
2010-09-16,19,0.166,0.323
2010-09-16,20,0.282,0.308
2010-09-16,21,0.206,0.255
2010-09-16,22,0.205,0.311
2010-09-16,23,0.169,0.583
2010-09-16,24,0.15,0.154
2010-09-17,1,0.072,0.072
2010-09-17,2,0.133,0.153
2010-09-17,3,0.152,0.152
2010-09-17,4,0.07,0.094
2010-09-17,5,0.102,0.153
2010-09-17,6,0.149,0.151
2010-09-17,7,0.093,0.15
2010-09-17,8,0.303,0.509
2010-09-17,9,0.125,0.126
2010-09-17,10,0.124,0.125
2010-09-17,11,0.043,0.052
2010-09-17,12,0.091,0.127
2010-09-17,13,0.126,0.127
2010-09-17,14,0.045,0.076
2010-09-17,15,0.077,0.25
2010-09-17,16,0.126,0.126
2010-09-17,17,0.298,0.43
2010-09-17,18,0.191,0.193
2010-09-17,19,0.251,0.652
2010-09-17,20,0.169,0.205
2010-09-17,21,0.343,0.443
2010-09-17,22,0.348,0.493
2010-09-17,23,0.356,0.438
2010-09-17,24,0.279,0.288
2010-09-18,1,0.159,0.246
2010-09-18,2,0.154,0.157
2010-09-18,3,0.07,0.139
2010-09-18,4,0.069,0.125
2010-09-18,5,0.151,0.152
2010-09-18,6,0.151,0.151
2010-09-18,7,0.132,0.15
2010-09-18,8,0.071,0.076
2010-09-18,9,0.104,0.149
2010-09-18,10,0.147,0.149
2010-09-18,11,0.994,1.12
2010-09-18,12,1.662,2.566
2010-09-18,13,0.101,0.362
2010-09-18,14,0.044,0.045
2010-09-18,15,0.101,0.125
2010-09-18,16,0.124,0.125
2010-09-18,17,0.117,0.124
2010-09-18,18,0.147,0.258
2010-09-18,19,0.372,0.416
2010-09-18,20,0.297,0.34
2010-09-18,21,0.294,0.424
2010-09-18,22,0.388,0.433
2010-09-18,23,0.357,0.359
2010-09-18,24,0.351,0.352
2010-09-19,1,0.159,0.271
2010-09-19,2,0.075,0.132
2010-09-19,3,0.155,0.156
2010-09-19,4,0.152,0.153
2010-09-19,5,0.07,0.151
2010-09-19,6,0.069,0.091
2010-09-19,7,0.15,0.153
2010-09-19,8,0.149,0.15
2010-09-19,9,0.072,0.125
2010-09-19,10,0.077,0.183
2010-09-19,11,0.565,0.855
2010-09-19,12,0.123,0.124
2010-09-19,13,0.089,0.123
2010-09-19,14,0.044,0.044
2010-09-19,15,0.112,0.125
2010-09-19,16,0.124,0.125
2010-09-19,17,0.1,0.198
2010-09-19,18,0.588,0.589
2010-09-19,19,0.275,0.377
2010-09-19,20,0.545,1.219
2010-09-19,21,0.485,0.495
2010-09-19,22,0.349,0.35
2010-09-19,23,0.101,0.35
2010-09-19,24,0.071,0.157
2010-09-20,1,0.153,0.155
2010-09-20,2,0.151,0.152
2010-09-20,3,0.07,0.13
2010-09-20,4,0.07,0.13
2010-09-20,5,0.152,0.153
2010-09-20,6,0.149,0.151
2010-09-20,7,0.069,0.13
2010-09-20,8,0.376,0.596
2010-09-20,9,0.125,0.125
2010-09-20,10,0.124,0.125
2010-09-20,11,0.07,0.124
2010-09-20,12,0.043,0.053
2010-09-20,13,0.125,0.128
2010-09-20,14,0.125,0.126
2010-09-20,15,0.052,0.125
2010-09-20,16,0.045,0.084
2010-09-20,17,0.193,0.306
2010-09-20,18,0.189,0.839
2010-09-20,19,0.263,0.607
2010-09-20,20,0.355,0.745
2010-09-20,21,0.329,0.343
2010-09-20,22,0.265,0.326
2010-09-20,23,0.384,1.008
2010-09-20,24,0.163,0.168
2010-09-21,1,0.142,0.155
2010-09-21,2,0.069,0.069
2010-09-21,3,0.146,0.15
2010-09-21,4,0.149,0.149
2010-09-21,5,0.132,0.148
2010-09-21,6,0.068,0.069
2010-09-21,7,0.142,0.149
2010-09-21,8,0.338,0.598
2010-09-21,9,0.052,0.125
2010-09-21,10,0.043,0.094
2010-09-21,11,0.126,0.127
2010-09-21,12,0.125,0.126
2010-09-21,13,0.044,0.093
2010-09-21,14,0.048,0.13
2010-09-21,15,0.126,0.126
2010-09-21,16,0.125,0.127
2010-09-21,17,0.104,0.278
2010-09-21,18,0.253,0.356
2010-09-21,19,0.255,0.41
2010-09-21,20,0.269,0.331
2010-09-21,21,0.338,0.675
2010-09-21,22,0.267,0.344
2010-09-21,23,0.361,0.451
2010-09-21,24,0.113,0.164
2010-09-22,1,0.072,0.098
2010-09-22,2,0.153,0.154
2010-09-22,3,0.152,0.152
2010-09-22,4,0.07,0.091
2010-09-22,5,0.115,0.153
2010-09-22,6,0.151,0.152
2010-09-22,7,0.087,0.15
2010-09-22,8,0.338,0.491
2010-09-22,9,0.124,0.126
2010-09-22,10,0.125,0.126
2010-09-22,11,0.125,0.126
2010-09-22,12,0.124,0.125
2010-09-22,13,0.044,0.056
2010-09-22,14,0.105,0.126
2010-09-22,15,0.127,0.127
2010-09-22,16,0.091,0.127
2010-09-22,17,0.049,0.203
2010-09-22,18,0.266,0.354
2010-09-22,19,0.264,0.265
2010-09-22,20,0.359,0.663
2010-09-22,21,0.302,0.391
2010-09-22,22,0.352,0.489
2010-09-22,23,0.355,0.369
2010-09-22,24,0.167,0.355
2010-09-23,1,0.072,0.109
2010-09-23,2,0.098,0.154
2010-09-23,3,0.152,0.152
2010-09-23,4,0.115,0.152
2010-09-23,5,0.07,0.088
2010-09-23,6,0.152,0.154
2010-09-23,7,0.15,0.151
2010-09-23,8,0.068,0.136
2010-09-23,9,0.067,0.146
2010-09-23,10,0.153,0.491
2010-09-23,11,0.443,0.716
2010-09-23,12,0.13,0.211
2010-09-23,13,0.047,0.144
2010-09-23,14,0.047,0.125
2010-09-23,15,0.128,0.129
2010-09-23,16,0.085,0.128
2010-09-23,17,0.076,0.222
2010-09-23,18,0.257,0.264
2010-09-23,19,0.26,1.185
2010-09-23,20,0.604,0.644
2010-09-23,21,0.37,0.579
2010-09-23,22,0.353,0.684
2010-09-23,23,0.346,0.353
2010-09-23,24,0.099,0.162
2010-09-24,1,0.073,0.105
2010-09-24,2,0.153,0.154
2010-09-24,3,0.152,0.152
2010-09-24,4,0.07,0.132
2010-09-24,5,0.069,0.145
2010-09-24,6,0.151,0.152
2010-09-24,7,0.15,0.15
2010-09-24,8,0.319,0.527
2010-09-24,9,0.124,0.125
2010-09-24,10,0.124,0.125
2010-09-24,11,0.124,0.126
2010-09-24,12,0.044,0.052
2010-09-24,13,0.09,0.126
2010-09-24,14,0.126,0.127
2010-09-24,15,0.045,0.116
2010-09-24,16,0.045,0.114
2010-09-24,17,0.172,0.288
2010-09-24,18,0.171,0.171
2010-09-24,19,0.185,0.517
2010-09-24,20,0.242,0.957
2010-09-24,21,0.369,0.37
2010-09-24,22,0.377,0.527
2010-09-24,23,0.348,0.37
2010-09-24,24,0.075,0.209
2010-09-25,1,0.074,0.118
2010-09-25,2,0.151,0.152
2010-09-25,3,0.151,0.151
2010-09-25,4,0.07,0.147
2010-09-25,5,0.07,0.1
2010-09-25,6,0.15,0.153
2010-09-25,7,0.15,0.156
2010-09-25,8,0.119,0.152
2010-09-25,9,0.041,0.054
2010-09-25,10,0.084,0.363
2010-09-25,11,0.181,0.496
2010-09-25,12,0.123,0.367
2010-09-25,13,0.044,0.111
2010-09-25,14,0.044,0.073
2010-09-25,15,0.125,0.127
2010-09-25,16,0.124,0.125
2010-09-25,17,0.123,0.125
2010-09-25,18,0.083,0.333
2010-09-25,19,0.127,0.191
2010-09-25,20,0.39,0.422
2010-09-25,21,0.699,1.671
2010-09-25,22,0.376,0.63
2010-09-25,23,0.388,0.397
2010-09-25,24,0.353,0.501
2010-09-26,1,0.214,0.419
2010-09-26,2,0.154,0.179
2010-09-26,3,0.154,0.211
2010-09-26,4,0.211,0.211
2010-09-26,5,0.21,0.21
2010-09-26,6,0.209,0.209
2010-09-26,7,0.19,0.209
2010-09-26,8,0.148,0.15
2010-09-26,9,0.069,0.077
2010-09-26,10,0.075,0.37
2010-09-26,11,0.165,0.501
2010-09-26,12,0.184,0.219
2010-09-26,13,2.101,3.903
2010-09-26,14,0.703,0.824
2010-09-26,15,0.15,0.712
2010-09-26,16,0.372,0.612
2010-09-26,17,0.509,0.531
2010-09-26,18,0.245,0.249
2010-09-26,19,0.18,0.203
2010-09-26,20,0.28,0.461
2010-09-26,21,0.346,0.709
2010-09-26,22,0.348,0.353
2010-09-26,23,0.162,0.333
2010-09-26,24,0.154,0.155
2010-09-27,1,0.155,0.157
2010-09-27,2,0.153,0.154
2010-09-27,3,0.136,0.153
2010-09-27,4,0.073,0.073
2010-09-27,5,0.089,0.157
2010-09-27,6,0.152,0.153
2010-09-27,7,0.152,0.152
2010-09-27,8,0.394,0.615
2010-09-27,9,0.122,0.122
2010-09-27,10,0.122,0.122
2010-09-27,11,0.044,0.081
2010-09-27,12,0.043,0.065
2010-09-27,13,0.124,0.126
2010-09-27,14,0.125,0.125
2010-09-27,15,0.115,0.124
2010-09-27,16,0.045,0.19
2010-09-27,17,0.183,0.19
2010-09-27,18,0.185,0.391
2010-09-27,19,0.26,0.33
2010-09-27,20,0.344,0.673
2010-09-27,21,0.273,0.333
2010-09-27,22,0.268,0.359
2010-09-27,23,0.629,1.369
2010-09-27,24,0.248,0.374
2010-09-28,1,0.155,0.16
2010-09-28,2,0.135,0.15
2010-09-28,3,0.069,0.07
2010-09-28,4,0.082,0.153
2010-09-28,5,0.151,0.151
2010-09-28,6,0.149,0.15
2010-09-28,7,0.127,0.148
2010-09-28,8,0.067,0.068
2010-09-28,9,0.082,0.419
2010-09-28,10,0.194,0.396
2010-09-28,11,0.126,0.127
2010-09-28,12,0.121,0.125
2010-09-28,13,0.045,0.126
2010-09-28,14,0.05,0.13
2010-09-28,15,0.125,0.126
2010-09-28,16,0.124,0.124
2010-09-28,17,0.123,0.215
2010-09-28,18,0.466,0.545
2010-09-28,19,0.277,0.358
2010-09-28,20,0.209,0.372
2010-09-28,21,0.435,0.44
2010-09-28,22,0.442,0.754
2010-09-28,23,0.442,0.492
2010-09-28,24,0.193,0.249
2010-09-29,1,0.169,0.17
2010-09-29,2,0.233,0.251
2010-09-29,3,0.249,0.252
2010-09-29,4,0.209,0.251
2010-09-29,5,0.168,0.169
2010-09-29,6,0.231,0.248
2010-09-29,7,0.244,0.246
2010-09-29,8,0.414,0.577
2010-09-29,9,0.172,0.219
2010-09-29,10,0.14,0.14
2010-09-29,11,0.196,0.222
2010-09-29,12,0.22,0.221
2010-09-29,13,0.22,0.22
2010-09-29,14,0.143,0.189
2010-09-29,15,0.143,0.192
2010-09-29,16,0.222,0.223
2010-09-29,17,0.221,0.223
2010-09-29,18,0.289,0.321
2010-09-29,19,0.471,0.568
2010-09-29,20,0.315,0.612
2010-09-29,21,0.355,0.365
2010-09-29,22,0.348,0.46
2010-09-29,23,0.151,0.161
2010-09-29,24,0.073,0.084
2010-09-30,1,0.08,0.156
2010-09-30,2,0.15,0.151
2010-09-30,3,0.15,0.151
2010-09-30,4,0.069,0.139
2010-09-30,5,0.07,0.101
2010-09-30,6,0.15,0.152
2010-09-30,7,0.147,0.148
2010-09-30,8,0.475,0.589
2010-09-30,9,0.122,0.124
2010-09-30,10,0.044,0.1
2010-09-30,11,0.045,0.073
2010-09-30,12,0.122,0.126
2010-09-30,13,0.124,0.125
2010-09-30,14,0.07,0.124
2010-09-30,15,0.044,0.044
2010-09-30,16,0.122,0.124
2010-09-30,17,0.124,0.232
2010-09-30,18,0.243,0.4
2010-09-30,19,0.742,1.819
2010-09-30,20,0.298,0.391
2010-09-30,21,0.342,0.508
2010-09-30,22,0.361,0.525
2010-09-30,23,0.168,0.33
2010-09-30,24,0.141,0.156
2010-10-01,1,0.072,0.073
2010-10-01,2,0.114,0.152
2010-10-01,3,0.15,0.152
2010-10-01,4,0.15,0.15
2010-10-01,5,0.076,0.149
2010-10-01,6,0.07,0.086
2010-10-01,7,0.15,0.152
2010-10-01,8,0.384,0.819
2010-10-01,9,0.123,0.124
2010-10-01,10,0.044,0.123
2010-10-01,11,0.044,0.079
2010-10-01,12,0.124,0.126
2010-10-01,13,0.124,0.124
2010-10-01,14,0.079,0.124
2010-10-01,15,0.045,0.045
2010-10-01,16,0.123,0.131
2010-10-01,17,0.126,0.359
2010-10-01,18,0.197,0.202
2010-10-01,19,0.334,0.349
2010-10-01,20,0.213,0.523
2010-10-01,21,0.34,0.607
2010-10-01,22,0.343,0.361
2010-10-01,23,0.344,0.527
2010-10-01,24,0.338,0.362
2010-10-02,1,0.077,0.181
2010-10-02,2,0.098,0.154
2010-10-02,3,0.149,0.152
2010-10-02,4,0.149,0.151
2010-10-02,5,0.069,0.128
2010-10-02,6,0.069,0.128
2010-10-02,7,0.149,0.15
2010-10-02,8,0.148,0.149
2010-10-02,9,0.117,0.146
2010-10-02,10,0.064,0.068
2010-10-02,11,0.126,0.271
2010-10-02,12,0.126,0.126
2010-10-02,13,0.126,0.3
2010-10-02,14,0.06,0.122
2010-10-02,15,0.044,0.059
2010-10-02,16,0.125,0.128
2010-10-02,17,0.178,0.266
2010-10-02,18,0.275,0.388
2010-10-02,19,0.273,0.426
2010-10-02,20,0.285,0.309
2010-10-02,21,0.351,0.353
2010-10-02,22,0.365,0.551
2010-10-02,23,0.313,0.38
2010-10-02,24,0.248,0.264
2010-10-03,1,0.232,0.276
2010-10-03,2,0.073,0.122
2010-10-03,3,0.07,0.118
2010-10-03,4,0.151,0.152
2010-10-03,5,0.151,0.151
2010-10-03,6,0.15,0.151
2010-10-03,7,0.076,0.15
2010-10-03,8,0.071,0.079
2010-10-03,9,0.149,0.155
2010-10-03,10,0.148,0.306
2010-10-03,11,0.168,1.165
2010-10-03,12,0.051,0.123
2010-10-03,13,0.062,0.246
2010-10-03,14,0.125,0.127
2010-10-03,15,0.044,0.123
2010-10-03,16,0.044,0.147
2010-10-03,17,0.195,0.226
2010-10-03,18,0.197,0.199
2010-10-03,19,0.199,0.322
2010-10-03,20,0.579,1.186
2010-10-03,21,0.403,0.799
2010-10-03,22,0.38,0.656
2010-10-03,23,0.208,0.418
2010-10-03,24,0.071,0.146
2010-10-04,1,0.072,0.102
2010-10-04,2,0.152,0.154
2010-10-04,3,0.151,0.151
2010-10-04,4,0.149,0.151
2010-10-04,5,0.068,0.122
2010-10-04,6,0.067,0.116
2010-10-04,7,0.149,0.152
2010-10-04,8,0.385,0.639
2010-10-04,9,0.094,0.124
2010-10-04,10,0.044,0.045
2010-10-04,11,0.105,0.124
2010-10-04,12,0.124,0.125
2010-10-04,13,0.123,0.124
2010-10-04,14,0.045,0.09
2010-10-04,15,0.045,0.108
2010-10-04,16,0.124,0.125
2010-10-04,17,0.82,0.846
2010-10-04,18,0.247,0.362
2010-10-04,19,0.373,0.389
2010-10-04,20,0.275,0.278
2010-10-04,21,0.259,0.357
2010-10-04,22,0.347,0.35
2010-10-04,23,0.259,0.548
2010-10-04,24,0.15,0.16
2010-10-05,1,0.072,0.073
2010-10-05,2,0.103,0.153
2010-10-05,3,0.151,0.151
2010-10-05,4,0.15,0.151
2010-10-05,5,0.07,0.142
2010-10-05,6,0.069,0.102
2010-10-05,7,0.147,0.151
2010-10-05,8,0.435,0.626
2010-10-05,9,0.122,0.123
2010-10-05,10,0.123,0.123
2010-10-05,11,0.045,0.046
2010-10-05,12,0.068,0.128
2010-10-05,13,0.126,0.126
2010-10-05,14,0.125,0.126
2010-10-05,15,0.045,0.066
2010-10-05,16,0.055,0.129
2010-10-05,17,0.141,0.18
2010-10-05,18,0.233,0.306
2010-10-05,19,0.235,0.248
2010-10-05,20,0.285,0.414
2010-10-05,21,0.345,0.357
2010-10-05,22,0.354,0.604
2010-10-05,23,0.247,0.352
2010-10-05,24,0.106,0.153
2010-10-06,1,0.072,0.073
2010-10-06,2,0.138,0.148
2010-10-06,3,0.147,0.147
2010-10-06,4,0.126,0.147
2010-10-06,5,0.068,0.068
2010-10-06,6,0.114,0.149
2010-10-06,7,0.146,0.147
2010-10-06,8,0.34,0.487
2010-10-06,9,0.121,0.123
2010-10-06,10,0.044,0.044
2010-10-06,11,0.054,0.127
2010-10-06,12,0.123,0.123
2010-10-06,13,0.121,0.123
2010-10-06,14,0.044,0.074
2010-10-06,15,0.044,0.119
2010-10-06,16,0.124,0.124
2010-10-06,17,0.123,0.252
2010-10-06,18,0.253,0.641
2010-10-06,19,0.248,0.283
2010-10-06,20,0.352,0.716
2010-10-06,21,0.269,0.318
2010-10-06,22,0.348,0.477
2010-10-06,23,0.348,0.36
2010-10-06,24,0.201,0.38
2010-10-07,1,0.085,0.152
2010-10-07,2,0.07,0.074
2010-10-07,3,0.147,0.154
2010-10-07,4,0.146,0.147
2010-10-07,5,0.144,0.147
2010-10-07,6,0.067,0.068
2010-10-07,7,0.084,0.15
2010-10-07,8,0.147,0.154
2010-10-07,9,0.146,0.151
2010-10-07,10,0.188,0.322
2010-10-07,11,0.049,0.167
2010-10-07,12,0.043,0.049
2010-10-07,13,0.124,0.129
2010-10-07,14,0.124,0.125
2010-10-07,15,0.067,0.123
2010-10-07,16,0.044,0.044
2010-10-07,17,0.189,0.348
2010-10-07,18,0.243,0.249
2010-10-07,19,0.287,0.461
2010-10-07,20,0.375,0.473
2010-10-07,21,0.313,0.561
2010-10-07,22,0.357,0.384
2010-10-07,23,0.305,0.347
2010-10-07,24,0.212,0.219
2010-10-08,1,0.137,0.212
2010-10-08,2,0.128,0.15
2010-10-08,3,0.21,0.212
2010-10-08,4,0.205,0.208
2010-10-08,5,0.206,0.206
2010-10-08,6,0.126,0.149
2010-10-08,7,0.126,0.207
2010-10-08,8,0.441,0.524
2010-10-08,9,0.122,0.122
2010-10-08,10,0.123,0.125
2010-10-08,11,0.045,0.048
2010-10-08,12,0.062,0.128
2010-10-08,13,0.126,0.126
2010-10-08,14,0.088,0.126
2010-10-08,15,0.044,0.045
2010-10-08,16,0.127,0.127
2010-10-08,17,0.126,0.442
2010-10-08,18,0.241,0.251
2010-10-08,19,0.345,0.627
2010-10-08,20,0.316,0.357
2010-10-08,21,0.258,0.258
2010-10-08,22,0.34,0.57
2010-10-08,23,0.343,0.365
2010-10-08,24,0.272,0.285
2010-10-09,1,0.072,0.087
2010-10-09,2,0.138,0.15
2010-10-09,3,0.147,0.149
2010-10-09,4,0.083,0.148
2010-10-09,5,0.068,0.104
2010-10-09,6,0.149,0.15
2010-10-09,7,0.148,0.151
2010-10-09,8,0.066,0.129
2010-10-09,9,0.069,0.146
2010-10-09,10,0.147,0.183
2010-10-09,11,0.362,0.471
2010-10-09,12,0.277,0.889
2010-10-09,13,0.321,1.507
2010-10-09,14,0.121,0.126
2010-10-09,15,0.122,0.122
2010-10-09,16,0.126,0.189
2010-10-09,17,0.254,0.255
2010-10-09,18,0.25,0.25
2010-10-09,19,0.422,1.079
2010-10-09,20,0.651,0.757
2010-10-09,21,0.291,0.314
2010-10-09,22,0.308,0.512
2010-10-09,23,0.295,0.328
2010-10-09,24,0.233,0.291
2010-10-10,1,0.153,0.153
2010-10-10,2,0.151,0.152
2010-10-10,3,0.151,0.152
2010-10-10,4,0.152,0.152
2010-10-10,5,0.15,0.15
2010-10-10,6,0.15,0.15
2010-10-10,7,0.149,0.15
2010-10-10,8,0.069,0.139
2010-10-10,9,0.232,0.402
2010-10-10,10,0.125,0.427
2010-10-10,11,0.276,0.384
2010-10-10,12,0.123,0.136
2010-10-10,13,1.388,2.326
2010-10-10,14,0.461,0.469
2010-10-10,15,0.54,0.638
2010-10-10,16,0.211,0.531
2010-10-10,17,0.129,0.13
2010-10-10,18,0.364,0.403
2010-10-10,19,0.428,0.778
2010-10-10,20,0.34,0.341
2010-10-10,21,0.339,0.457
2010-10-10,22,0.266,0.291
2010-10-10,23,0.153,0.197
2010-10-10,24,0.154,0.155
2010-10-11,1,0.154,0.155
2010-10-11,2,0.104,0.151
2010-10-11,3,0.07,0.081
2010-10-11,4,0.151,0.154
2010-10-11,5,0.151,0.151
2010-10-11,6,0.151,0.152
2010-10-11,7,0.07,0.113
2010-10-11,8,0.474,0.539
2010-10-11,9,0.123,0.124
2010-10-11,10,0.124,0.125
2010-10-11,11,0.045,0.113
2010-10-11,12,0.044,0.096
2010-10-11,13,0.124,0.124
2010-10-11,14,0.124,0.125
2010-10-11,15,0.044,0.108
2010-10-11,16,0.044,0.109
2010-10-11,17,0.568,1.035
2010-10-11,18,0.189,0.234
2010-10-11,19,0.276,0.391
2010-10-11,20,0.35,0.37
2010-10-11,21,0.335,0.338
2010-10-11,22,0.266,0.269
2010-10-11,23,0.295,0.945
2010-10-11,24,0.154,0.16
2010-10-12,1,0.154,0.154
2010-10-12,2,0.093,0.151
2010-10-12,3,0.069,0.077
2010-10-12,4,0.149,0.153
2010-10-12,5,0.148,0.149
2010-10-12,6,0.147,0.148
2010-10-12,7,0.081,0.083
2010-10-12,8,0.472,1.043
2010-10-12,9,0.122,0.123
2010-10-12,10,0.123,0.124
2010-10-12,11,0.123,0.123
2010-10-12,12,0.044,0.093
2010-10-12,13,0.044,0.088
2010-10-12,14,0.124,0.126
2010-10-12,15,0.123,0.124
2010-10-12,16,0.097,0.123
2010-10-12,17,0.832,0.948
2010-10-12,18,0.304,0.743
2010-10-12,19,0.403,1.552
2010-10-12,20,0.598,1.103
2010-10-12,21,0.361,0.411
2010-10-12,22,0.35,0.585
2010-10-12,23,0.164,0.392
2010-10-12,24,0.151,0.152
2010-10-13,1,0.108,0.152
2010-10-13,2,0.068,0.07
2010-10-13,3,0.145,0.151
2010-10-13,4,0.149,0.151
2010-10-13,5,0.117,0.149
2010-10-13,6,0.069,0.069
2010-10-13,7,0.13,0.147
2010-10-13,8,0.417,0.54
2010-10-13,9,0.122,0.122
2010-10-13,10,0.122,0.122
2010-10-13,11,0.044,0.063
2010-10-13,12,0.044,0.129
2010-10-13,13,0.122,0.124
2010-10-13,14,0.123,0.123
2010-10-13,15,0.096,0.123
2010-10-13,16,0.043,0.044
2010-10-13,17,0.085,0.123
2010-10-13,18,0.13,0.621
2010-10-13,19,0.286,0.423
2010-10-13,20,0.354,0.798
2010-10-13,21,0.262,0.28
2010-10-13,22,0.355,0.538
2010-10-13,23,0.356,0.369
2010-10-13,24,0.367,0.389
2010-10-14,1,0.103,0.244
2010-10-14,2,0.069,0.072
2010-10-14,3,0.147,0.15
2010-10-14,4,0.15,0.15
2010-10-14,5,0.149,0.149
2010-10-14,6,0.069,0.13
2010-10-14,7,0.068,0.104
2010-10-14,8,0.147,0.151
2010-10-14,9,0.145,0.146
2010-10-14,10,0.145,0.313
2010-10-14,11,0.347,0.403
2010-10-14,12,0.045,0.097
2010-10-14,13,0.045,0.063
2010-10-14,14,0.127,0.342
2010-10-14,15,0.125,0.385
2010-10-14,16,0.123,0.124
2010-10-14,17,0.121,0.503
2010-10-14,18,0.244,0.336
2010-10-14,19,0.341,0.597
2010-10-14,20,0.34,0.341
2010-10-14,21,0.271,0.301
2010-10-14,22,0.27,0.687
2010-10-14,23,0.252,0.291
2010-10-14,24,0.152,0.152
2010-10-15,1,0.152,0.152
2010-10-15,2,0.146,0.146
2010-10-15,3,0.068,0.088
2010-10-15,4,0.067,0.136
2010-10-15,5,0.147,0.148
2010-10-15,6,0.146,0.147
2010-10-15,7,0.146,0.191
2010-10-15,8,0.32,0.655
2010-10-15,9,0.077,0.124
2010-10-15,10,0.122,0.123
2010-10-15,11,0.123,0.123
2010-10-15,12,0.044,0.095
2010-10-15,13,0.044,0.088
2010-10-15,14,0.124,0.125
2010-10-15,15,0.122,0.123
2010-10-15,16,0.098,0.124
2010-10-15,17,0.051,0.264
2010-10-15,18,0.112,0.385
2010-10-15,19,0.279,0.422
2010-10-15,20,0.341,0.365
2010-10-15,21,0.342,0.351
2010-10-15,22,0.341,0.629
2010-10-15,23,0.284,0.333
2010-10-15,24,0.19,0.227
2010-10-16,1,0.152,0.154
2010-10-16,2,0.147,0.149
2010-10-16,3,0.149,0.15
2010-10-16,4,0.07,0.108
2010-10-16,5,0.07,0.117
2010-10-16,6,0.15,0.152
2010-10-16,7,0.149,0.149
2010-10-16,8,0.145,0.146
2010-10-16,9,0.091,0.146
2010-10-16,10,0.07,0.284
2010-10-16,11,0.372,0.42
2010-10-16,12,0.122,1.388
2010-10-16,13,0.123,1.069
2010-10-16,14,0.276,1.76
2010-10-16,15,0.126,0.128
2010-10-16,16,0.125,0.126
2010-10-16,17,0.19,0.318
2010-10-16,18,0.274,0.274
2010-10-16,19,0.608,0.906
2010-10-16,20,0.725,0.792
2010-10-16,21,0.358,0.415
2010-10-16,22,0.364,0.468
2010-10-16,23,0.338,0.34
2010-10-16,24,0.21,0.311
2010-10-17,1,0.206,0.211
2010-10-17,2,0.361,0.363
2010-10-17,3,0.318,0.36
2010-10-17,4,0.1,0.198
2010-10-17,5,0.1,0.122
2010-10-17,6,0.178,0.183
2010-10-17,7,0.178,0.179
2010-10-17,8,0.177,0.179
2010-10-17,9,0.413,1.126
2010-10-17,10,0.271,0.582
2010-10-17,11,0.32,0.406
2010-10-17,12,0.234,0.316
2010-10-17,13,0.225,0.438
2010-10-17,14,0.097,0.129
2010-10-17,15,0.044,0.044
2010-10-17,16,0.044,0.121
2010-10-17,17,0.18,1.076
2010-10-17,18,0.546,1.833
2010-10-17,19,0.263,0.509
2010-10-17,20,0.333,0.844
2010-10-17,21,0.381,0.416
2010-10-17,22,0.303,0.325
2010-10-17,23,0.153,0.23
2010-10-17,24,0.07,0.121
2010-10-18,1,0.07,0.072
2010-10-18,2,0.148,0.153
2010-10-18,3,0.148,0.148
2010-10-18,4,0.146,0.148
2010-10-18,5,0.123,0.148
2010-10-18,6,0.068,0.068
2010-10-18,7,0.082,0.148
2010-10-18,8,0.492,0.676
2010-10-18,9,0.119,0.12
2010-10-18,10,0.095,0.12
2010-10-18,11,0.042,0.043
2010-10-18,12,0.072,0.123
2010-10-18,13,0.121,0.121
2010-10-18,14,0.121,0.121
2010-10-18,15,0.12,0.12
2010-10-18,16,0.043,0.05
2010-10-18,17,0.153,0.774
2010-10-18,18,1.102,1.218
2010-10-18,19,1.296,1.612
2010-10-18,20,0.357,0.405
2010-10-18,21,0.266,0.299
2010-10-18,22,0.266,0.316
2010-10-18,23,0.402,0.675
2010-10-18,24,0.163,0.346
2010-10-19,1,0.15,0.15
2010-10-19,2,0.142,0.148
2010-10-19,3,0.067,0.069
2010-10-19,4,0.068,0.153
2010-10-19,5,0.147,0.149
2010-10-19,6,0.146,0.146
2010-10-19,7,0.144,0.146
2010-10-19,8,0.08,0.142
2010-10-19,9,0.066,0.076
2010-10-19,10,0.169,0.446
2010-10-19,11,0.121,0.163
2010-10-19,12,0.12,0.121
2010-10-19,13,0.186,0.488
2010-10-19,14,0.043,0.067
2010-10-19,15,0.043,0.088
2010-10-19,16,0.12,0.123
2010-10-19,17,0.158,0.38
2010-10-19,18,0.257,0.524
2010-10-19,19,0.452,0.649
2010-10-19,20,0.359,0.364
2010-10-19,21,0.322,0.368
2010-10-19,22,0.277,0.409
2010-10-19,23,0.358,0.364
2010-10-19,24,0.149,0.163
2010-10-20,1,0.149,0.149
2010-10-20,2,0.107,0.147
2010-10-20,3,0.068,0.068
2010-10-20,4,0.089,0.151
2010-10-20,5,0.147,0.148
2010-10-20,6,0.146,0.147
2010-10-20,7,0.145,0.281
2010-10-20,8,0.315,0.667
2010-10-20,9,0.075,0.121
2010-10-20,10,0.119,0.12
2010-10-20,11,0.12,0.12
2010-10-20,12,0.068,0.119
2010-10-20,13,0.043,0.043
2010-10-20,14,0.063,0.125
2010-10-20,15,0.121,0.122
2010-10-20,16,0.12,0.121
2010-10-20,17,0.042,0.042
2010-10-20,18,0.041,0.608
2010-10-20,19,0.359,0.364
2010-10-20,20,0.325,0.333
2010-10-20,21,0.336,0.347
2010-10-20,22,0.336,0.338
2010-10-20,23,0.303,0.44
2010-10-20,24,0.096,0.436
2010-10-21,1,0.124,0.151
2010-10-21,2,0.147,0.147
2010-10-21,3,0.146,0.147
2010-10-21,4,0.068,0.096
2010-10-21,5,0.067,0.068
2010-10-21,6,0.146,0.153
2010-10-21,7,0.145,0.278
2010-10-21,8,0.376,0.616
2010-10-21,9,0.042,0.056
2010-10-21,10,0.042,0.072
2010-10-21,11,0.121,0.124
2010-10-21,12,0.119,0.119
2010-10-21,13,0.094,0.118
2010-10-21,14,0.042,0.043
2010-10-21,15,0.042,0.103
2010-10-21,16,0.12,0.12
2010-10-21,17,0.244,0.489
2010-10-21,18,0.235,0.908
2010-10-21,19,0.3,0.356
2010-10-21,20,0.298,0.632
2010-10-21,21,0.284,0.549
2010-10-21,22,0.354,0.513
2010-10-21,23,0.149,0.219
2010-10-21,24,0.147,0.148
2010-10-22,1,0.135,0.148
2010-10-22,2,0.068,0.068
2010-10-22,3,0.067,0.092
2010-10-22,4,0.148,0.151
2010-10-22,5,0.146,0.146
2010-10-22,6,0.09,0.145
2010-10-22,7,0.082,0.202
2010-10-22,8,0.451,0.556
2010-10-22,9,0.119,0.12
2010-10-22,10,0.122,0.122
2010-10-22,11,0.109,0.121
2010-10-22,12,0.042,0.042
2010-10-22,13,0.043,0.087
2010-10-22,14,0.121,0.123
2010-10-22,15,0.122,0.123
2010-10-22,16,0.12,0.121
2010-10-22,17,0.24,0.532
2010-10-22,18,0.247,0.801
2010-10-22,19,0.278,0.316
2010-10-22,20,0.37,0.375
2010-10-22,21,0.354,0.373
2010-10-22,22,0.354,0.354
2010-10-22,23,0.371,0.571
2010-10-22,24,0.318,0.358
2010-10-23,1,0.073,0.162
2010-10-23,2,0.071,0.114
2010-10-23,3,0.148,0.151
2010-10-23,4,0.147,0.147
2010-10-23,5,0.145,0.15
2010-10-23,6,0.085,0.143
2010-10-23,7,0.065,0.067
2010-10-23,8,0.067,0.134
2010-10-23,9,0.144,0.146
2010-10-23,10,0.144,0.17
2010-10-23,11,0.189,0.437
2010-10-23,12,0.045,0.119
2010-10-23,13,0.159,1.702
2010-10-23,14,0.122,0.249
2010-10-23,15,0.121,0.121
2010-10-23,16,0.14,0.51
2010-10-23,17,0.562,1.997
2010-10-23,18,0.286,0.34
2010-10-23,19,0.377,0.445
2010-10-23,20,0.332,0.632
2010-10-23,21,0.356,0.487
2010-10-23,22,0.334,0.337
2010-10-23,23,0.341,0.343
2010-10-23,24,0.338,0.339
2010-10-24,1,0.308,0.543
2010-10-24,2,0.072,0.119
2010-10-24,3,0.068,0.131
2010-10-24,4,0.147,0.148
2010-10-24,5,0.146,0.146
2010-10-24,6,0.145,0.146
2010-10-24,7,0.158,0.184
2010-10-24,8,0.144,0.149
2010-10-24,9,0.068,0.144
2010-10-24,10,0.038,0.054
2010-10-24,11,0.237,0.347
2010-10-24,12,0.118,0.119
2010-10-24,13,0.118,0.118
2010-10-24,14,0.118,0.119
2010-10-24,15,0.089,0.119
2010-10-24,16,0.042,0.045
2010-10-24,17,0.046,0.113
2010-10-24,18,0.246,0.562
2010-10-24,19,0.397,1.121
2010-10-24,20,0.447,0.944
2010-10-24,21,0.413,0.956
2010-10-24,22,0.439,0.883
2010-10-24,23,0.381,0.756
2010-10-24,24,0.236,0.44
2010-10-25,1,0.107,0.204
2010-10-25,2,0.114,0.148
2010-10-25,3,0.145,0.147
2010-10-25,4,0.145,0.145
2010-10-25,5,0.145,0.145
2010-10-25,6,0.107,0.144
2010-10-25,7,0.067,0.067
2010-10-25,8,0.067,0.074
2010-10-25,9,0.088,0.15
2010-10-25,10,0.23,0.718
2010-10-25,11,0.117,0.167
2010-10-25,12,0.24,0.315
2010-10-25,13,0.181,0.482
2010-10-25,14,0.096,0.097
2010-10-25,15,0.099,0.099
2010-10-25,16,0.15,0.181
2010-10-25,17,0.249,1.312
2010-10-25,18,0.28,0.347
2010-10-25,19,0.835,1.832
2010-10-25,20,0.298,0.406
2010-10-25,21,0.342,0.669
2010-10-25,22,0.344,0.542
2010-10-25,23,0.345,0.348
2010-10-25,24,0.285,0.372
2010-10-26,1,0.086,0.147
2010-10-26,2,0.068,0.068
2010-10-26,3,0.08,0.151
2010-10-26,4,0.146,0.147
2010-10-26,5,0.147,0.15
2010-10-26,6,0.145,0.146
2010-10-26,7,0.066,0.126
2010-10-26,8,0.066,0.067
2010-10-26,9,0.107,0.151
2010-10-26,10,0.215,0.46
2010-10-26,11,0.119,0.12
2010-10-26,12,0.089,0.119
2010-10-26,13,0.041,0.251
2010-10-26,14,0.123,0.418
2010-10-26,15,0.121,0.304
2010-10-26,16,0.185,0.235
2010-10-26,17,0.095,0.151
2010-10-26,18,0.193,0.37
2010-10-26,19,0.288,0.29
2010-10-26,20,0.336,0.438
2010-10-26,21,0.344,0.351
2010-10-26,22,0.371,0.642
2010-10-26,23,0.268,0.341
2010-10-26,24,0.283,0.319
2010-10-27,1,0.168,0.205
2010-10-27,2,0.148,0.154
2010-10-27,3,0.147,0.148
2010-10-27,4,0.067,0.097
2010-10-27,5,0.068,0.116
2010-10-27,6,0.147,0.148
2010-10-27,7,0.144,0.145
2010-10-27,8,0.144,0.144
2010-10-27,9,0.067,0.117
2010-10-27,10,0.067,0.323
2010-10-27,11,0.286,0.347
2010-10-27,12,0.12,0.12
2010-10-27,13,0.12,0.12
2010-10-27,14,0.047,0.155
2010-10-27,15,0.065,0.124
2010-10-27,16,0.258,0.31
2010-10-27,17,0.273,0.279
2010-10-27,18,0.28,0.316
2010-10-27,19,0.479,0.538
2010-10-27,20,0.257,0.311
2010-10-27,21,0.271,0.576
2010-10-27,22,0.343,0.411
2010-10-27,23,0.358,0.37
2010-10-27,24,0.291,0.305
2010-10-28,1,0.149,0.174
2010-10-28,2,0.1,0.144
2010-10-28,3,0.066,0.066
2010-10-28,4,0.089,0.149
2010-10-28,5,0.145,0.145
2010-10-28,6,0.144,0.144
2010-10-28,7,0.143,0.143
2010-10-28,8,0.066,0.126
2010-10-28,9,0.064,0.066
2010-10-28,10,0.125,0.161
2010-10-28,11,0.199,0.32
2010-10-28,12,0.12,0.121
2010-10-28,13,0.12,0.12
2010-10-28,14,0.043,0.086
2010-10-28,15,0.041,0.044
2010-10-28,16,0.12,0.129
2010-10-28,17,0.252,0.56
2010-10-28,18,0.25,0.255
2010-10-28,19,0.347,1.048
2010-10-28,20,0.346,0.789
2010-10-28,21,0.277,0.285
2010-10-28,22,0.32,0.565
2010-10-28,23,0.342,0.345
2010-10-28,24,0.294,0.452
2010-10-29,1,0.151,0.283
2010-10-29,2,0.07,0.14
2010-10-29,3,0.067,0.067
2010-10-29,4,0.141,0.146
2010-10-29,5,0.146,0.147
2010-10-29,6,0.145,0.146
2010-10-29,7,0.133,0.145
2010-10-29,8,0.067,0.067
2010-10-29,9,0.067,0.145
2010-10-29,10,0.145,0.285
2010-10-29,11,0.434,0.635
2010-10-29,12,0.521,0.554
2010-10-29,13,0.187,0.454
2010-10-29,14,0.072,0.09
2010-10-29,15,0.153,0.424
2010-10-29,16,0.42,0.512
2010-10-29,17,0.325,0.479
2010-10-29,18,0.256,0.845
2010-10-29,19,0.415,0.544
2010-10-29,20,0.337,0.34
2010-10-29,21,0.459,0.543
2010-10-29,22,0.46,0.605
2010-10-29,23,0.443,0.562
2010-10-29,24,0.463,0.476
2010-10-30,1,0.332,0.36
2010-10-30,2,0.248,0.269
2010-10-30,3,0.244,0.245
2010-10-30,4,0.243,0.244
2010-10-30,5,0.244,0.244
2010-10-30,6,0.068,0.166
2010-10-30,7,0.067,0.068
2010-10-30,8,0.067,0.134
2010-10-30,9,0.144,0.146
2010-10-30,10,0.143,0.151
2010-10-30,11,0.266,0.448
2010-10-30,12,0.12,0.187
2010-10-30,13,0.042,0.087
2010-10-30,14,0.043,0.202
2010-10-30,15,0.108,0.123
2010-10-30,16,0.216,0.25
2010-10-30,17,0.244,0.247
2010-10-30,18,0.246,0.484
2010-10-30,19,0.283,0.537
2010-10-30,20,0.404,0.513
2010-10-30,21,0.291,0.302
2010-10-30,22,0.343,0.427
2010-10-30,23,0.343,0.347
2010-10-30,24,0.386,0.507
2010-10-31,1,0.21,0.385
2010-10-31,2,0.212,0.249
2010-10-31,3,0.172,0.172
2010-10-31,4,0.172,0.173
2010-10-31,5,0.246,0.246
2010-10-31,6,0.245,0.28
2010-10-31,7,0.302,0.304
2010-10-31,8,0.126,0.233
2010-10-31,9,0.069,0.081
2010-10-31,10,0.14,0.524
2010-10-31,11,0.393,1.304
2010-10-31,12,0.188,0.191
2010-10-31,13,0.344,0.355
2010-10-31,14,0.047,0.134
2010-10-31,15,0.045,0.046
2010-10-31,16,0.216,0.265
2010-10-31,17,0.275,1.029
2010-10-31,18,0.427,0.731
2010-10-31,19,0.427,0.481
2010-10-31,20,0.348,0.376
2010-10-31,21,0.406,0.414
2010-10-31,22,0.229,0.24
2010-10-31,23,0.122,0.201
2010-10-31,24,0.152,0.155
2010-11-01,1,0.149,0.151
2010-11-01,2,0.148,0.159
2010-11-01,3,0.148,0.148
2010-11-01,4,0.07,0.115
2010-11-01,5,0.069,0.069
2010-11-01,6,0.105,0.155
2010-11-01,7,0.145,0.147
2010-11-01,8,0.402,0.643
2010-11-01,9,0.075,0.121
2010-11-01,10,0.044,0.044
2010-11-01,11,0.045,0.118
2010-11-01,12,0.121,0.124
2010-11-01,13,0.121,0.122
2010-11-01,14,0.122,0.122
2010-11-01,15,0.12,0.121
2010-11-01,16,0.044,0.055
2010-11-01,17,0.189,0.404
2010-11-01,18,0.534,1.462
2010-11-01,19,0.441,0.461
2010-11-01,20,0.352,0.412
2010-11-01,21,0.338,0.348
2010-11-01,22,0.348,0.348
2010-11-01,23,0.441,1.235
2010-11-01,24,0.538,0.963
2010-11-02,1,0.072,0.2
2010-11-02,2,0.069,0.069
2010-11-02,3,0.093,0.153
2010-11-02,4,0.149,0.15
2010-11-02,5,0.149,0.149
2010-11-02,6,0.148,0.149
2010-11-02,7,0.146,0.272
2010-11-02,8,0.07,0.16
2010-11-02,9,0.069,0.438
2010-11-02,10,0.122,0.191
2010-11-02,11,0.122,0.123
2010-11-02,12,0.121,0.122
2010-11-02,13,0.118,0.121
2010-11-02,14,0.193,1.564
2010-11-02,15,0.969,1.046
2010-11-02,16,0.36,0.411
2010-11-02,17,0.369,0.374
2010-11-02,18,0.34,0.482
2010-11-02,19,0.361,0.368
2010-11-02,20,0.314,0.337
2010-11-02,21,0.26,0.266
2010-11-02,22,0.265,0.338
2010-11-02,23,0.311,0.446
2010-11-02,24,0.153,0.226
2010-11-03,1,0.149,0.149
2010-11-03,2,0.147,0.147
2010-11-03,3,0.068,0.145
2010-11-03,4,0.07,0.071
2010-11-03,5,0.096,0.153
2010-11-03,6,0.149,0.15
2010-11-03,7,0.147,0.282
2010-11-03,8,0.265,0.61
2010-11-03,9,0.12,0.121
2010-11-03,10,0.045,0.059
2010-11-03,11,0.045,0.058
2010-11-03,12,0.122,0.127
2010-11-03,13,0.122,0.122
2010-11-03,14,0.121,0.122
2010-11-03,15,0.076,0.122
2010-11-03,16,0.044,0.045
2010-11-03,17,0.317,0.602
2010-11-03,18,0.709,0.946
2010-11-03,19,0.344,0.553
2010-11-03,20,0.434,0.49
2010-11-03,21,0.373,0.382
2010-11-03,22,0.345,0.588
2010-11-03,23,0.123,0.291
2010-11-03,24,0.075,0.094
2010-11-04,1,0.151,0.155
2010-11-04,2,0.148,0.149
2010-11-04,3,0.149,0.149
2010-11-04,4,0.07,0.079
2010-11-04,5,0.07,0.134
2010-11-04,6,0.15,0.15
2010-11-04,7,0.148,0.275
2010-11-04,8,0.42,0.553
2010-11-04,9,0.122,0.122
2010-11-04,10,0.121,0.123
2010-11-04,11,0.045,0.072
2010-11-04,12,0.045,0.088
2010-11-04,13,0.125,0.126
2010-11-04,14,0.125,0.126
2010-11-04,15,0.124,0.124
2010-11-04,16,0.045,0.051
2010-11-04,17,0.32,0.46
2010-11-04,18,0.358,0.849
2010-11-04,19,0.343,0.348
2010-11-04,20,0.371,0.588
2010-11-04,21,0.367,0.394
2010-11-04,22,0.361,0.612
2010-11-04,23,0.322,0.353
2010-11-04,24,0.109,0.411
2010-11-05,1,0.114,0.154
2010-11-05,2,0.149,0.149
2010-11-05,3,0.149,0.149
2010-11-05,4,0.148,0.148
2010-11-05,5,0.068,0.115
2010-11-05,6,0.069,0.108
2010-11-05,7,0.149,0.286
2010-11-05,8,0.147,0.239
2010-11-05,9,0.172,1.564
2010-11-05,10,0.252,0.322
2010-11-05,11,0.148,0.156
2010-11-05,12,0.223,0.275
2010-11-05,13,0.3,0.301
2010-11-05,14,0.301,0.303
2010-11-05,15,0.304,0.305
2010-11-05,16,0.227,0.304
2010-11-05,17,0.32,0.358
2010-11-05,18,0.296,0.321
2010-11-05,19,0.346,0.348
2010-11-05,20,0.347,0.352
2010-11-05,21,0.284,0.352
2010-11-05,22,0.276,0.277
2010-11-05,23,0.361,0.364
2010-11-05,24,0.359,0.363
2010-11-06,1,0.36,0.362
2010-11-06,2,0.36,0.362
2010-11-06,3,0.282,0.323
2010-11-06,4,0.282,0.315
2010-11-06,5,0.362,0.365
2010-11-06,6,0.361,0.363
2010-11-06,7,0.359,0.496
2010-11-06,8,0.276,0.427
2010-11-06,9,0.274,0.296
2010-11-06,10,0.345,0.353
2010-11-06,11,0.34,0.343
2010-11-06,12,0.346,0.347
2010-11-06,13,0.269,0.343
2010-11-06,14,0.27,0.273
2010-11-06,15,0.348,0.354
2010-11-06,16,0.352,0.354
2010-11-06,17,0.441,0.489
2010-11-06,18,0.353,0.391
2010-11-06,19,0.274,0.346
2010-11-06,20,0.277,0.279
2010-11-06,21,0.352,0.356
2010-11-06,22,0.352,0.355
2010-11-06,23,0.362,0.406
2010-11-06,24,0.349,0.36
2010-11-07,1,0.277,0.28
2010-11-07,2,0.274,0.327
2010-11-07,3,0.356,0.357
2010-11-07,4,0.357,0.358
2010-11-07,5,0.349,0.358
2010-11-07,6,0.3,0.301
2010-11-07,7,0.248,0.364
2010-11-07,8,0.222,0.321
2010-11-07,9,0.292,0.297
2010-11-07,10,0.293,0.295
2010-11-07,11,0.292,0.292
2010-11-07,12,0.252,0.293
2010-11-07,13,0.214,0.216
2010-11-07,14,0.216,0.268
2010-11-07,15,0.295,0.297
2010-11-07,16,0.291,0.293
2010-11-07,17,0.378,0.42
2010-11-07,18,0.256,0.268
2010-11-07,19,0.268,0.547
2010-11-07,20,0.558,1.386
2010-11-07,21,0.362,0.461
2010-11-07,22,0.162,0.355
2010-11-07,23,0.149,0.151
2010-11-07,24,0.07,0.142
2010-11-08,1,0.07,0.071
2010-11-08,2,0.083,0.152
2010-11-08,3,0.147,0.147
2010-11-08,4,0.146,0.146
2010-11-08,5,0.145,0.146
2010-11-08,6,0.068,0.117
2010-11-08,7,0.073,0.203
2010-11-08,8,0.268,0.495
2010-11-08,9,0.118,0.119
2010-11-08,10,0.118,0.118
2010-11-08,11,0.118,0.118
2010-11-08,12,0.116,0.117
2010-11-08,13,0.067,0.115
2010-11-08,14,0.043,0.043
2010-11-08,15,0.042,0.042
2010-11-08,16,0.12,0.127
2010-11-08,17,0.42,1.02
2010-11-08,18,0.339,0.362
2010-11-08,19,0.433,0.798
2010-11-08,20,0.344,0.35
2010-11-08,21,0.264,0.316
2010-11-08,22,0.263,0.278
2010-11-08,23,0.19,0.475
2010-11-08,24,0.147,0.149
2010-11-09,1,0.146,0.149
2010-11-09,2,0.123,0.143
2010-11-09,3,0.067,0.068
2010-11-09,4,0.067,0.067
2010-11-09,5,0.145,0.157
2010-11-09,6,0.143,0.145
2010-11-09,7,0.143,0.29
2010-11-09,8,0.416,0.983
2010-11-09,9,0.042,0.108
2010-11-09,10,0.042,0.042
2010-11-09,11,0.042,0.119
2010-11-09,12,0.12,0.122
2010-11-09,13,0.119,0.12
2010-11-09,14,0.118,0.118
2010-11-09,15,0.043,0.08
2010-11-09,16,0.041,0.042
2010-11-09,17,0.422,0.62
2010-11-09,18,1.165,1.369
2010-11-09,19,0.632,0.718
2010-11-09,20,0.339,0.393
2010-11-09,21,0.319,0.526
2010-11-09,22,0.273,0.364
2010-11-09,23,0.264,0.326
2010-11-09,24,0.207,0.208
2010-11-10,1,0.208,0.208
2010-11-10,2,0.18,0.205
2010-11-10,3,0.127,0.127
2010-11-10,4,0.128,0.128
2010-11-10,5,0.208,0.208
2010-11-10,6,0.205,0.206
2010-11-10,7,0.212,0.344
2010-11-10,8,0.474,0.712
2010-11-10,9,0.041,0.062
2010-11-10,10,0.042,0.042
2010-11-10,11,0.073,0.123
2010-11-10,12,0.119,0.12
2010-11-10,13,0.117,0.118
2010-11-10,14,0.042,0.087
2010-11-10,15,0.042,0.042
2010-11-10,16,0.042,0.123
2010-11-10,17,0.252,0.64
2010-11-10,18,0.38,0.772
2010-11-10,19,0.342,0.39
2010-11-10,20,0.334,0.345
2010-11-10,21,0.424,0.583
2010-11-10,22,0.337,0.584
2010-11-10,23,0.246,0.268
2010-11-10,24,0.072,0.219
2010-11-11,1,0.099,0.151
2010-11-11,2,0.146,0.147
2010-11-11,3,0.145,0.146
2010-11-11,4,0.143,0.148
2010-11-11,5,0.102,0.143
2010-11-11,6,0.067,0.067
2010-11-11,7,0.066,0.206
2010-11-11,8,0.148,0.203
2010-11-11,9,0.143,0.144
2010-11-11,10,0.143,0.711
2010-11-11,11,0.776,3.272
2010-11-11,12,0.118,0.658
2010-11-11,13,0.071,0.117
2010-11-11,14,0.043,0.043
2010-11-11,15,0.042,0.053
2010-11-11,16,0.248,0.316
2010-11-11,17,0.362,0.402
2010-11-11,18,0.442,0.501
2010-11-11,19,0.343,0.372
2010-11-11,20,0.342,0.343
2010-11-11,21,0.283,0.407
2010-11-11,22,0.239,0.538
2010-11-11,23,0.146,0.16
2010-11-11,24,0.146,0.149
2010-11-12,1,0.147,0.147
2010-11-12,2,0.128,0.144
2010-11-12,3,0.068,0.068
2010-11-12,4,0.068,0.068
2010-11-12,5,0.141,0.146
2010-11-12,6,0.144,0.145
2010-11-12,7,0.143,0.277
2010-11-12,8,0.306,0.599
2010-11-12,9,0.042,0.092
2010-11-12,10,0.042,0.042
2010-11-12,11,0.055,0.125
2010-11-12,12,0.119,0.12
2010-11-12,13,0.119,0.119
2010-11-12,14,0.118,0.118
2010-11-12,15,0.1,0.118
2010-11-12,16,0.042,0.043
2010-11-12,17,0.417,0.52
2010-11-12,18,0.331,0.993
2010-11-12,19,1.23,1.779
2010-11-12,20,0.333,0.344
2010-11-12,21,0.605,0.908
2010-11-12,22,0.338,0.633
2010-11-12,23,0.315,0.433
2010-11-12,24,0.199,0.305
2010-11-13,1,0.17,0.195
2010-11-13,2,0.148,0.15
2010-11-13,3,0.146,0.148
2010-11-13,4,0.144,0.145
2010-11-13,5,0.07,0.143
2010-11-13,6,0.068,0.068
2010-11-13,7,0.068,0.231
2010-11-13,8,0.145,0.246
2010-11-13,9,0.142,0.143
2010-11-13,10,0.142,0.28
2010-11-13,11,0.366,0.963
2010-11-13,12,0.144,0.503
2010-11-13,13,0.042,0.046
2010-11-13,14,0.042,0.103
2010-11-13,15,0.118,0.119
2010-11-13,16,0.121,0.43
2010-11-13,17,0.436,0.47
2010-11-13,18,0.354,0.492
2010-11-13,19,0.35,0.352
2010-11-13,20,0.353,0.358
2010-11-13,21,0.419,0.542
2010-11-13,22,0.535,1.082
2010-11-13,23,0.368,0.381
2010-11-13,24,0.349,0.35
2010-11-14,1,0.146,0.183
2010-11-14,2,0.143,0.145
2010-11-14,3,0.144,0.145
2010-11-14,4,0.143,0.143
2010-11-14,5,0.068,0.09
2010-11-14,6,0.068,0.068
2010-11-14,7,0.068,0.208
2010-11-14,8,0.149,0.204
2010-11-14,9,0.145,0.146
2010-11-14,10,0.142,0.42
2010-11-14,11,0.444,1.608
2010-11-14,12,0.116,0.166
2010-11-14,13,0.078,0.115
2010-11-14,14,0.042,0.042
2010-11-14,15,0.042,0.043
2010-11-14,16,0.052,0.439
2010-11-14,17,0.413,0.555
2010-11-14,18,0.348,0.351
2010-11-14,19,0.339,0.512
2010-11-14,20,0.337,0.34
2010-11-14,21,0.368,0.62
2010-11-14,22,0.335,0.586
2010-11-14,23,0.076,0.2
2010-11-14,24,0.068,0.07
2010-11-15,1,0.07,0.07
2010-11-15,2,0.147,0.147
2010-11-15,3,0.145,0.145
2010-11-15,4,0.144,0.145
2010-11-15,5,0.143,0.144
2010-11-15,6,0.134,0.142
2010-11-15,7,0.067,0.204
2010-11-15,8,0.324,0.616
2010-11-15,9,0.042,0.073
2010-11-15,10,0.121,0.123
2010-11-15,11,0.117,0.12
2010-11-15,12,0.117,0.118
2010-11-15,13,0.117,0.117
2010-11-15,14,0.094,0.118
2010-11-15,15,0.042,0.043
2010-11-15,16,0.042,0.042
2010-11-15,17,0.434,0.604
2010-11-15,18,0.339,0.57
2010-11-15,19,0.361,0.364
2010-11-15,20,0.338,0.617
2010-11-15,21,0.331,0.339
2010-11-15,22,0.337,0.344
2010-11-15,23,0.101,0.579
2010-11-15,24,0.067,0.071
2010-11-16,1,0.068,0.068
2010-11-16,2,0.068,0.143
2010-11-16,3,0.146,0.148
2010-11-16,4,0.144,0.145
2010-11-16,5,0.143,0.145
2010-11-16,6,0.142,0.143
2010-11-16,7,0.141,0.227
2010-11-16,8,0.347,0.589
2010-11-16,9,0.041,0.042
2010-11-16,10,0.043,0.074
2010-11-16,11,0.119,0.123
2010-11-16,12,0.118,0.118
2010-11-16,13,0.117,0.118
2010-11-16,14,0.117,0.117
2010-11-16,15,0.053,0.115
2010-11-16,16,0.042,0.043
2010-11-16,17,0.175,1.947
2010-11-16,18,0.424,0.963
2010-11-16,19,0.364,0.568
2010-11-16,20,0.691,0.863
2010-11-16,21,0.342,0.375
2010-11-16,22,0.336,0.606
2010-11-16,23,0.218,0.371
2010-11-16,24,0.07,0.07
2010-11-17,1,0.07,0.071
2010-11-17,2,0.089,0.151
2010-11-17,3,0.145,0.146
2010-11-17,4,0.145,0.145
2010-11-17,5,0.144,0.144
2010-11-17,6,0.143,0.144
2010-11-17,7,0.087,0.217
2010-11-17,8,0.344,0.691
2010-11-17,9,0.057,0.124
2010-11-17,10,0.118,0.12
2010-11-17,11,0.118,0.118
2010-11-17,12,0.117,0.117
2010-11-17,13,0.098,0.116
2010-11-17,14,0.043,0.043
2010-11-17,15,0.042,0.042
2010-11-17,16,0.049,0.125
2010-11-17,17,0.253,0.588
2010-11-17,18,0.339,0.512
2010-11-17,19,0.343,0.63
2010-11-17,20,0.342,0.347
2010-11-17,21,0.353,0.502
2010-11-17,22,0.344,0.661
2010-11-17,23,0.292,0.299
2010-11-17,24,0.134,0.508
2010-11-18,1,0.073,0.152
2010-11-18,2,0.144,0.15
2010-11-18,3,0.143,0.143
2010-11-18,4,0.143,0.143
2010-11-18,5,0.121,0.143
2010-11-18,6,0.066,0.067
2010-11-18,7,0.067,0.202
2010-11-18,8,0.146,0.201
2010-11-18,9,0.156,0.161
2010-11-18,10,0.119,0.353
2010-11-18,11,0.119,0.473
2010-11-18,12,0.194,2.222
2010-11-18,13,0.375,0.598
2010-11-18,14,0.123,0.146
2010-11-18,15,0.339,0.344
2010-11-18,16,0.283,0.37
2010-11-18,17,0.376,1.196
2010-11-18,18,1.756,2.335
2010-11-18,19,0.674,0.872
2010-11-18,20,0.379,0.834
2010-11-18,21,0.336,0.344
2010-11-18,22,0.339,0.637
2010-11-18,23,0.164,0.386
2010-11-18,24,0.149,0.151
2010-11-19,1,0.07,0.094
2010-11-19,2,0.067,0.086
2010-11-19,3,0.147,0.151
2010-11-19,4,0.146,0.146
2010-11-19,5,0.146,0.147
2010-11-19,6,0.145,0.149
2010-11-19,7,0.143,0.254
2010-11-19,8,0.358,0.556
2010-11-19,9,0.043,0.125
2010-11-19,10,0.119,0.12
2010-11-19,11,0.119,0.119
2010-11-19,12,0.119,0.119
2010-11-19,13,0.118,0.119
2010-11-19,14,0.042,0.079
2010-11-19,15,0.042,0.042
2010-11-19,16,0.063,0.124
2010-11-19,17,0.454,0.772
2010-11-19,18,0.346,0.426
2010-11-19,19,0.349,0.374
2010-11-19,20,0.342,0.601
2010-11-19,21,0.34,0.569
2010-11-19,22,0.345,0.601
2010-11-19,23,0.337,0.338
2010-11-19,24,0.262,0.467
2010-11-20,1,0.102,0.29
2010-11-20,2,0.11,0.149
2010-11-20,3,0.144,0.146
2010-11-20,4,0.144,0.145
2010-11-20,5,0.144,0.144
2010-11-20,6,0.123,0.144
2010-11-20,7,0.067,0.205
2010-11-20,8,0.067,0.162
2010-11-20,9,0.138,0.145
2010-11-20,10,0.171,0.842
2010-11-20,11,0.499,0.525
2010-11-20,12,0.203,0.259
2010-11-20,13,0.079,0.186
2010-11-20,14,0.04,0.04
2010-11-20,15,0.04,0.08
2010-11-20,16,0.12,0.264
2010-11-20,17,0.551,0.898
2010-11-20,18,0.582,1.198
2010-11-20,19,0.347,0.364
2010-11-20,20,0.343,0.511
2010-11-20,21,0.376,0.461
2010-11-20,22,0.343,0.356
2010-11-20,23,0.354,0.441
2010-11-20,24,0.342,0.343
2010-11-21,1,0.224,0.347
2010-11-21,2,0.145,0.145
2010-11-21,3,0.126,0.145
2010-11-21,4,0.068,0.071
2010-11-21,5,0.068,0.068
2010-11-21,6,0.075,0.154
2010-11-21,7,0.147,0.284
2010-11-21,8,0.142,0.231
2010-11-21,9,0.143,0.144
2010-11-21,10,0.14,0.418
2010-11-21,11,0.193,1.511
2010-11-21,12,0.042,0.114
2010-11-21,13,0.041,0.041
2010-11-21,14,0.041,0.062
2010-11-21,15,0.12,0.123
2010-11-21,16,0.119,0.308
2010-11-21,17,0.394,0.395
2010-11-21,18,0.339,0.347
2010-11-21,19,0.353,0.59
2010-11-21,20,0.337,0.448
2010-11-21,21,0.276,0.453
2010-11-21,22,0.333,0.351
2010-11-21,23,0.147,0.16
2010-11-21,24,0.147,0.148
2010-11-22,1,0.147,0.148
2010-11-22,2,0.069,0.144
2010-11-22,3,0.068,0.068
2010-11-22,4,0.067,0.067
2010-11-22,5,0.139,0.147
2010-11-22,6,0.143,0.145
2010-11-22,7,0.144,0.279
2010-11-22,8,0.438,0.63
2010-11-22,9,0.083,0.116
2010-11-22,10,0.042,0.042
2010-11-22,11,0.042,0.042
2010-11-22,12,0.091,0.122
2010-11-22,13,0.118,0.118
2010-11-22,14,0.118,0.118
2010-11-22,15,0.116,0.116
2010-11-22,16,0.069,0.117
2010-11-22,17,0.476,0.763
2010-11-22,18,0.265,1.912
2010-11-22,19,0.446,1.179
2010-11-22,20,0.387,0.57
2010-11-22,21,0.336,0.342
2010-11-22,22,0.334,0.337
2010-11-22,23,0.281,0.602
2010-11-22,24,0.073,0.147
2010-11-23,1,0.071,0.072
2010-11-23,2,0.09,0.15
2010-11-23,3,0.146,0.147
2010-11-23,4,0.145,0.146
2010-11-23,5,0.145,0.146
2010-11-23,6,0.089,0.145
2010-11-23,7,0.067,0.205
2010-11-23,8,0.358,0.614
2010-11-23,9,0.118,0.123
2010-11-23,10,0.118,0.118
2010-11-23,11,0.118,0.118
2010-11-23,12,0.116,0.117
2010-11-23,13,0.042,0.08
2010-11-23,14,0.042,0.042
2010-11-23,15,0.042,0.066
2010-11-23,16,0.119,0.124
2010-11-23,17,0.522,0.916
2010-11-23,18,0.364,0.589
2010-11-23,19,0.485,0.913
2010-11-23,20,0.393,0.429
2010-11-23,21,0.346,0.355
2010-11-23,22,0.356,0.395
2010-11-23,23,0.401,0.438
2010-11-23,24,0.164,0.518
2010-11-24,1,0.144,0.154
2010-11-24,2,0.143,0.144
2010-11-24,3,0.136,0.144
2010-11-24,4,0.067,0.067
2010-11-24,5,0.067,0.067
2010-11-24,6,0.139,0.146
2010-11-24,7,0.144,0.278
2010-11-24,8,0.41,0.772
2010-11-24,9,0.117,0.118
2010-11-24,10,0.117,0.117
2010-11-24,11,0.042,0.095
2010-11-24,12,0.042,0.042
2010-11-24,13,0.043,0.103
2010-11-24,14,0.12,0.123
2010-11-24,15,0.119,0.119
2010-11-24,16,0.117,0.118
2010-11-24,17,0.257,0.825
2010-11-24,18,0.341,0.558
2010-11-24,19,0.266,0.267
2010-11-24,20,0.353,0.461
2010-11-24,21,0.35,0.364
2010-11-24,22,0.351,0.359
2010-11-24,23,0.315,0.341
2010-11-24,24,0.145,0.147
2010-11-25,1,0.147,0.147
2010-11-25,2,0.07,0.142
2010-11-25,3,0.067,0.067
2010-11-25,4,0.067,0.067
2010-11-25,5,0.067,0.13
2010-11-25,6,0.145,0.145
2010-11-25,7,0.151,0.316
2010-11-25,8,0.153,0.238
2010-11-25,9,0.14,0.141
2010-11-25,10,0.066,0.067
2010-11-25,11,0.073,0.48
2010-11-25,12,0.067,0.097
2010-11-25,13,0.119,0.123
2010-11-25,14,0.118,0.118
2010-11-25,15,0.117,0.118
2010-11-25,16,0.14,0.503
2010-11-25,17,0.399,1.103
2010-11-25,18,0.35,0.443
2010-11-25,19,0.534,1.382
2010-11-25,20,0.337,0.577
2010-11-25,21,0.427,0.446
2010-11-25,22,0.338,0.587
2010-11-25,23,0.26,0.347
2010-11-25,24,0.085,0.157
2010-11-26,1,0.071,0.072
2010-11-26,2,0.068,0.068
2010-11-26,3,0.073,0.119
2010-11-26,4,0.146,0.148
2010-11-26,5,0.145,0.145
2010-11-26,6,0.143,0.144
2010-11-26,7,0.143,0.285
2010-11-26,8,0.372,0.512
2010-11-26,9,0.044,0.063
2010-11-26,10,0.044,0.044
2010-11-26,11,0.045,0.045
2010-11-26,12,0.062,0.126
2010-11-26,13,0.119,0.121
2010-11-26,14,0.119,0.119
2010-11-26,15,0.118,0.119
2010-11-26,16,0.11,0.117
2010-11-26,17,0.373,0.701
2010-11-26,18,0.264,1.173
2010-11-26,19,0.365,1.26
2010-11-26,20,0.568,0.637
2010-11-26,21,0.451,1.792
2010-11-26,22,0.367,0.459
2010-11-26,23,0.357,0.569
2010-11-26,24,0.342,0.361
2010-11-27,1,0.145,0.24
2010-11-27,2,0.142,0.144
2010-11-27,3,0.141,0.142
2010-11-27,4,0.068,0.069
2010-11-27,5,0.068,0.068
2010-11-27,6,0.068,0.068
2010-11-27,7,0.09,0.527
2010-11-27,8,0.132,0.349
2010-11-27,9,0.143,0.146
2010-11-27,10,0.142,0.407
2010-11-27,11,0.229,0.454
2010-11-27,12,0.25,0.318
2010-11-27,13,0.115,0.266
2010-11-27,14,0.042,0.043
2010-11-27,15,0.042,0.042
2010-11-27,16,0.042,0.15
2010-11-27,17,0.379,0.635
2010-11-27,18,1.008,2.113
2010-11-27,19,0.451,1.411
2010-11-27,20,0.334,0.361
2010-11-27,21,0.342,0.343
2010-11-27,22,0.324,0.34
2010-11-27,23,0.26,0.284
2010-11-27,24,0.258,0.26
2010-11-28,1,0.394,0.492
2010-11-28,2,0.146,0.151
2010-11-28,3,0.142,0.145
2010-11-28,4,0.143,0.143
2010-11-28,5,0.143,0.143
2010-11-28,6,0.141,0.142
2010-11-28,7,0.143,0.283
2010-11-28,8,0.169,0.24
2010-11-28,9,0.14,0.141
2010-11-28,10,0.139,0.435
2010-11-28,11,0.157,0.479
2010-11-28,12,0.115,0.16
2010-11-28,13,1.075,1.884
2010-11-28,14,0.508,1.058
2010-11-28,15,0.389,0.678
2010-11-28,16,0.253,0.265
2010-11-28,17,0.534,1.211
2010-11-28,18,0.418,0.917
2010-11-28,19,0.388,0.766
2010-11-28,20,0.335,0.336
2010-11-28,21,0.335,0.337
2010-11-28,22,0.343,0.362
2010-11-28,23,0.335,0.543
2010-11-28,24,0.334,0.338
2010-11-29,1,0.095,0.27
2010-11-29,2,0.067,0.068
2010-11-29,3,0.067,0.067
2010-11-29,4,0.067,0.068
2010-11-29,5,0.084,0.15
2010-11-29,6,0.144,0.146
2010-11-29,7,0.143,0.279
2010-11-29,8,0.14,0.239
2010-11-29,9,0.141,0.149
2010-11-29,10,0.139,0.255
2010-11-29,11,0.211,0.654
2010-11-29,12,0.041,0.042
2010-11-29,13,0.042,0.042
2010-11-29,14,0.042,0.042
2010-11-29,15,0.067,0.193
2010-11-29,16,0.168,0.248
2010-11-29,17,0.569,0.631
2010-11-29,18,0.33,0.526
2010-11-29,19,0.382,0.685
2010-11-29,20,0.372,0.384
2010-11-29,21,0.343,0.36
2010-11-29,22,0.341,0.692
2010-11-29,23,0.339,0.34
2010-11-29,24,0.267,0.346
2010-11-30,1,0.072,0.146
2010-11-30,2,0.07,0.071
2010-11-30,3,0.068,0.068
2010-11-30,4,0.068,0.068
2010-11-30,5,0.066,0.078
2010-11-30,6,0.146,0.153
2010-11-30,7,0.145,0.28
2010-11-30,8,0.178,0.236
2010-11-30,9,0.141,0.146
2010-11-30,10,0.141,0.141
2010-11-30,11,0.117,0.536
2010-11-30,12,0.043,0.105
2010-11-30,13,0.043,0.043
2010-11-30,14,0.043,0.281
2010-11-30,15,0.321,0.467
2010-11-30,16,0.142,0.172
2010-11-30,17,0.412,1.114
2010-11-30,18,0.371,0.405
2010-11-30,19,0.339,0.342
2010-11-30,20,0.33,0.336
2010-11-30,21,0.449,0.686
2010-11-30,22,0.455,0.63
2010-11-30,23,0.37,0.443
2010-11-30,24,0.225,0.265
2010-12-01,1,0.071,0.071
2010-12-01,2,0.067,0.069
2010-12-01,3,0.066,0.068
2010-12-01,4,0.089,0.151
2010-12-01,5,0.146,0.156
2010-12-01,6,0.144,0.411
2010-12-01,7,0.145,0.278
2010-12-01,8,0.14,0.242
2010-12-01,9,0.14,0.142
2010-12-01,10,0.09,0.14
2010-12-01,11,0.408,0.526
2010-12-01,12,0.189,0.234
2010-12-01,13,0.042,0.042
2010-12-01,14,0.088,0.574
2010-12-01,15,0.309,0.532
2010-12-01,16,0.244,0.258
2010-12-01,17,0.37,0.624
2010-12-01,18,0.33,0.391
2010-12-01,19,0.333,0.336
2010-12-01,20,0.344,0.403
2010-12-01,21,0.314,0.386
2010-12-01,22,0.26,0.381
2010-12-01,23,0.34,0.353
2010-12-01,24,0.264,0.265
2010-12-02,1,0.071,0.126
2010-12-02,2,0.08,0.154
2010-12-02,3,0.146,0.148
2010-12-02,4,0.146,0.146
2010-12-02,5,0.144,0.145
2010-12-02,6,0.142,0.144
2010-12-02,7,0.143,0.257
2010-12-02,8,0.067,0.167
2010-12-02,9,0.067,0.067
2010-12-02,10,0.155,0.458
2010-12-02,11,0.042,0.042
2010-12-02,12,0.041,0.106
2010-12-02,13,0.12,0.297
2010-12-02,14,0.118,0.118
2010-12-02,15,0.118,0.169
2010-12-02,16,0.236,0.329
2010-12-02,17,0.351,0.377
2010-12-02,18,0.202,0.414
2010-12-02,19,0.265,1.124
2010-12-02,20,0.282,0.409
2010-12-02,21,0.279,0.359
2010-12-02,22,0.358,0.363
2010-12-02,23,0.375,0.96
2010-12-02,24,0.34,0.343
2010-12-03,1,0.147,0.184
2010-12-03,2,0.128,0.143
2010-12-03,3,0.067,0.067
2010-12-03,4,0.066,0.067
2010-12-03,5,0.067,0.067
2010-12-03,6,0.067,0.067
2010-12-03,7,0.067,0.209
2010-12-03,8,0.066,0.169
2010-12-03,9,0.149,0.152
2010-12-03,10,0.154,0.375
2010-12-03,11,0.523,0.633
2010-12-03,12,0.212,1.141
2010-12-03,13,0.389,0.72
2010-12-03,14,0.118,0.119
2010-12-03,15,0.063,0.21
2010-12-03,16,0.351,0.559
2010-12-03,17,0.327,0.336
2010-12-03,18,0.269,0.282
2010-12-03,19,0.267,1.743
2010-12-03,20,0.365,0.908
2010-12-03,21,0.367,0.739
2010-12-03,22,0.338,0.652
2010-12-03,23,0.339,0.438
2010-12-03,24,0.331,0.338
2010-12-04,1,0.101,0.164
2010-12-04,2,0.067,0.068
2010-12-04,3,0.068,0.069
2010-12-04,4,0.068,0.068
2010-12-04,5,0.068,0.068
2010-12-04,6,0.068,0.068
2010-12-04,7,0.124,0.29
2010-12-04,8,0.146,0.25
2010-12-04,9,0.144,0.145
2010-12-04,10,0.134,0.515
2010-12-04,11,0.116,0.218
2010-12-04,12,0.115,0.115
2010-12-04,13,0.042,0.148
2010-12-04,14,0.043,0.068
2010-12-04,15,0.079,0.125
2010-12-04,16,0.122,0.123
2010-12-04,17,0.248,0.329
2010-12-04,18,0.337,0.522
2010-12-04,19,0.333,0.34
2010-12-04,20,0.334,0.569
2010-12-04,21,0.337,0.518
2010-12-04,22,0.344,0.365
2010-12-04,23,0.31,0.62
2010-12-04,24,0.264,0.269
2010-12-05,1,0.147,0.265
2010-12-05,2,0.071,0.071
2010-12-05,3,0.067,0.068
2010-12-05,4,0.067,0.067
2010-12-05,5,0.067,0.135
2010-12-05,6,0.147,0.149
2010-12-05,7,0.146,0.284
2010-12-05,8,0.179,0.259
2010-12-05,9,0.144,0.151
2010-12-05,10,0.14,0.14
2010-12-05,11,0.367,0.382
2010-12-05,12,0.087,0.115
2010-12-05,13,0.042,0.156
2010-12-05,14,0.041,0.042
2010-12-05,15,0.042,0.042
2010-12-05,16,0.041,0.043
2010-12-05,17,0.174,0.39
2010-12-05,18,0.445,1.187
2010-12-05,19,0.425,1.352
2010-12-05,20,0.347,0.568
2010-12-05,21,0.347,0.384
2010-12-05,22,0.35,0.704
2010-12-05,23,0.35,0.355
2010-12-05,24,0.303,0.337
2010-12-06,1,0.071,0.071
2010-12-06,2,0.068,0.069
2010-12-06,3,0.067,0.067
2010-12-06,4,0.067,0.067
2010-12-06,5,0.067,0.067
2010-12-06,6,0.067,0.067
2010-12-06,7,0.068,0.206
2010-12-06,8,0.164,0.226
2010-12-06,9,0.145,0.18
2010-12-06,10,0.286,0.671
2010-12-06,11,0.24,0.472
2010-12-06,12,0.116,0.117
2010-12-06,13,0.114,0.115
2010-12-06,14,0.075,0.116
2010-12-06,15,0.042,0.043
2010-12-06,16,0.043,0.073
2010-12-06,17,0.514,0.56
2010-12-06,18,0.258,0.264
2010-12-06,19,0.394,0.407
2010-12-06,20,0.3,0.351
2010-12-06,21,0.344,0.814
2010-12-06,22,0.34,0.342
2010-12-06,23,0.336,0.469
2010-12-06,24,0.334,0.35
2010-12-07,1,0.146,0.27
2010-12-07,2,0.071,0.144
2010-12-07,3,0.068,0.069
2010-12-07,4,0.068,0.069
2010-12-07,5,0.069,0.069
2010-12-07,6,0.068,0.069
2010-12-07,7,0.074,0.205
2010-12-07,8,0.067,0.165
2010-12-07,9,0.14,0.147
2010-12-07,10,0.41,0.714
2010-12-07,11,0.117,0.19
2010-12-07,12,0.116,0.117
2010-12-07,13,0.116,0.116
2010-12-07,14,0.115,0.116
2010-12-07,15,0.046,0.072
2010-12-07,16,0.226,0.341
2010-12-07,17,0.325,0.332
2010-12-07,18,0.266,0.266
2010-12-07,19,0.269,0.311
2010-12-07,20,0.395,0.418
2010-12-07,21,0.347,0.369
2010-12-07,22,0.34,0.423
2010-12-07,23,0.334,0.377
2010-12-07,24,0.331,0.335
2010-12-08,1,0.071,0.228
2010-12-08,2,0.071,0.071
2010-12-08,3,0.068,0.069
2010-12-08,4,0.068,0.068
2010-12-08,5,0.068,0.068
2010-12-08,6,0.068,0.068
2010-12-08,7,0.069,0.293
2010-12-08,8,0.152,0.199
2010-12-08,9,0.147,0.147
2010-12-08,10,0.239,0.729
2010-12-08,11,0.116,0.118
2010-12-08,12,0.116,0.117
2010-12-08,13,0.114,0.115
2010-12-08,14,0.042,0.079
2010-12-08,15,0.042,0.061
2010-12-08,16,0.155,0.376
2010-12-08,17,0.335,0.499
2010-12-08,18,0.26,0.264
2010-12-08,19,0.297,0.298
2010-12-08,20,0.303,0.352
2010-12-08,21,0.352,0.359
2010-12-08,22,0.339,0.347
2010-12-08,23,0.282,0.309
2010-12-08,24,0.283,0.717
2010-12-09,1,0.255,0.424
2010-12-09,2,0.071,0.117
2010-12-09,3,0.068,0.068
2010-12-09,4,0.068,0.069
2010-12-09,5,0.068,0.068
2010-12-09,6,0.068,0.068
2010-12-09,7,0.07,0.206
2010-12-09,8,0.078,0.165
2010-12-09,9,0.145,0.151
2010-12-09,10,0.143,0.144
2010-12-09,11,0.497,0.639
2010-12-09,12,0.117,0.118
2010-12-09,13,0.151,0.324
2010-12-09,14,0.116,0.167
2010-12-09,15,0.042,0.076
2010-12-09,16,0.042,0.043
2010-12-09,17,0.138,0.168
2010-12-09,18,0.042,0.048
2010-12-09,19,0.375,0.779
2010-12-09,20,0.343,0.358
2010-12-09,21,0.334,0.334
2010-12-09,22,0.332,0.335
2010-12-09,23,0.346,0.531
2010-12-09,24,0.313,0.342
2010-12-10,1,0.07,0.102
2010-12-10,2,0.067,0.069
2010-12-10,3,0.068,0.068
2010-12-10,4,0.068,0.068
2010-12-10,5,0.068,0.068
2010-12-10,6,0.068,0.068
2010-12-10,7,0.068,0.319
2010-12-10,8,0.146,0.244
2010-12-10,9,0.144,0.147
2010-12-10,10,0.148,0.335
2010-12-10,11,0.13,0.482
2010-12-10,12,0.115,0.115
2010-12-10,13,0.042,0.065
2010-12-10,14,0.042,0.042
2010-12-10,15,0.146,0.185
2010-12-10,16,0.292,0.336
2010-12-10,17,0.437,0.604
2010-12-10,18,0.332,0.337
2010-12-10,19,0.339,0.931
2010-12-10,20,0.335,0.341
2010-12-10,21,0.332,0.401
2010-12-10,22,0.361,0.362
2010-12-10,23,0.337,0.355
2010-12-10,24,0.263,0.29
2010-12-11,1,0.073,0.283
2010-12-11,2,0.068,0.068
2010-12-11,3,0.068,0.068
2010-12-11,4,0.068,0.068
2010-12-11,5,0.118,0.149
2010-12-11,6,0.147,0.148
2010-12-11,7,0.146,0.283
2010-12-11,8,0.152,0.261
2010-12-11,9,0.142,0.142
2010-12-11,10,0.14,0.179
2010-12-11,11,0.571,0.573
2010-12-11,12,0.043,1.091
2010-12-11,13,0.042,0.232
2010-12-11,14,0.046,0.136
2010-12-11,15,0.039,0.042
2010-12-11,16,0.039,0.04
2010-12-11,17,0.462,0.707
2010-12-11,18,0.917,1.062
2010-12-11,19,0.887,3.523
2010-12-11,20,0.757,1.662
2010-12-11,21,0.527,1.016
2010-12-11,22,0.424,0.489
2010-12-11,23,0.412,0.419
2010-12-11,24,0.442,0.684
2010-12-12,1,0.334,0.461
2010-12-12,2,0.147,0.207
2010-12-12,3,0.144,0.146
2010-12-12,4,0.144,0.144
2010-12-12,5,0.142,0.142
2010-12-12,6,0.14,0.14
2010-12-12,7,0.141,0.291
2010-12-12,8,0.139,0.237
2010-12-12,9,0.067,0.116
2010-12-12,10,0.224,0.29
2010-12-12,11,0.064,0.163
2010-12-12,12,0.064,0.065
2010-12-12,13,0.177,2.296
2010-12-12,14,0.815,2.606
2010-12-12,15,0.344,0.452
2010-12-12,16,0.353,0.355
2010-12-12,17,0.419,0.461
2010-12-12,18,0.319,0.321
2010-12-12,19,0.319,0.419
2010-12-12,20,0.947,1.358
2010-12-12,21,1.141,1.195
2010-12-12,22,0.342,0.795
2010-12-12,23,0.169,0.348
2010-12-12,24,0.146,0.15
2010-12-13,1,0.144,0.145
2010-12-13,2,0.135,0.144
2010-12-13,3,0.068,0.068
2010-12-13,4,0.068,0.068
2010-12-13,5,0.068,0.068
2010-12-13,6,0.068,0.083
2010-12-13,7,0.156,0.3
2010-12-13,8,0.374,0.679
2010-12-13,9,0.118,0.118
2010-12-13,10,0.116,0.117
2010-12-13,11,0.115,0.117
2010-12-13,12,0.041,0.108
2010-12-13,13,0.042,0.043
2010-12-13,14,0.043,0.043
2010-12-13,15,0.042,0.042
2010-12-13,16,0.042,0.097
2010-12-13,17,0.254,0.462
2010-12-13,18,0.432,1.067
2010-12-13,19,0.376,0.415
2010-12-13,20,0.338,0.71
2010-12-13,21,0.333,0.345
2010-12-13,22,0.341,0.341
2010-12-13,23,0.273,0.301
2010-12-13,24,0.617,0.76
2010-12-14,1,0.07,0.112
2010-12-14,2,0.07,0.07
2010-12-14,3,0.142,0.148
2010-12-14,4,0.146,0.147
2010-12-14,5,0.144,0.156
2010-12-14,6,0.143,0.143
2010-12-14,7,0.159,0.272
2010-12-14,8,0.311,0.567
2010-12-14,9,0.07,0.07
2010-12-14,10,0.07,0.071
2010-12-14,11,0.063,0.069
2010-12-14,12,0.12,0.124
2010-12-14,13,0.119,0.12
2010-12-14,14,0.119,0.119
2010-12-14,15,0.117,0.117
2010-12-14,16,0.08,0.116
2010-12-14,17,0.13,0.177
2010-12-14,18,0.722,1.596
2010-12-14,19,0.355,0.605
2010-12-14,20,0.359,0.373
2010-12-14,21,0.374,0.468
2010-12-14,22,0.341,0.516
2010-12-14,23,0.146,0.152
2010-12-14,24,0.07,0.119
2010-12-15,1,0.071,0.071
2010-12-15,2,0.067,0.068
2010-12-15,3,0.067,0.068
2010-12-15,4,0.068,0.068
2010-12-15,5,0.071,0.154
2010-12-15,6,0.145,0.147
2010-12-15,7,0.144,0.303
2010-12-15,8,0.421,0.814
2010-12-15,9,0.146,0.147
2010-12-15,10,0.141,0.147
2010-12-15,11,0.072,0.072
2010-12-15,12,0.072,0.072
2010-12-15,13,0.071,0.072
2010-12-15,14,0.072,0.073
2010-12-15,15,0.072,0.073
2010-12-15,16,0.133,0.152
2010-12-15,17,0.246,0.284
2010-12-15,18,0.293,0.846
2010-12-15,19,0.382,0.817
2010-12-15,20,0.35,0.437
2010-12-15,21,0.338,0.346
2010-12-15,22,0.264,0.306
2010-12-15,23,0.197,0.227
2010-12-15,24,0.294,0.537
2010-12-16,1,0.129,0.132
2010-12-16,2,0.204,0.213
2010-12-16,3,0.204,0.204
2010-12-16,4,0.204,0.204
2010-12-16,5,0.203,0.203
2010-12-16,6,0.187,0.203
2010-12-16,7,0.126,0.263
2010-12-16,8,0.355,0.643
2010-12-16,9,0.07,0.07
2010-12-16,10,0.097,0.152
2010-12-16,11,0.149,0.15
2010-12-16,12,0.146,0.148
2010-12-16,13,0.147,0.148
2010-12-16,14,0.072,0.147
2010-12-16,15,0.071,0.072
2010-12-16,16,0.072,0.073
2010-12-16,17,0.162,0.206
2010-12-16,18,0.442,1.109
2010-12-16,19,0.399,0.546
2010-12-16,20,0.437,0.831
2010-12-16,21,0.352,0.884
2010-12-16,22,0.334,0.339
2010-12-16,23,0.334,0.336
2010-12-16,24,0.333,0.359
2010-12-17,1,0.15,0.274
2010-12-17,2,0.143,0.143
2010-12-17,3,0.1,0.143
2010-12-17,4,0.068,0.068
2010-12-17,5,0.067,0.068
2010-12-17,6,0.068,0.068
2010-12-17,7,0.078,0.202
2010-12-17,8,0.072,0.206
2010-12-17,9,0.144,0.15
2010-12-17,10,0.141,0.144
2010-12-17,11,0.242,0.619
2010-12-17,12,0.556,0.854
2010-12-17,13,0.116,0.136
2010-12-17,14,0.053,0.117
2010-12-17,15,0.043,0.043
2010-12-17,16,0.042,0.567
2010-12-17,17,0.474,1.081
2010-12-17,18,0.501,0.569
2010-12-17,19,0.462,0.924
2010-12-17,20,0.382,0.404
2010-12-17,21,0.382,0.383
2010-12-17,22,0.417,0.635
2010-12-17,23,0.41,0.711
2010-12-17,24,0.264,0.401
2010-12-18,1,0.206,0.207
2010-12-18,2,0.14,0.39
2010-12-18,3,0.068,0.069
2010-12-18,4,0.069,0.069
2010-12-18,5,0.069,0.069
2010-12-18,6,0.069,0.069
2010-12-18,7,0.07,0.212
2010-12-18,8,0.066,0.163
2010-12-18,9,0.067,0.126
2010-12-18,10,0.148,0.208
2010-12-18,11,0.405,0.534
2010-12-18,12,0.217,0.333
2010-12-18,13,0.22,0.26
2010-12-18,14,0.14,0.459
2010-12-18,15,0.116,0.117
2010-12-18,16,0.044,0.075
2010-12-18,17,0.228,0.709
2010-12-18,18,0.305,0.346
2010-12-18,19,0.278,0.282
2010-12-18,20,0.277,0.298
2010-12-18,21,0.357,0.367
2010-12-18,22,0.69,0.729
2010-12-18,23,0.339,0.354
2010-12-18,24,0.297,0.485
2010-12-19,1,0.238,0.322
2010-12-19,2,0.143,0.145
2010-12-19,3,0.142,0.142
2010-12-19,4,0.068,0.075
2010-12-19,5,0.068,0.068
2010-12-19,6,0.068,0.068
2010-12-19,7,0.071,0.215
2010-12-19,8,0.067,0.161
2010-12-19,9,0.067,0.067
2010-12-19,10,0.066,0.331
2010-12-19,11,0.506,0.641
2010-12-19,12,0.12,0.121
2010-12-19,13,0.117,0.118
2010-12-19,14,0.116,0.116
2010-12-19,15,0.13,0.318
2010-12-19,16,0.257,0.378
2010-12-19,17,0.372,0.894
2010-12-19,18,0.343,0.365
2010-12-19,19,0.291,0.992
2010-12-19,20,0.327,0.381
2010-12-19,21,0.279,0.283
2010-12-19,22,0.283,0.334
2010-12-19,23,0.223,0.31
2010-12-19,24,0.21,0.235
2010-12-20,1,0.076,0.189
2010-12-20,2,0.152,0.158
2010-12-20,3,0.146,0.149
2010-12-20,4,0.144,0.145
2010-12-20,5,0.144,0.144
2010-12-20,6,0.142,0.143
2010-12-20,7,0.148,0.282
2010-12-20,8,0.066,0.22
2010-12-20,9,0.066,0.082
2010-12-20,10,0.038,0.04
2010-12-20,11,0.133,1.294
2010-12-20,12,0.043,0.299
2010-12-20,13,0.043,0.043
2010-12-20,14,0.042,0.205
2010-12-20,15,0.041,0.042
2010-12-20,16,0.042,0.044
2010-12-20,17,0.538,0.565
2010-12-20,18,0.431,0.462
2010-12-20,19,0.572,0.655
2010-12-20,20,0.445,0.453
2010-12-20,21,0.411,0.43
2010-12-20,22,0.714,0.756
2010-12-20,23,0.386,0.514
2010-12-20,24,0.338,0.378
2010-12-21,1,0.078,0.209
2010-12-21,2,0.069,0.071
2010-12-21,3,0.068,0.069
2010-12-21,4,0.068,0.068
2010-12-21,5,0.068,0.068
2010-12-21,6,0.068,0.077
2010-12-21,7,0.069,0.205
2010-12-21,8,0.067,0.165
2010-12-21,9,0.067,0.067
2010-12-21,10,0.225,0.515
2010-12-21,11,0.21,0.953
2010-12-21,12,0.123,0.19
2010-12-21,13,0.122,0.156
2010-12-21,14,0.12,0.191
2010-12-21,15,0.118,0.119
2010-12-21,16,0.117,0.118
2010-12-21,17,0.321,0.443
2010-12-21,18,0.463,0.584
2010-12-21,19,1.32,2.032
2010-12-21,20,0.331,0.335
2010-12-21,21,0.33,0.333
2010-12-21,22,0.309,0.313
2010-12-21,23,0.292,0.294
2010-12-21,24,0.255,0.282
2010-12-22,1,0.072,0.084
2010-12-22,2,0.146,0.15
2010-12-22,3,0.147,0.147
2010-12-22,4,0.145,0.146
2010-12-22,5,0.144,0.145
2010-12-22,6,0.143,0.143
2010-12-22,7,0.143,0.279
2010-12-22,8,0.067,0.187
2010-12-22,9,0.318,0.768
2010-12-22,10,0.042,0.043
2010-12-22,11,0.042,0.043
2010-12-22,12,0.231,0.247
2010-12-22,13,0.123,0.369
2010-12-22,14,0.122,0.204
2010-12-22,15,0.12,0.12
2010-12-22,16,0.119,0.199
2010-12-22,17,0.45,0.49
2010-12-22,18,0.404,0.409
2010-12-22,19,0.991,1.134
2010-12-22,20,0.406,0.477
2010-12-22,21,0.363,0.366
2010-12-22,22,0.369,0.396
2010-12-22,23,0.341,0.36
2010-12-22,24,0.326,0.345
2010-12-23,1,0.143,0.145
2010-12-23,2,0.142,0.142
2010-12-23,3,0.08,0.142
2010-12-23,4,0.068,0.069
2010-12-23,5,0.069,0.069
2010-12-23,6,0.068,0.068
2010-12-23,7,0.069,0.213
2010-12-23,8,0.067,0.168
2010-12-23,9,0.31,0.565
2010-12-23,10,0.043,0.043
2010-12-23,11,0.043,0.043
2010-12-23,12,0.042,0.042
2010-12-23,13,0.042,0.043
2010-12-23,14,0.043,0.043
2010-12-23,15,0.042,0.048
2010-12-23,16,0.272,0.439
2010-12-23,17,0.362,0.6
2010-12-23,18,0.412,0.414
2010-12-23,19,0.412,0.476
2010-12-23,20,0.401,0.408
2010-12-23,21,0.553,0.789
2010-12-23,22,0.436,0.437
2010-12-23,23,0.764,1.057
2010-12-23,24,0.371,0.476
2010-12-24,1,0.173,0.256
2010-12-24,2,0.169,0.171
2010-12-24,3,0.167,0.168
2010-12-24,4,0.163,0.163
2010-12-24,5,0.163,0.163
2010-12-24,6,0.163,0.163
2010-12-24,7,0.164,0.308
2010-12-24,8,0.162,0.265
2010-12-24,9,0.162,0.163
2010-12-24,10,0.164,0.165
2010-12-24,11,0.255,0.671
2010-12-24,12,0.044,0.156
2010-12-24,13,0.044,0.304
2010-12-24,14,0.043,0.043
2010-12-24,15,0.043,0.05
2010-12-24,16,0.171,0.291
2010-12-24,17,0.137,0.265
2010-12-24,18,0.334,0.399
2010-12-24,19,0.337,0.358
2010-12-24,20,0.255,0.263
2010-12-24,21,0.254,0.261
2010-12-24,22,0.262,0.263
2010-12-24,23,0.197,0.227
2010-12-24,24,0.315,0.657
2010-12-25,1,0.178,0.391
2010-12-25,2,0.155,0.16
2010-12-25,3,0.152,0.154
2010-12-25,4,0.15,0.151
2010-12-25,5,0.147,0.149
2010-12-25,6,0.146,0.147
2010-12-25,7,0.147,0.286
2010-12-25,8,0.942,1.795
2010-12-25,9,1.742,2.025
2010-12-25,10,1.557,1.726
2010-12-25,11,1.252,1.453
2010-12-25,12,1.225,1.578
2010-12-25,13,1.196,3.901
2010-12-25,14,0.675,2.341
2010-12-25,15,0.216,1.421
2010-12-25,16,0.227,0.287
2010-12-25,17,0.538,0.59
2010-12-25,18,0.34,0.367
2010-12-25,19,0.353,0.396
2010-12-25,20,0.372,0.379
2010-12-25,21,0.382,0.398
2010-12-25,22,0.899,1.102
2010-12-25,23,0.453,0.682
2010-12-25,24,0.323,0.407
2010-12-26,1,0.262,0.266
2010-12-26,2,0.072,0.247
2010-12-26,3,0.071,0.071
2010-12-26,4,0.069,0.071
2010-12-26,5,0.069,0.069
2010-12-26,6,0.068,0.068
2010-12-26,7,0.07,0.206
2010-12-26,8,0.069,0.162
2010-12-26,9,0.067,0.068
2010-12-26,10,0.067,0.126
2010-12-26,11,0.237,0.601
2010-12-26,12,0.107,0.131
2010-12-26,13,0.16,0.319
2010-12-26,14,0.318,0.416
2010-12-26,15,0.23,0.268
2010-12-26,16,0.36,0.498
2010-12-26,17,0.457,0.569
2010-12-26,18,0.348,0.349
2010-12-26,19,0.349,0.353
2010-12-26,20,0.396,0.408
2010-12-26,21,0.285,0.365
2010-12-26,22,0.289,0.578
2010-12-26,23,0.266,0.339
2010-12-26,24,0.267,0.267
2010-12-27,1,0.071,0.159
2010-12-27,2,0.069,0.069
2010-12-27,3,0.069,0.069
2010-12-27,4,0.069,0.069
2010-12-27,5,0.07,0.092
2010-12-27,6,0.069,0.069
2010-12-27,7,0.072,0.279
2010-12-27,8,0.15,0.251
2010-12-27,9,0.148,0.178
2010-12-27,10,0.143,0.153
2010-12-27,11,0.333,0.612
2010-12-27,12,0.504,0.559
2010-12-27,13,0.312,1.181
2010-12-27,14,0.308,0.717
2010-12-27,15,0.23,0.235
2010-12-27,16,0.161,0.173
2010-12-27,17,0.25,0.279
2010-12-27,18,0.157,0.159
2010-12-27,19,0.095,0.122
2010-12-27,20,0.095,0.495
2010-12-27,21,0.365,0.482
2010-12-27,22,0.366,0.483
2010-12-27,23,0.299,0.316
2010-12-27,24,0.25,0.251
2010-12-28,1,0.149,0.189
2010-12-28,2,0.143,0.144
2010-12-28,3,0.076,0.143
2010-12-28,4,0.068,0.075
2010-12-28,5,0.068,0.069
2010-12-28,6,0.069,0.069
2010-12-28,7,0.07,0.213
2010-12-28,8,0.149,0.171
2010-12-28,9,0.147,0.149
2010-12-28,10,0.143,0.145
2010-12-28,11,0.444,0.456
2010-12-28,12,0.723,0.886
2010-12-28,13,0.117,0.117
2010-12-28,14,0.089,0.117
2010-12-28,15,0.043,0.043
2010-12-28,16,0.042,0.044
2010-12-28,17,0.359,0.728
2010-12-28,18,0.364,0.37
2010-12-28,19,0.643,0.829
2010-12-28,20,0.378,0.402
2010-12-28,21,0.37,0.381
2010-12-28,22,0.362,0.388
2010-12-28,23,0.324,0.455
2010-12-28,24,0.256,0.32
2010-12-29,1,0.213,0.247
2010-12-29,2,0.07,0.072
2010-12-29,3,0.068,0.068
2010-12-29,4,0.12,0.151
2010-12-29,5,0.148,0.149
2010-12-29,6,0.147,0.148
2010-12-29,7,0.148,0.282
2010-12-29,8,0.117,0.239
2010-12-29,9,0.068,0.068
2010-12-29,10,0.067,0.093
2010-12-29,11,0.269,0.549
2010-12-29,12,0.121,0.122
2010-12-29,13,0.119,0.12
2010-12-29,14,0.119,0.119
2010-12-29,15,0.118,0.119
2010-12-29,16,0.118,0.27
2010-12-29,17,0.332,0.363
2010-12-29,18,0.294,1.683
2010-12-29,19,0.345,0.734
2010-12-29,20,0.32,0.374
2010-12-29,21,0.325,0.336
2010-12-29,22,0.32,0.578
2010-12-29,23,0.32,0.398
2010-12-29,24,0.217,0.308
2010-12-30,1,0.073,0.075
2010-12-30,2,0.069,0.069
2010-12-30,3,0.069,0.073
2010-12-30,4,0.15,0.155
2010-12-30,5,0.147,0.148
2010-12-30,6,0.146,0.147
2010-12-30,7,0.147,0.279
2010-12-30,8,0.069,0.218
2010-12-30,9,0.116,0.547
2010-12-30,10,0.118,0.191
2010-12-30,11,0.119,0.12
2010-12-30,12,0.119,0.137
2010-12-30,13,0.119,0.119
2010-12-30,14,0.116,0.117
2010-12-30,15,0.043,0.115
2010-12-30,16,0.084,0.37
2010-12-30,17,0.367,0.412
2010-12-30,18,0.381,0.388
2010-12-30,19,0.378,0.586
2010-12-30,20,0.411,0.519
2010-12-30,21,0.373,0.46
2010-12-30,22,0.382,0.468
2010-12-30,23,0.324,0.33
2010-12-30,24,0.253,0.253
2010-12-31,1,0.073,0.16
2010-12-31,2,0.067,0.069
2010-12-31,3,0.128,0.149
2010-12-31,4,0.146,0.147
2010-12-31,5,0.146,0.146
2010-12-31,6,0.144,0.15
2010-12-31,7,0.145,0.28
2010-12-31,8,0.067,0.21
2010-12-31,9,0.068,0.076
2010-12-31,10,0.1,0.605
2010-12-31,11,0.121,0.67
2010-12-31,12,0.119,0.121
2010-12-31,13,0.12,0.12
2010-12-31,14,0.119,0.119
2010-12-31,15,0.055,0.118
2010-12-31,16,0.179,0.312
2010-12-31,17,0.32,0.437
2010-12-31,18,0.375,0.379
2010-12-31,19,0.461,0.493
2010-12-31,20,0.347,0.382
2010-12-31,21,0.315,0.343
2010-12-31,22,0.321,0.324
2010-12-31,23,0.246,0.281
2010-12-31,24,0.175,0.205
